0, 2, 21
2, 102382, 5652338, 6662246
1, 102382, 6242216, 7252446
1, 2, 21
2, 111034, 6662246, 7663521
1, 111034, 7252446, 8253521
2, 2, 21
2, 112476, 7663521, 8676671
1, 112476, 8253521, 9266710
3, 2, 21
2, 109592, 8676671, 15778003
1, 109592, 9266710, 16368025
4, 2, 21
2, 112476, 15778003, 16778808
1, 112476, 16368025, 17368086
5, 2, 21
2, 128338, 16778808, 17781114
1, 111034, 17368086, 18371187
6, 1, 21
3, 141316, 17095769, 18096305
7, 2, 21
2, 243723, 17781114, 18798565
1, 113918, 18371187, 19388577
8, 1, 21
3, 138432, 18096305, 19103531
9, 1, 21
2, 274005, 18798565, 19802378
10, 1, 21
1, 100940, 19388577, 20400566
11, 1, 21
4, 151410, 18499875, 19502639
12, 1, 21
3, 149968, 19103531, 20109502
13, 1, 21
2, 408161, 19802378, 20805906
14, 1, 21
1, 111034, 20400566, 21408252
15, 1, 21
4, 112476, 19502639, 20505231
16, 1, 21
3, 118244, 20109502, 21116777
17, 1, 21
2, 311547, 20805906, 21810262
18, 1, 21
1, 96614, 21408252, 22408892
19, 1, 21
4, 142758, 20505231, 21505666
20, 1, 21
2, 387948, 21810262, 22812258
21, 1, 21
1, 109592, 22408892, 23420293
22, 1, 21
4, 125454, 21505666, 22555672
23, 1, 21
2, 204814, 22812258, 23815054
24, 1, 21
1, 90846, 23420293, 24453640
25, 1, 21
4, 126896, 22555672, 23556145
26, 1, 21
2, 227886, 23815054, 24817417
27, 1, 21
1, 157178, 24453640, 25954207
28, 1, 21
4, 148526, 23556145, 24565119
29, 1, 21
2, 263936, 24817417, 25818658
30, 1, 21
1, 118244, 25954207, 26960731
31, 1, 21
4, 154294, 24565119, 25570561
32, 1, 21
2, 399484, 25818658, 27321675
33, 1, 21
4, 147084, 25570561, 26571028
34, 1, 21
3, 139874, 21116777, 28036398
35, 1, 21
1, 262444, 26960731, 29220854
36, 1, 21
4, 144200, 26571028, 27571631
37, 1, 21
2, 429816, 27321675, 28837182
38, 1, 21
3, 134106, 28036398, 29046464
39, 1, 21
2, 374945, 28837182, 29839280
40, 1, 21
1, 132664, 29220854, 30486124
41, 1, 21
4, 207648, 27571631, 29072182
42, 1, 21
3, 148526, 29046464, 30053657
43, 1, 21
1, 118244, 30486124, 31491036
44, 1, 21
2, 527872, 29839280, 31342450
45, 1, 21
3, 149968, 30053657, 31061147
46, 1, 21
2, 266795, 31342450, 32346760
47, 1, 21
1, 177366, 31491036, 32991281
48, 1, 21
3, 148526, 31061147, 32063362
49, 2, 21
2, 279798, 32346760, 33916661
1, 134106, 32991281, 34506409
50, 1, 21
2, 66332, 33916661, 34924013
51, 1, 21
1, 106708, 34506409, 36015382
52, 1, 21
3, 96614, 32063362, 34963451
53, 1, 21
2, 230770, 34924013, 35924991
54, 1, 21
1, 105266, 36015382, 37018848
55, 1, 21
3, 250908, 34963451, 35967016
56, 1, 21
2, 323058, 35924991, 36929491
57, 1, 21
3, 325892, 35967016, 36968334
58, 1, 21
2, 442719, 36929491, 37929859
59, 1, 21
1, 154294, 37018848, 38529692
60, 1, 21
3, 302820, 36968334, 37969896
61, 1, 21
2, 294218, 37929859, 38945817
62, 1, 21
1, 157178, 38529692, 40046809
63, 1, 21
2, 95197, 38945817, 39957593
64, 1, 21
1, 105266, 40046809, 41049552
65, 1, 21
3, 2884, 37969896, 40195290
66, 1, 21
2, 170206, 39957593, 40957763
67, 1, 21
1, 92288, 41049552, 42054352
68, 1, 21
3, 294168, 40195290, 41198746
69, 1, 21
2, 396600, 40957763, 41958385
70, 1, 21
1, 170156, 42054352, 43564366
71, 1, 21
3, 464324, 41198746, 42699024
72, 1, 21
2, 628762, 41958385, 43461604
73, 1, 21
2, 200438, 43461604, 44467076
74, 1, 21
1, 204764, 43564366, 45620521
75, 1, 21
2, 85103, 44467076, 45474116
76, 1, 21
1, 77868, 45620521, 46631059
77, 1, 21
2, 148551, 45474116, 46976533
78, 1, 21
1, 115360, 46631059, 47640201
79, 1, 21
2, 118269, 46976533, 47980370
80, 1, 21
1, 165830, 47640201, 49150315
81, 1, 21
1, 85078, 49150315, 50150415
82, 1, 21
1, 128338, 50150415, 51662184
83, 1, 21
1, 119686, 51662184, 52673812
84, 1, 21
3, 160062, 42699024, 52960686
85, 1, 21
1, 175924, 52673812, 54173882
86, 1, 21
2, 793250, 47980370, 54057094
87, 1, 21
3, 341754, 52960686, 53962513
88, 1, 21
2, 480211, 54057094, 55057398
89, 1, 21
3, 529214, 53962513, 55465516
90, 1, 21
2, 460023, 55057398, 56060870
91, 1, 21
2, 689276, 56060870, 57564110
92, 1, 21
2, 458556, 57564110, 58565848
93, 1, 21
2, 112476, 58565848, 59572933
94, 1, 21
2, 112476, 59572933, 60581323
95, 1, 21
2, 252350, 60581323, 62832685
96, 1, 21
1, 1143506, 54173882, 64182669
