0, 2, 21
2, 72100, 5591949, 6338794
1, 72104, 6193517, 6940153
1, 2, 21
2, 144200, 6338794, 7633782
1, 144204, 6940153, 8235057
2, 2, 21
2, 144200, 7633782, 8922257
1, 144204, 8235057, 9523752
3, 2, 21
2, 217742, 8922257, 16984256
1, 217746, 9523752, 17585822
4, 2, 21
2, 74984, 16984256, 17643025
1, 72104, 17585822, 18244075
5, 2, 21
2, 80752, 17643025, 17957047
1, 36054, 18244075, 18554412
6, 2, 21
2, 41818, 17957047, 18113475
1, 18750, 18554412, 18714974
7, 2, 21
2, 23072, 18113475, 18201952
1, 10098, 18714974, 18802721
8, 2, 21
2, 333102, 18201952, 19605152
1, 144204, 18802721, 20205688
9, 2, 21
2, 269654, 19605152, 20269683
1, 72104, 20205688, 20871243
10, 2, 21
2, 134106, 20269683, 20591017
1, 36054, 20871243, 21192561
11, 2, 21
2, 69216, 20591017, 20759499
1, 18750, 21192561, 21360946
12, 2, 21
2, 498932, 20759499, 22210022
1, 144204, 21360946, 22811315
13, 2, 21
2, 229278, 22210022, 22852451
1, 72104, 22811315, 23453819
14, 2, 21
2, 93730, 22852451, 23293770
1, 36054, 23453819, 23894884
15, 2, 21
2, 41818, 23293770, 23473191
1, 18750, 23894884, 24067656
16, 2, 21
2, 15862, 23473191, 23562181
1, 10098, 24067656, 24163285
17, 2, 21
2, 337428, 23562181, 25047156
1, 144204, 24163285, 25648220
18, 2, 21
2, 327334, 25047156, 26267912
1, 144204, 25648220, 26868919
19, 2, 21
2, 164388, 26267912, 26886097
1, 72104, 26868919, 27487269
20, 2, 21
2, 318682, 26886097, 28130237
1, 144204, 27487269, 28730753
21, 2, 21
2, 426832, 28130237, 29434023
1, 144204, 28730753, 30034972
22, 2, 21
2, 253792, 29434023, 30075605
1, 72104, 30034972, 30674130
23, 2, 21
2, 124012, 30075605, 30383220
1, 36054, 30674130, 30982534
24, 2, 21
2, 382130, 30383220, 31619615
1, 144204, 30982534, 32220692
25, 2, 21
2, 162946, 31619615, 32240917
1, 72104, 32220692, 32841869
26, 2, 21
2, 80752, 32240917, 32549763
1, 36054, 32841869, 33150850
27, 2, 21
2, 255234, 32549763, 34411017
1, 144204, 33150850, 35011636
28, 2, 21
2, 72100, 34411017, 35358935
1, 72104, 35011636, 35960260
29, 2, 21
2, 74984, 35358935, 35665874
1, 36054, 35960260, 36266926
30, 2, 21
2, 77868, 35665874, 35835601
1, 18750, 36266926, 36436888
31, 2, 21
2, 38934, 35835601, 35921778
1, 10098, 36436888, 36522398
32, 2, 21
2, 25956, 35921778, 35970426
1, 5772, 36522398, 36571341
33, 2, 21
2, 543634, 35970426, 37455269
1, 144204, 36571341, 38056106
34, 2, 21
2, 269654, 37455269, 38106472
1, 72104, 38056106, 38707741
35, 2, 21
2, 134106, 38106472, 38433724
1, 36054, 38707741, 39034943
36, 2, 21
2, 183134, 38433724, 39883677
1, 144204, 39034943, 40484995
37, 2, 21
2, 72100, 39883677, 40504927
1, 72104, 40484995, 41106256
38, 2, 21
2, 498932, 40504927, 41956701
1, 144204, 41106256, 42556767
39, 2, 21
2, 265328, 41956701, 42627486
1, 72104, 42556767, 43225445
40, 2, 21
2, 135548, 42627486, 42937017
1, 36054, 43225445, 43537958
41, 2, 21
2, 72100, 42937017, 43098251
1, 18750, 43537958, 43698755
42, 2, 21
2, 359058, 43098251, 44498515
1, 144204, 43698755, 45099553
43, 2, 21
2, 72100, 44498515, 45450843
1, 72104, 45099553, 46051276
44, 2, 21
2, 36050, 45450843, 45903079
1, 36054, 46051276, 46503703
45, 2, 21
2, 144200, 45903079, 47162951
1, 144204, 46503703, 47764175
46, 2, 21
2, 72100, 47162951, 47766718
1, 72104, 47764175, 48367381
47, 2, 21
2, 144200, 47766718, 49356631
1, 144204, 48367381, 49957354
48, 2, 21
2, 144200, 49356631, 51026329
1, 144204, 49957354, 51627304
49, 2, 21
2, 144200, 51026329, 52246549
1, 144204, 51627304, 52847517
50, 2, 21
2, 72100, 52246549, 52856983
1, 72104, 52847517, 53458300
51, 2, 21
2, 328776, 52856983, 54098131
1, 144204, 53458300, 54699247
52, 2, 21
2, 291284, 54098131, 54703051
1, 72104, 54699247, 55304181
53, 2, 21
2, 148526, 54703051, 55009666
1, 36054, 55304181, 55610817
54, 2, 21
2, 569590, 55009666, 56244464
1, 144204, 55610817, 56844799
55, 2, 21
2, 556612, 56244464, 57456097
1, 144204, 56844799, 58057200
56, 2, 21
2, 519120, 57456097, 58685994
1, 144204, 58057200, 59287352
57, 2, 21
2, 144200, 58685994, 59994774
1, 144204, 59287352, 60595374
58, 2, 21
2, 72100, 59994774, 60637929
1, 72104, 60595374, 61239402
59, 2, 21
2, 144200, 60637929, 61891248
1, 144204, 61239402, 62492229
60, 2, 21
2, 144200, 61891248, 63254393
1, 144204, 62492229, 63855619
61, 2, 21
2, 144200, 63254393, 64584929
1, 144204, 63855619, 65185759
