0, 2, 21
2, 752, 480211, 4441852, 5445964
1, 752, 480186, 4999066, 6001739
1, 2, 21
2, 752, 468675, 5445964, 6445087
1, 752, 468650, 6001739, 7002418
2, 2, 21
2, 752, 509051, 6445087, 7446261
1, 752, 509026, 7002418, 8003240
3, 2, 21
2, 752, 487421, 7446261, 8448381
1, 752, 487396, 8003240, 9004918
4, 2, 21
2, 752, 491747, 8448381, 9450729
1, 752, 491722, 9004918, 10007549
5, 2, 21
2, 752, 522029, 9450729, 10450532
1, 752, 522004, 10007549, 11007679
6, 2, 21
2, 752, 493189, 10450532, 11451991
1, 752, 493164, 11007679, 12009232
7, 2, 21
2, 752, 481653, 11451991, 12454179
1, 752, 481628, 12009232, 13011029
8, 2, 21
2, 752, 501841, 12454179, 13456301
1, 752, 501816, 13011029, 14013115
9, 2, 21
2, 752, 449929, 13456301, 14457246
1, 752, 449904, 14013115, 15013779
10, 2, 21
2, 752, 503283, 14457246, 15457676
1, 752, 503258, 15013779, 16014361
11, 2, 21
2, 752, 490305, 15457676, 16458321
1, 752, 490280, 16014361, 17015662
12, 2, 21
2, 752, 516261, 16458321, 17460769
1, 752, 516236, 17015662, 18018114
13, 2, 21
2, 752, 529239, 17460769, 18461732
1, 752, 529214, 18018114, 19019085
14, 2, 21
2, 752, 490305, 18461732, 19465010
1, 752, 490280, 19019085, 20022296
15, 2, 21
2, 752, 451371, 19465010, 20465467
1, 752, 451346, 20022296, 21022412
16, 2, 21
2, 752, 465791, 20465467, 21465830
1, 752, 465766, 21022412, 22022990
17, 2, 21
2, 752, 484537, 21465830, 22468485
1, 752, 484512, 22022990, 23025663
18, 2, 21
2, 752, 458581, 22468485, 23470743
1, 752, 458556, 23025663, 24027901
19, 2, 21
2, 752, 503283, 23470743, 24472258
1, 752, 503258, 24027901, 25028573
20, 2, 21
2, 752, 488863, 24472258, 25472792
1, 752, 488838, 25028573, 26029973
21, 2, 21
2, 752, 517703, 25472792, 26472877
1, 752, 517678, 26029973, 27030165
22, 2, 21
2, 752, 514819, 26472877, 27473175
1, 752, 514794, 27030165, 28030469
23, 2, 21
2, 752, 488863, 27473175, 28474368
1, 752, 488838, 28030469, 29031794
24, 2, 21
2, 752, 506167, 28474368, 29479081
1, 752, 506142, 29031794, 30036329
25, 2, 21
2, 752, 498957, 29479081, 30479579
1, 752, 498932, 30036329, 31036692
26, 2, 21
2, 752, 491747, 30479579, 31482074
1, 752, 491722, 31036692, 32038984
27, 2, 21
2, 752, 475885, 31482074, 32483446
1, 752, 475860, 32038984, 33040431
28, 2, 21
2, 752, 452813, 32483446, 33486099
1, 752, 452788, 33040431, 34042558
29, 2, 21
2, 752, 477327, 33486099, 34486608
1, 752, 477302, 34042558, 35043095
30, 2, 21
2, 752, 462907, 34486608, 35492678
1, 752, 462882, 35043095, 36049579
31, 2, 21
2, 752, 497515, 35492678, 36495194
1, 752, 497490, 36049579, 37052153
32, 2, 21
2, 752, 488863, 36495194, 37497149
1, 752, 488838, 37052153, 38053984
33, 2, 21
2, 752, 484537, 37497149, 38500078
1, 752, 484512, 38053984, 39056717
34, 2, 21
2, 752, 477327, 38500078, 39499720
1, 752, 477302, 39056717, 40056729
35, 2, 21
2, 752, 509051, 39499720, 40500535
1, 752, 509026, 40056729, 41057508
36, 2, 21
2, 752, 464349, 40500535, 41502223
1, 752, 464324, 41057508, 42058843
37, 2, 21
2, 752, 483095, 41502223, 42503055
1, 752, 483070, 42058843, 43059922
38, 2, 21
2, 752, 475885, 42503055, 43505701
1, 752, 475860, 43059922, 44062707
39, 2, 21
2, 752, 497515, 43505701, 44508256
1, 752, 497490, 44062707, 45064879
40, 2, 21
2, 752, 483095, 44508256, 45508951
1, 752, 483070, 45064879, 46065959
41, 2, 21
2, 752, 500399, 45508951, 46512619
1, 752, 500374, 46065959, 47069140
42, 2, 21
2, 752, 483095, 46512619, 47515098
1, 752, 481628, 47069140, 48070736
43, 2, 21
2, 752, 504725, 47515098, 48514070
1, 752, 504700, 48070736, 49071015
44, 2, 21
2, 752, 465791, 48514070, 49515452
1, 752, 465766, 49071015, 50072035
45, 2, 21
2, 752, 490305, 49515452, 50515899
1, 752, 490280, 50072035, 51073005
46, 2, 21
2, 752, 383597, 50515899, 51516473
1, 752, 383572, 51073005, 52073412
47, 2, 21
2, 752, 464349, 51516473, 52517115
1, 752, 464324, 52073412, 53073973
48, 2, 21
2, 752, 462907, 52517115, 53520673
1, 752, 462882, 53073973, 54077708
49, 2, 21
2, 752, 447045, 53520673, 54551054
1, 752, 447020, 54077708, 55101111
50, 2, 21
2, 752, 507609, 54551054, 55545396
1, 752, 507584, 55101111, 56102499
51, 2, 21
2, 752, 487421, 55545396, 56546133
1, 752, 487396, 56102499, 57103124
52, 2, 21
2, 752, 481653, 56546133, 57548540
1, 752, 481628, 57103124, 58105559
53, 2, 21
2, 752, 458581, 57548540, 58550249
1, 752, 458556, 58105559, 59107211
54, 2, 21
2, 752, 434067, 58550249, 59550495
1, 752, 434042, 59107211, 60107646
55, 2, 21
2, 752, 511935, 59550495, 60551108
1, 752, 511910, 60107646, 61108055
56, 2, 21
2, 752, 461465, 60551108, 61553717
1, 752, 461440, 61108055, 62110694
57, 2, 21
2, 752, 369177, 61553717, 62554180
1, 752, 369152, 62110694, 63110874
58, 2, 21
2, 752, 474443, 62554180, 63554938
1, 752, 474418, 63110874, 64111881
