0, 2, 21
2, 102382, 5672066, 6683457
1, 102382, 6116311, 7127686
1, 2, 21
2, 111034, 6683457, 7687351
1, 111034, 7127686, 8131232
2, 2, 21
2, 111034, 7687351, 8688360
1, 111034, 8131232, 9132496
3, 2, 21
2, 111034, 8688360, 15804911
1, 111034, 9132496, 16249070
4, 2, 21
2, 113918, 15804911, 16815579
1, 113918, 16249070, 17259432
5, 2, 21
2, 136990, 16815579, 17817876
1, 111034, 17259432, 18262063
6, 1, 21
3, 141316, 17085854, 18095638
7, 2, 21
2, 237955, 17817876, 18821031
1, 112476, 18262063, 19264671
8, 1, 21
3, 136990, 18095638, 19095938
9, 2, 21
2, 282657, 18821031, 19829982
1, 100940, 19264671, 20273476
10, 1, 21
4, 144200, 18513008, 19514130
11, 1, 21
3, 149968, 19095938, 20104199
12, 1, 21
2, 399484, 19829982, 20830354
13, 1, 21
1, 108150, 20273476, 21280443
14, 1, 21
4, 111034, 19514130, 20514833
15, 1, 21
3, 118244, 20104199, 21112095
16, 1, 21
2, 310105, 20830354, 21833432
17, 1, 21
1, 98056, 21280443, 22291028
18, 1, 21
4, 139874, 20514833, 21518409
19, 1, 21
2, 382180, 21833432, 22837435
20, 1, 21
1, 109592, 22291028, 23299163
21, 1, 21
4, 132664, 21518409, 22521025
22, 1, 21
2, 207698, 22837435, 23844099
23, 1, 21
1, 92288, 23299163, 24341819
24, 1, 21
4, 111034, 22521025, 23522386
25, 1, 21
2, 225002, 23844099, 24845043
26, 1, 21
1, 99498, 24341819, 25343682
27, 1, 21
4, 148526, 23522386, 24529088
28, 1, 21
2, 265378, 24845043, 25848826
29, 1, 21
1, 118244, 25343682, 26354793
30, 1, 21
4, 155736, 24529088, 25534446
31, 1, 21
2, 271146, 25848826, 26853202
32, 1, 21
1, 116802, 26354793, 27359621
33, 1, 21
4, 148526, 25534446, 26544207
34, 1, 21
2, 262494, 26853202, 27853348
35, 1, 21
1, 115360, 27359621, 28359862
36, 1, 21
3, 141316, 21112095, 28039604
37, 1, 21
4, 145642, 26544207, 27550943
38, 1, 21
2, 298569, 27853348, 28859490
39, 1, 21
1, 118244, 28359862, 29365046
40, 1, 21
3, 134106, 28039604, 29049266
41, 1, 21
4, 134106, 27550943, 28560880
42, 1, 21
2, 379321, 28859490, 29862592
43, 1, 21
1, 106708, 29365046, 30375888
44, 1, 21
3, 147084, 29049266, 30050694
45, 1, 21
4, 147084, 28560880, 29567474
46, 1, 21
2, 396625, 29862592, 30863363
47, 1, 21
1, 118244, 30375888, 31379800
48, 1, 21
3, 148526, 30050694, 31053196
49, 1, 21
2, 265378, 30863363, 31868708
50, 1, 21
1, 118244, 31379800, 32388302
51, 1, 21
3, 145642, 31053196, 32060154
52, 1, 21
2, 262494, 31868708, 32871418
53, 1, 21
1, 118244, 32388302, 33392432
54, 1, 21
2, 147109, 32871418, 33926925
55, 1, 21
1, 73542, 33392432, 34410373
56, 1, 21
2, 66357, 33926925, 34931712
57, 1, 21
1, 67774, 34410373, 35413191
58, 1, 21
3, 102382, 32060154, 34996187
59, 1, 21
2, 225002, 34931712, 35933700
60, 1, 21
1, 98056, 35413191, 36420650
61, 1, 21
3, 250908, 34996187, 35997567
62, 1, 21
2, 324500, 35933700, 36936876
63, 1, 21
1, 87962, 36420650, 37426595
64, 1, 21
3, 325892, 35997567, 36999341
65, 1, 21
2, 442744, 36936876, 37940010
66, 1, 21
1, 115360, 37426595, 38436003
67, 1, 21
3, 302820, 36999341, 38001322
68, 1, 21
2, 299986, 37940010, 38942552
69, 1, 21
1, 109592, 38436003, 39440758
70, 1, 21
2, 96639, 38942552, 39952923
71, 1, 21
1, 96614, 39440758, 40445813
72, 1, 21
3, 2884, 38001322, 40226713
73, 1, 21
2, 158670, 39952923, 40953228
74, 1, 21
1, 102382, 40445813, 41453100
75, 1, 21
3, 294168, 40226713, 41229962
76, 1, 21
2, 398042, 40953228, 41954107
77, 1, 21
1, 108150, 41453100, 42461789
78, 1, 21
3, 301378, 41229962, 42230426
79, 1, 21
2, 411020, 41954107, 42956851
80, 1, 21
1, 111034, 42461789, 43468829
81, 1, 21
3, 318682, 42230426, 43230766
82, 1, 21
2, 379296, 42956851, 43964815
83, 1, 21
1, 111034, 43468829, 44476505
84, 1, 21
2, 89429, 43964815, 44974828
85, 1, 21
1, 89404, 44476505, 45485259
86, 1, 21
2, 77893, 44974828, 45991152
87, 1, 21
1, 77868, 45485259, 46494411
88, 1, 21
2, 115385, 45991152, 46997048
89, 1, 21
1, 115360, 46494411, 47502212
90, 1, 21
2, 118269, 46997048, 48001785
91, 1, 21
1, 116802, 47502212, 48509081
92, 1, 21
2, 87987, 48001785, 49014505
93, 1, 21
1, 89404, 48509081, 49522861
94, 1, 21
2, 80777, 49014505, 50025394
95, 1, 21
1, 79310, 49522861, 50525245
96, 1, 21
2, 93755, 50025394, 51029928
97, 1, 21
1, 95172, 50525245, 51537049
98, 1, 21
2, 119711, 51029928, 52040784
99, 1, 21
1, 119686, 51537049, 52546223
100, 1, 21
2, 118269, 52040784, 53047585
101, 1, 21
1, 118244, 52546223, 53553861
102, 1, 21
3, 4326, 43230766, 52988700
103, 1, 21
2, 281240, 53047585, 54050002
104, 1, 21
1, 116802, 53553861, 54554439
105, 1, 21
3, 341754, 52988700, 53990233
106, 1, 21
2, 480236, 54050002, 55051489
107, 1, 21
1, 119686, 54554439, 55563887
108, 1, 21
3, 356174, 53990233, 54991941
109, 1, 21
2, 460048, 55051489, 56052303
110, 1, 21
1, 116802, 55563887, 56569949
111, 1, 21
3, 347522, 54991941, 55995212
112, 1, 21
2, 462932, 56052303, 57055181
113, 1, 21
1, 119686, 56569949, 57572862
114, 1, 21
3, 337428, 55995212, 56998019
115, 1, 21
2, 448512, 57055181, 58057390
116, 1, 21
1, 118244, 57572862, 58573696
117, 1, 21
3, 340312, 56998019, 57998667
118, 1, 21
2, 301428, 58057390, 59068315
119, 1, 21
1, 115360, 58573696, 59574930
120, 1, 21
2, 111059, 59068315, 60071642
121, 1, 21
1, 111034, 59574930, 60583805
122, 1, 21
2, 113943, 60071642, 61082014
123, 1, 21
1, 113918, 60583805, 61587431
124, 1, 21
2, 115385, 61082014, 62086328
125, 1, 21
1, 115360, 61587431, 62593792
126, 1, 21
2, 106733, 62086328, 63094002
127, 1, 21
1, 105266, 62593792, 63597096
128, 1, 21
2, 106733, 63094002, 64098417
129, 1, 21
1, 108150, 63597096, 64605692
130, 1, 21
2, 112501, 64098417, 65108842
131, 1, 21
1, 111034, 64605692, 65607413
