0, 2, 21
2, 752, 1007983, 4531227, 6533137
1, 752, 1007958, 5076620, 7079183
1, 2, 21
2, 752, 1051243, 6533137, 8535237
1, 752, 1051218, 7079183, 9080675
2, 2, 21
2, 752, 996447, 8535237, 10534466
1, 752, 996422, 9080675, 11080908
3, 2, 21
2, 752, 4935991, 10534466, 20535996
1, 752, 4935966, 11080908, 21082150
4, 2, 21
2, 752, 4905709, 20535996, 30538186
1, 752, 4905684, 21082150, 31083636
5, 2, 21
2, 752, 4873985, 30538186, 40538159
1, 752, 4873960, 31083636, 41084368
6, 2, 21
2, 752, 4938875, 40538159, 50540366
1, 752, 4938850, 41084368, 51086551
7, 2, 21
2, 752, 4849471, 50540366, 60542325
1, 752, 4849446, 51086551, 61087882
8, 2, 21
2, 752, 1447793, 60542325, 63620440
1, 752, 1447768, 61087882, 64166457
