0, 2, 21
2, 752, 721025, 4918043, 6366073
1, 752, 721004, 6038173, 7485943
1, 2, 21
2, 752, 1442025, 6366073, 9200106
1, 752, 1442004, 7485943, 10320082
2, 2, 21
2, 752, 1442025, 9200106, 12281913
1, 752, 1442004, 10320082, 13402042
3, 2, 21
2, 752, 1442025, 12281913, 15247385
1, 752, 1442004, 13402042, 16366594
4, 2, 21
2, 752, 1442025, 15247385, 18191802
1, 752, 1442004, 16366594, 19311324
5, 2, 21
2, 752, 1442025, 18191802, 21103834
1, 752, 1442004, 19311324, 22223593
6, 2, 21
2, 752, 1442025, 21103834, 24272297
1, 752, 1442004, 22223593, 25391922
7, 2, 21
2, 752, 1442025, 24272297, 27304015
1, 752, 1442004, 25391922, 28423843
8, 2, 21
2, 752, 1442025, 27304015, 30386313
1, 752, 1442004, 28423843, 31506051
9, 2, 21
2, 752, 1442025, 30386313, 33382795
1, 752, 1442004, 31506051, 34502134
10, 2, 21
2, 752, 1442025, 33382795, 36626529
1, 752, 1442004, 34502134, 37745956
11, 2, 21
2, 752, 1442025, 36626529, 39667918
1, 752, 1442004, 37745956, 40787677
12, 2, 21
2, 752, 1442025, 39667918, 42621333
1, 752, 1442004, 40787677, 43741060
13, 2, 21
2, 752, 1442025, 42621333, 45617495
1, 752, 1442004, 43741060, 46736907
14, 2, 21
2, 752, 1442025, 45617495, 48646624
1, 752, 1442004, 46736907, 49766268
15, 2, 21
2, 752, 1442025, 48646624, 51807207
1, 752, 1442004, 49766268, 52926808
16, 2, 21
2, 752, 1442025, 51807207, 54813279
1, 752, 1442004, 52926808, 55932998
17, 2, 21
2, 752, 1442025, 54813279, 57959347
1, 752, 1442004, 55932998, 59079085
18, 2, 21
2, 752, 1442025, 57959347, 60919068
1, 752, 1442004, 59079085, 62038837
19, 2, 21
2, 752, 1442025, 60919068, 64002298
1, 752, 1442004, 62038837, 65122179
