0, 2, 21
2, 752, 1010867, 4845954, 6859484
1, 752, 1010842, 5403576, 7416591
1, 2, 21
2, 752, 873877, 6859484, 8860020
1, 752, 873852, 7416591, 9417890
2, 2, 21
2, 752, 983469, 8860020, 10861413
1, 752, 983444, 9417890, 11419174
3, 2, 21
2, 752, 908485, 10861413, 12864021
1, 752, 908460, 11419174, 13421530
4, 2, 21
2, 752, 922905, 12864021, 14865159
1, 752, 922880, 13421530, 15422989
5, 2, 21
2, 752, 917137, 14865159, 16867281
1, 752, 917112, 15422989, 17424468
6, 2, 21
2, 752, 954629, 16867281, 18868721
1, 752, 954604, 17424468, 19426437
7, 2, 21
2, 752, 1467, 20871239, 20877379
1, 752, 1009400, 19426437, 21430535
8, 2, 21
2, 752, 1022403, 20877379, 22874143
1, 752, 1023820, 21430535, 23432024
9, 2, 21
2, 752, 974817, 22874143, 24876745
1, 752, 974792, 23432024, 25434530
10, 2, 21
2, 752, 1059895, 24876745, 26877596
1, 752, 1059870, 25434530, 27435406
11, 2, 21
2, 752, 1000773, 26877596, 28879959
1, 752, 1000748, 27435406, 29437834
12, 2, 21
2, 752, 970491, 28879959, 30882317
1, 752, 970466, 29437834, 31439791
13, 2, 21
2, 752, 1058453, 30882317, 32882839
1, 752, 1058428, 31439791, 33440448
14, 2, 21
2, 752, 1000773, 32882839, 34886253
1, 752, 1000748, 33440448, 35442801
15, 2, 21
2, 752, 992121, 34886253, 36886580
1, 752, 992096, 35442801, 37444213
16, 2, 21
2, 752, 1012309, 36886580, 38888960
1, 752, 1012284, 37444213, 39446374
17, 2, 21
2, 752, 996447, 38888960, 40890742
1, 752, 996422, 39446374, 41448170
18, 2, 21
2, 752, 1002215, 40890742, 42890933
1, 752, 1002190, 41448170, 43448348
19, 2, 21
2, 752, 995005, 42890933, 44893305
1, 752, 994980, 43448348, 45450641
20, 2, 21
2, 752, 966165, 44893305, 46895444
1, 752, 966140, 45450641, 47453066
21, 2, 21
2, 752, 940209, 46895444, 48896840
1, 752, 940184, 47453066, 49454314
22, 2, 21
2, 752, 987795, 48896840, 50899217
1, 752, 987770, 49454314, 51456622
23, 2, 21
2, 752, 977701, 50899217, 52899272
1, 752, 977676, 51456622, 53456820
24, 2, 21
2, 752, 995005, 52899272, 54901958
1, 752, 994980, 53456820, 55459505
25, 2, 21
2, 752, 969049, 54901958, 56904658
1, 752, 969024, 55459505, 57462119
26, 2, 21
2, 752, 964723, 56904658, 58909872
1, 752, 964698, 57462119, 59465221
27, 2, 21
2, 752, 980585, 58909872, 60909212
1, 752, 980560, 59465221, 61466593
28, 2, 21
2, 752, 958955, 60909212, 62916959
1, 752, 957488, 61466593, 63471848
