0, 2, 21
2, 54796, 5540401, 6100530
1, 54796, 6106017, 6665366
1, 2, 21
2, 53354, 6100530, 6603177
1, 53354, 6665366, 7167750
2, 2, 21
2, 57680, 6603177, 7112850
1, 57680, 7167750, 7677686
3, 2, 21
2, 54796, 7112850, 7616743
1, 54796, 7677686, 8181998
4, 2, 21
2, 56238, 7616743, 8127077
1, 56238, 8181998, 8692316
5, 2, 21
2, 57680, 8127077, 8638936
1, 57680, 8692316, 9204166
6, 2, 21
2, 56238, 8638936, 9143696
1, 56238, 9204166, 9708940
7, 2, 21
2, 44702, 9143696, 15667861
1, 44702, 9708940, 16232946
8, 2, 21
2, 54796, 15667861, 16177497
1, 54796, 16232946, 16742858
9, 2, 21
2, 59122, 16177497, 16680823
1, 59122, 16742858, 17246018
10, 2, 21
2, 57680, 16680823, 17193739
1, 57680, 17246018, 17758883
11, 1, 21
2, 77868, 17193739, 17694164
12, 1, 21
1, 54796, 17758883, 18260241
13, 1, 21
3, 76426, 16981456, 17485139
14, 2, 21
2, 134156, 17694164, 18197244
1, 59122, 18260241, 18762399
15, 1, 21
3, 64890, 17485139, 17987372
16, 1, 21
2, 105291, 18197244, 18701301
17, 1, 21
1, 53354, 18762399, 19313864
18, 1, 21
3, 60564, 17987372, 18496530
19, 1, 21
2, 121178, 18701301, 19202489
20, 1, 21
1, 51912, 19313864, 19823085
21, 1, 21
3, 79310, 18496530, 19002643
22, 1, 21
2, 162996, 19202489, 19709889
23, 1, 21
1, 56238, 19823085, 20324558
24, 1, 21
4, 76426, 18408048, 18913972
25, 1, 21
3, 73542, 19002643, 19511046
26, 1, 21
2, 201955, 19709889, 20211886
27, 1, 21
1, 54796, 20324558, 20832866
28, 1, 21
4, 79310, 18913972, 19420378
29, 1, 21
3, 74984, 19511046, 20015592
30, 1, 21
2, 209165, 20211886, 20714436
31, 1, 21
1, 56238, 20832866, 21334566
32, 1, 21
4, 63448, 19420378, 19921960
33, 1, 21
3, 66332, 20015592, 20528179
34, 1, 21
2, 157253, 20714436, 21218930
35, 1, 21
1, 50470, 21334566, 21839650
36, 1, 21
4, 49028, 19921960, 20448370
37, 1, 21
3, 53354, 20528179, 21090050
38, 1, 21
2, 155811, 21218930, 21721701
39, 1, 21
1, 41818, 21839650, 22344415
40, 1, 21
4, 77868, 20448370, 20959799
41, 1, 21
3, 72100, 21090050, 21596479
42, 1, 21
2, 203397, 21721701, 22227261
43, 1, 21
1, 57680, 22344415, 22844791
44, 1, 21
4, 74984, 20959799, 21462633
45, 1, 21
2, 187510, 22227261, 22730604
46, 1, 21
1, 57680, 22844791, 23358390
47, 1, 21
4, 59122, 21462633, 21967010
48, 1, 21
2, 102432, 22730604, 23230940
49, 1, 21
1, 43260, 23358390, 23866127
50, 1, 21
4, 59122, 21967010, 22493914
51, 1, 21
2, 96664, 23230940, 23737285
52, 1, 21
1, 43260, 23866127, 24381104
53, 1, 21
4, 57680, 22493914, 22994631
54, 1, 21
2, 105316, 23737285, 24238100
55, 1, 21
1, 47586, 24381104, 24887462
56, 1, 21
4, 73542, 22994631, 23494943
57, 1, 21
2, 128388, 24238100, 24739111
58, 1, 21
1, 56238, 24887462, 25400916
59, 1, 21
4, 73542, 23494943, 23998162
60, 1, 21
2, 132714, 24739111, 25247414
61, 1, 21
1, 59122, 25400916, 25911099
62, 1, 21
4, 74984, 23998162, 24500413
63, 1, 21
2, 134156, 25247414, 25749394
64, 1, 21
1, 59122, 25911099, 26422129
65, 1, 21
4, 79310, 24500413, 25005929
66, 1, 21
2, 137040, 25749394, 26253950
67, 1, 21
1, 57680, 26422129, 26922520
68, 1, 21
4, 74984, 25005929, 25509514
69, 1, 21
2, 131272, 26253950, 26758625
70, 1, 21
1, 56238, 26922520, 27427954
71, 1, 21
4, 72100, 25509514, 26011371
72, 1, 21
2, 128388, 26758625, 27267727
73, 1, 21
1, 53354, 27427954, 27932518
74, 1, 21
4, 76426, 26011371, 26514761
75, 1, 21
2, 129830, 27267727, 27768920
76, 1, 21
1, 56238, 27932518, 28433457
77, 1, 21
4, 73542, 26514761, 27014948
78, 1, 21
2, 128388, 27768920, 28270563
79, 1, 21
1, 54796, 28433457, 28935077
80, 1, 21
3, 66332, 21596479, 27982276
81, 1, 21
4, 69216, 27014948, 27516126
82, 1, 21
2, 158695, 28270563, 28775889
83, 1, 21
1, 59122, 28935077, 29443178
84, 1, 21
3, 62006, 27982276, 28487930
85, 1, 21
4, 63448, 27516126, 28018623
86, 1, 21
2, 183209, 28775889, 29276202
87, 1, 21
1, 51912, 29443178, 29952848
88, 1, 21
3, 72100, 28487930, 28994499
89, 1, 21
4, 72100, 28018623, 28527485
90, 1, 21
2, 199071, 29276202, 29780286
91, 1, 21
1, 54796, 29952848, 30458395
92, 1, 21
3, 76426, 28994499, 29501348
93, 1, 21
4, 72100, 28527485, 29028637
94, 1, 21
2, 200513, 29780286, 30281807
95, 1, 21
1, 57680, 30458395, 30966782
96, 1, 21
3, 72100, 29501348, 30004823
97, 1, 21
2, 173090, 30281807, 30786603
98, 1, 21
1, 59122, 30966782, 31468603
99, 1, 21
3, 74984, 30004823, 30507461
100, 1, 21
2, 134156, 30786603, 31287462
101, 1, 21
1, 59122, 31468603, 31973479
102, 1, 21
3, 74984, 30507461, 31012944
103, 1, 21
2, 131272, 31287462, 31791084
104, 1, 21
1, 57680, 31973479, 32474932
105, 1, 21
3, 74984, 31012944, 31515337
106, 1, 21
2, 132714, 31791084, 32292163
107, 1, 21
1, 59122, 32474932, 32984284
108, 1, 21
3, 72100, 31515337, 32015567
109, 1, 21
2, 129830, 32292163, 32793453
110, 1, 21
1, 59122, 32984284, 33485642
111, 1, 21
3, 64890, 32015567, 32522381
112, 1, 21
2, 115410, 32793453, 33302009
113, 1, 21
1, 53354, 33485642, 33989003
114, 2, 21
2, 43285, 33302009, 33958247
1, 23072, 33989003, 34522186
115, 2, 21
2, 31724, 33958247, 34464475
1, 31724, 34522186, 35029555
116, 2, 21
2, 36050, 34464475, 34973553
1, 36050, 35029555, 35538670
117, 2, 21
2, 41818, 34973553, 35484325
1, 41818, 35538670, 36049602
118, 1, 21
3, 33166, 32522381, 34927455
119, 2, 21
2, 220651, 35484325, 35986068
1, 57680, 36049602, 36550918
120, 1, 21
3, 162946, 34927455, 35431942
121, 2, 21
2, 132689, 35986068, 36495228
1, 49028, 36550918, 37059870
122, 1, 21
3, 83636, 35431942, 35941540
123, 1, 21
2, 191811, 36495228, 36998499
124, 1, 21
1, 40376, 37059870, 37568030
125, 1, 21
3, 152852, 35941540, 36445299
126, 1, 21
2, 223560, 36998499, 37500786
127, 1, 21
3, 164388, 36445299, 36946982
128, 1, 21
1, 59122, 37568030, 38072739
129, 1, 21
2, 207698, 37500786, 38000936
130, 1, 21
3, 151410, 36946982, 37451236
131, 1, 21
1, 56238, 38072739, 38577611
132, 1, 21
2, 199046, 38000936, 38501976
133, 1, 21
3, 145642, 37451236, 37952421
134, 1, 21
1, 56238, 38577611, 39088347
135, 1, 21
2, 77918, 38501976, 39003249
136, 1, 21
1, 54796, 39088347, 39594548
137, 1, 21
2, 47611, 39003249, 39507822
138, 1, 21
1, 47586, 39594548, 40100101
139, 1, 21
2, 49053, 39507822, 40011437
140, 1, 21
1, 49028, 40100101, 40604981
141, 1, 21
2, 57705, 40011437, 40512971
142, 1, 21
1, 59122, 40604981, 41115069
143, 1, 21
3, 21630, 37952421, 40233070
144, 1, 21
2, 121178, 40512971, 41024952
145, 1, 21
1, 44702, 41115069, 41628317
146, 1, 21
3, 134106, 40233070, 40735196
147, 1, 21
2, 183184, 41024952, 41526672
148, 1, 21
1, 49028, 41628317, 42130389
149, 1, 21
3, 160062, 40735196, 41236503
150, 1, 21
2, 222118, 41526672, 42027221
151, 1, 21
1, 59122, 42130389, 42636689
152, 1, 21
3, 165830, 41236503, 41738017
153, 1, 21
2, 197604, 42027221, 42530105
154, 1, 21
1, 56238, 42636689, 43140189
155, 1, 21
3, 136990, 41738017, 42240613
156, 1, 21
2, 213466, 42530105, 43031410
157, 1, 21
1, 54796, 43140189, 43643735
158, 1, 21
3, 164388, 42240613, 42741467
159, 1, 21
2, 214908, 43031410, 43533579
160, 1, 21
1, 57680, 43643735, 44151214
161, 1, 21
3, 154294, 42741467, 43241475
162, 1, 21
2, 139924, 43533579, 44037826
163, 1, 21
1, 53354, 44151214, 44658484
164, 1, 21
2, 47611, 44037826, 44547488
165, 1, 21
1, 47586, 44658484, 45166735
166, 1, 21
2, 41843, 44547488, 45049194
167, 1, 21
1, 41818, 45166735, 45691975
168, 1, 21
2, 37517, 45049194, 45549618
169, 1, 21
1, 38934, 45691975, 46199702
170, 1, 21
2, 40401, 45549618, 46060770
171, 1, 21
1, 41818, 46199702, 46707840
172, 1, 21
2, 56263, 46060770, 46566651
173, 1, 21
1, 57680, 46707840, 47217064
174, 1, 21
2, 59147, 46566651, 47073511
175, 1, 21
1, 59122, 47217064, 47737490
176, 1, 21
2, 57705, 47073511, 47582912
177, 1, 21
1, 59122, 47737490, 48244584
178, 1, 21
2, 59147, 47582912, 48090626
179, 1, 21
1, 57680, 48244584, 48768797
180, 1, 21
2, 49053, 48090626, 48603149
181, 1, 21
1, 46144, 48768797, 49280684
182, 1, 21
2, 40401, 48603149, 49108225
183, 1, 21
1, 43260, 49280684, 49786984
184, 1, 21
2, 46169, 49108225, 49640664
185, 1, 21
1, 41818, 49786984, 50314989
186, 1, 21
2, 37517, 49640664, 50153868
187, 1, 21
1, 41818, 50314989, 50820732
188, 1, 21
2, 41843, 50153868, 50658656
189, 1, 21
1, 38934, 50820732, 51324789
190, 1, 21
2, 53379, 50658656, 51163909
191, 1, 21
1, 57680, 51324789, 51827889
192, 1, 21
2, 59147, 51163909, 51664340
193, 1, 21
1, 60564, 51827889, 52336234
194, 1, 21
2, 60589, 51664340, 52175113
195, 1, 21
1, 59122, 52336234, 52841558
196, 1, 21
2, 59147, 52175113, 52678446
197, 1, 21
1, 60564, 52841558, 53352762
198, 1, 21
2, 59147, 52678446, 53182784
199, 1, 21
1, 59122, 53352762, 53859883
200, 1, 21
3, 2884, 43241475, 52995294
201, 1, 21
2, 103874, 53182784, 53683442
202, 1, 21
1, 59122, 53859883, 54371249
203, 1, 21
3, 165830, 52995294, 53496880
204, 1, 21
2, 219234, 53683442, 54183510
205, 1, 21
1, 59122, 54371249, 54873133
206, 1, 21
3, 177366, 53496880, 53999595
207, 1, 21
2, 243748, 54183510, 54686523
208, 1, 21
1, 60564, 54873133, 55382134
209, 1, 21
3, 184576, 53999595, 54499701
210, 1, 21
2, 237980, 54686523, 55187661
211, 1, 21
1, 60564, 55382134, 55891557
212, 1, 21
3, 171598, 54499701, 55001857
213, 1, 21
2, 233654, 55187661, 55688066
214, 1, 21
1, 59122, 55891557, 56399367
215, 1, 21
3, 173040, 55001857, 55502437
216, 1, 21
2, 232212, 55688066, 56189067
217, 1, 21
1, 59122, 56399367, 56909946
218, 1, 21
3, 173040, 55502437, 56005784
219, 1, 21
2, 229328, 56189067, 56694541
220, 1, 21
1, 60564, 56909946, 57416274
221, 1, 21
3, 168714, 56005784, 56506173
222, 1, 21
2, 235096, 56694541, 57196419
223, 1, 21
1, 60564, 57416274, 57926463
224, 1, 21
3, 164388, 56506173, 57009845
225, 1, 21
2, 220676, 57196419, 57699788
226, 1, 21
1, 59122, 57926463, 58430462
227, 1, 21
3, 164388, 57009845, 57512783
228, 1, 21
2, 226444, 57699788, 58201428
229, 1, 21
1, 60564, 58430462, 58938072
230, 1, 21
3, 177366, 57512783, 58019968
231, 1, 21
2, 199046, 58201428, 58710596
232, 1, 21
1, 59122, 58938072, 59448362
233, 1, 21
2, 56263, 58710596, 59222677
234, 1, 21
1, 56238, 59448362, 59956987
235, 1, 21
2, 54821, 59222677, 59727229
236, 1, 21
1, 54796, 59956987, 60460802
237, 1, 21
2, 56263, 59727229, 60231352
238, 1, 21
1, 56238, 60460802, 60965846
239, 1, 21
2, 57705, 60231352, 60743258
240, 1, 21
1, 57680, 60965846, 61473352
241, 1, 21
2, 57705, 60743258, 61245911
242, 1, 21
1, 57680, 61473352, 61975062
243, 1, 21
2, 59147, 61245911, 61758720
244, 1, 21
1, 59122, 61975062, 62483467
245, 1, 21
2, 57705, 61758720, 62267337
246, 1, 21
1, 54796, 62483467, 62990217
247, 1, 21
2, 53379, 62267337, 62781416
248, 1, 21
1, 53354, 62990217, 63495306
249, 1, 21
2, 53379, 62781416, 63290980
250, 1, 21
1, 53354, 63495306, 64005176
251, 1, 21
2, 53379, 63290980, 63791685
252, 1, 21
1, 54796, 64005176, 64514134
253, 1, 21
2, 54821, 63791685, 64294375
254, 1, 21
1, 54796, 64514134, 65014683
255, 1, 21
2, 56263, 64294375, 64803465
256, 1, 21
1, 56238, 65014683, 65517301
257, 1, 21
2, 56263, 64803465, 65308245
258, 1, 21
1, 56238, 65517301, 66028461
259, 1, 21
2, 56263, 65308245, 65812163
260, 1, 21
1, 54796, 66028461, 66528484
