0, 2, 21
2, 213416, 4615191, 6622934
1, 213416, 5164487, 7174207
1, 2, 21
2, 222068, 6622934, 14736478
1, 222068, 7174207, 15287610
2, 2, 21
2, 252350, 14736478, 16742815
1, 224952, 15287610, 17293920
3, 1, 21
3, 278306, 15988386, 17995129
4, 1, 21
2, 519145, 16742815, 18748687
5, 1, 21
1, 261002, 17293920, 19370910
6, 1, 21
3, 265328, 17995129, 20003594
7, 1, 21
2, 723934, 18748687, 20752520
8, 1, 21
1, 462882, 19370910, 21373289
9, 1, 21
2, 586919, 20752520, 22760290
10, 1, 21
1, 461440, 21373289, 23374735
11, 1, 21
2, 493189, 22760290, 24761561
12, 1, 21
1, 497490, 23374735, 25375598
13, 1, 21
3, 144200, 20003594, 26963641
14, 1, 21
2, 832084, 24761561, 27793408
15, 1, 21
3, 281190, 26963641, 28970734
16, 1, 21
2, 1020961, 27793408, 30801790
17, 1, 21
1, 1375668, 25375598, 31417368
18, 1, 21
3, 297052, 28970734, 30971002
19, 2, 21
2, 413904, 30801790, 32934998
1, 196112, 31417368, 33486202
20, 1, 21
3, 99498, 30971002, 33888326
21, 1, 21
2, 325917, 32934998, 34938151
22, 1, 21
1, 164388, 33486202, 35495413
23, 1, 21
3, 576800, 33888326, 35889601
24, 1, 21
2, 765752, 34938151, 36939216
25, 1, 21
1, 203322, 35495413, 37514172
26, 1, 21
2, 360525, 36939216, 38942937
27, 1, 21
3, 305704, 35889601, 39115875
28, 1, 21
2, 589803, 38942937, 40944341
29, 1, 21
3, 595546, 39115875, 41117263
30, 1, 21
2, 764285, 40944341, 43002942
31, 1, 21
1, 726768, 37514172, 44568340
32, 1, 21
2, 165855, 43002942, 45017944
33, 1, 21
1, 190344, 44568340, 46568811
34, 1, 21
2, 232187, 45017944, 47026806
35, 1, 21
1, 204764, 46568811, 48578205
36, 1, 21
2, 167297, 47026806, 49037560
37, 1, 21
1, 174482, 48578205, 50596052
38, 1, 21
1, 236488, 50596052, 52600933
39, 1, 21
3, 323008, 41117263, 51874551
40, 1, 21
2, 656185, 49037560, 53076532
41, 1, 21
3, 697928, 51874551, 53875401
42, 1, 21
2, 945977, 53076532, 55078983
43, 1, 21
2, 918554, 55078983, 57090098
44, 1, 21
2, 359058, 57090098, 59095919
45, 1, 21
1, 1149274, 52600933, 62601682
