0, 2, 21
2, 72100, 4563267, 5304231
1, 72104, 5131666, 5876555
1, 2, 21
2, 144200, 5304231, 6595943
1, 144204, 5876555, 7168652
2, 2, 21
2, 144200, 6595943, 7882308
1, 144204, 7168652, 8454983
3, 2, 21
2, 217742, 7882308, 15942866
1, 217746, 8454983, 16515661
4, 2, 21
2, 80752, 15942866, 16599648
1, 72104, 16515661, 17172429
5, 2, 21
2, 82194, 16599648, 16910371
1, 36054, 17172429, 17482630
6, 2, 21
2, 43260, 16910371, 17070135
1, 18750, 17482630, 17642925
7, 2, 21
2, 23072, 17070135, 17157728
1, 10098, 17642925, 17730619
8, 2, 21
2, 335986, 17157728, 18560001
1, 148530, 17730619, 19132676
9, 2, 21
2, 269654, 18560001, 19224661
1, 171602, 19132676, 19797535
10, 2, 21
2, 135548, 19224661, 19546020
1, 86524, 19797535, 20118812
11, 2, 21
2, 70658, 19546020, 19714268
1, 44706, 20118812, 20287141
12, 2, 21
2, 497490, 19714268, 21163386
1, 321570, 20287141, 21734607
13, 2, 21
2, 216300, 21163386, 21804545
1, 158624, 21734607, 22376846
14, 2, 21
2, 95172, 21804545, 22244883
1, 95176, 22376846, 22817728
15, 2, 21
2, 43260, 22244883, 22417345
1, 43264, 22817728, 22990156
16, 2, 21
2, 12978, 22417345, 22513185
1, 12982, 22990156, 23085830
17, 2, 21
2, 335986, 22513185, 23997007
1, 335990, 23085830, 24569419
18, 2, 21
2, 327334, 23997007, 25217505
1, 327338, 24569419, 25789941
19, 2, 21
2, 162946, 25217505, 25835552
1, 162950, 25789941, 26407880
20, 2, 21
2, 327334, 25835552, 27079649
1, 327338, 26407880, 27650852
21, 2, 21
2, 442694, 27079649, 28382131
1, 320128, 27650852, 28954648
22, 2, 21
2, 255234, 28382131, 29020817
1, 162950, 28954648, 29593202
23, 2, 21
2, 126896, 29020817, 29330582
1, 82198, 29593202, 29903065
24, 2, 21
2, 364826, 29330582, 30549823
1, 184580, 29903065, 31122445
25, 2, 21
2, 161504, 30549823, 31162112
1, 72104, 31122445, 31734124
26, 2, 21
2, 80752, 31162112, 31467203
1, 36054, 31734124, 32039816
27, 2, 21
2, 248024, 31467203, 33326605
1, 144204, 32039816, 33899295
28, 2, 21
2, 72100, 33326605, 34274847
1, 72104, 33899295, 34847584
29, 2, 21
2, 90846, 34274847, 34581554
1, 36054, 34847584, 35154245
30, 2, 21
2, 79310, 34581554, 34751572
1, 18750, 35154245, 35324238
31, 2, 21
2, 41818, 34751572, 34837256
1, 10098, 35324238, 35409813
32, 2, 21
2, 20188, 34837256, 34885320
1, 5772, 35409813, 35457925
33, 2, 21
2, 543634, 34885320, 36370015
1, 144204, 35457925, 36942480
34, 2, 21
2, 265328, 36370015, 37022431
1, 72104, 36942480, 37594251
35, 2, 21
2, 138432, 37022431, 37348468
1, 36054, 37594251, 37920984
36, 2, 21
2, 170156, 37348468, 38800138
1, 144204, 37920984, 39370766
37, 2, 21
2, 72100, 38800138, 39420226
1, 72104, 39370766, 39992114
38, 2, 21
2, 511910, 39420226, 40862857
1, 144204, 39992114, 41435387
39, 2, 21
2, 265328, 40862857, 41531103
1, 72104, 41435387, 42103753
40, 2, 21
2, 136990, 41531103, 41844436
1, 36054, 42103753, 42416258
41, 2, 21
2, 73542, 41844436, 42004357
1, 18750, 42416258, 42576886
42, 2, 21
2, 346080, 42004357, 43403438
1, 144204, 42576886, 43975550
43, 2, 21
2, 72100, 43403438, 44353790
1, 72104, 43975550, 44926414
44, 2, 21
2, 36050, 44353790, 44805819
1, 36054, 44926414, 45378487
45, 2, 21
2, 144200, 44805819, 46066092
1, 144204, 45378487, 46638091
46, 2, 21
2, 72100, 46066092, 46668723
1, 72104, 46638091, 47240751
47, 2, 21
2, 144200, 46668723, 48257419
1, 144204, 47240751, 48829180
48, 2, 21
2, 144200, 48257419, 49921490
1, 144204, 48829180, 50493358
49, 2, 21
2, 144200, 49921490, 51140204
1, 144204, 50493358, 51712898
50, 2, 21
2, 72100, 51140204, 51751137
1, 72104, 51712898, 52323039
51, 2, 21
2, 334544, 51751137, 52987833
1, 144204, 52323039, 53559994
52, 2, 21
2, 292726, 52987833, 53592458
1, 72104, 53559994, 54164514
53, 2, 21
2, 149968, 53592458, 53898353
1, 36054, 54164514, 54470873
54, 2, 21
2, 569590, 53898353, 55131294
1, 144204, 54470873, 55703784
55, 2, 21
2, 556612, 55131294, 56342632
1, 144204, 55703784, 56915213
56, 2, 21
2, 510468, 56342632, 57568000
1, 144204, 56915213, 58140445
57, 2, 21
2, 144200, 57568000, 58875038
1, 144204, 58140445, 59447765
58, 2, 21
2, 72100, 58875038, 59518406
1, 72104, 59447765, 60091169
59, 2, 21
2, 144200, 59518406, 60770430
1, 144204, 60091169, 61343145
60, 2, 21
2, 144200, 60770430, 62132013
1, 144204, 61343145, 62704786
61, 2, 21
2, 144200, 62132013, 63461634
1, 144204, 62704786, 64034370
