0, 2, 21
2, 213416, 4566019, 6573914
1, 213416, 5125117, 7135775
1, 2, 21
2, 222068, 6573914, 14687845
1, 222068, 7135775, 15249336
2, 2, 21
2, 249466, 14687845, 16694024
1, 224952, 15249336, 17255577
3, 1, 21
3, 279748, 15959812, 17968659
4, 2, 21
2, 517703, 16694024, 18700960
1, 239372, 17255577, 19262813
5, 1, 21
3, 266770, 17968659, 19972179
6, 2, 21
2, 723909, 18700960, 20701342
1, 465766, 19262813, 21263237
7, 2, 21
2, 584010, 20701342, 22715265
1, 458556, 21263237, 23277029
8, 2, 21
2, 494606, 22715265, 24715944
1, 494606, 23277029, 25277427
9, 2, 21
2, 532098, 24715944, 26720686
1, 532098, 25277427, 27281207
10, 1, 21
3, 141316, 19972179, 26898604
11, 2, 21
2, 671997, 26720686, 28721489
1, 498932, 27281207, 29282979
12, 1, 21
3, 281190, 26898604, 28905405
13, 2, 21
2, 664787, 28721489, 30725881
1, 372036, 29282979, 31286644
14, 1, 21
3, 297052, 28905405, 30905766
15, 2, 21
2, 405227, 30725881, 32740811
1, 193228, 31286644, 33302346
16, 1, 21
3, 99498, 30905766, 33823122
17, 1, 21
2, 281215, 32740811, 34743550
18, 1, 21
1, 164388, 33302346, 35305561
19, 1, 21
3, 576800, 33823122, 35825547
20, 1, 21
2, 768636, 34743550, 36746812
21, 1, 21
1, 203322, 35305561, 37317429
22, 1, 21
2, 405227, 36746812, 38754136
23, 1, 21
1, 206206, 37317429, 39327959
24, 1, 21
3, 305704, 35825547, 39051959
25, 1, 21
2, 546568, 38754136, 40754561
26, 1, 21
1, 209090, 39327959, 41334434
27, 1, 21
3, 595546, 39051959, 41053796
28, 1, 21
2, 801802, 40754561, 42755308
29, 1, 21
1, 222068, 41334434, 43343312
30, 1, 21
2, 165855, 42755308, 44763443
31, 1, 21
1, 165830, 43343312, 45351983
32, 1, 21
2, 232187, 44763443, 46765020
33, 1, 21
1, 232162, 45351983, 47353715
34, 1, 21
2, 167297, 46765020, 48774828
35, 1, 21
1, 167272, 47353715, 49363114
36, 1, 21
2, 211999, 48774828, 50780688
37, 1, 21
1, 211974, 49363114, 51366683
38, 1, 21
3, 323008, 41053796, 51810993
39, 1, 21
2, 366318, 50780688, 52781866
40, 1, 21
1, 235046, 51366683, 53372048
41, 1, 21
3, 697928, 51810993, 53812154
42, 1, 21
2, 930140, 52781866, 54782678
43, 1, 21
1, 227836, 53372048, 55374844
44, 1, 21
3, 684950, 53812154, 55816167
45, 1, 21
2, 907068, 54782678, 56785262
46, 1, 21
1, 227836, 55374844, 57379184
47, 1, 21
2, 441277, 56785262, 58788057
48, 1, 21
1, 226394, 57379184, 59389807
49, 1, 21
2, 229303, 58788057, 60795365
50, 1, 21
1, 229278, 59389807, 61395892
51, 1, 21
2, 213441, 60795365, 62800435
52, 1, 21
1, 213416, 61395892, 63398532
53, 1, 21
2, 222093, 62800435, 64810659
54, 1, 21
1, 222068, 63398532, 65410065
