0, 2, 21
2, 54796, 5609458, 6170006
1, 54796, 6234656, 6794787
1, 2, 21
2, 53354, 6170006, 6672723
1, 53354, 6794787, 7297414
2, 2, 21
2, 57680, 6672723, 7182998
1, 57680, 7297414, 7807054
3, 2, 21
2, 54796, 7182998, 7687277
1, 54796, 7807054, 8311933
4, 2, 21
2, 56238, 7687277, 8198698
1, 56238, 8311933, 8822499
5, 2, 21
2, 57680, 8198698, 8709596
1, 57680, 8822499, 9334361
6, 2, 21
2, 56238, 8709596, 9216073
1, 56238, 9334361, 9839600
7, 2, 21
2, 44702, 9216073, 15740007
1, 44702, 9839600, 16363407
8, 2, 21
2, 54796, 15740007, 16245495
1, 54796, 16363407, 16870242
9, 2, 21
2, 87962, 16245495, 17002483
1, 87962, 16870242, 17626938
10, 1, 21
2, 103824, 17002483, 17765190
11, 1, 21
3, 74984, 17050826, 17559574
12, 1, 21
2, 131247, 17765190, 18266638
13, 1, 21
3, 66332, 17559574, 18074483
14, 1, 21
2, 108175, 18266638, 18787534
15, 1, 21
1, 196112, 17626938, 19444189
16, 1, 21
3, 59122, 18074483, 18575357
17, 1, 21
2, 122620, 18787534, 19295683
18, 1, 21
1, 79310, 19444189, 20199340
19, 1, 21
3, 77868, 18575357, 19086866
20, 1, 21
2, 157228, 19295683, 19796550
21, 1, 21
4, 74984, 18454986, 18961308
22, 1, 21
3, 69216, 19086866, 19590828
23, 1, 21
2, 199046, 19796550, 20299661
24, 1, 21
4, 77868, 18961308, 19464057
25, 1, 21
3, 76426, 19590828, 20099462
26, 1, 21
2, 301428, 20299661, 21053301
27, 1, 21
4, 64890, 19464057, 19970704
28, 1, 21
3, 66332, 20099462, 20599494
29, 1, 21
1, 188902, 20199340, 21974772
30, 1, 21
2, 131297, 21053301, 21553952
31, 1, 21
4, 50470, 19970704, 20511905
32, 1, 21
3, 49028, 20599494, 21101725
33, 1, 21
1, 41818, 21974772, 22515368
34, 1, 21
2, 181767, 21553952, 22055064
35, 1, 21
4, 76426, 20511905, 21013769
36, 1, 21
3, 67774, 21101725, 21604309
37, 1, 21
1, 56238, 22515368, 23020869
38, 1, 21
2, 201955, 22055064, 22558238
39, 1, 21
4, 73542, 21013769, 21520338
40, 1, 21
2, 142783, 22558238, 23064731
41, 1, 21
1, 76426, 23020869, 23793762
42, 1, 21
4, 59122, 21520338, 22031224
43, 1, 21
2, 112526, 23064731, 23564942
44, 1, 21
1, 51912, 23793762, 24298663
45, 1, 21
4, 60564, 22031224, 22540459
46, 1, 21
4, 54796, 22540459, 23041061
47, 1, 21
2, 239447, 23564942, 24697714
48, 1, 21
4, 73542, 23041061, 23544113
49, 1, 21
1, 103824, 24298663, 25431523
50, 1, 21
2, 129830, 24697714, 25201559
51, 1, 21
1, 59122, 25431523, 25940516
52, 1, 21
4, 111034, 23544113, 24302342
53, 1, 21
2, 304312, 25201559, 26328360
54, 1, 21
1, 132664, 25940516, 27067595
55, 1, 21
3, 80752, 21604309, 28079468
56, 1, 21
2, 686442, 26328360, 28853823
57, 1, 21
3, 62006, 28079468, 28589212
58, 1, 21
2, 178833, 28853823, 29354904
59, 1, 21
1, 344638, 27067595, 30123313
60, 1, 21
3, 72100, 28589212, 29096927
61, 1, 21
4, 620060, 24302342, 28582537
62, 1, 21
2, 197629, 29354904, 29860260
63, 1, 21
1, 56238, 30123313, 30633493
64, 1, 21
3, 112476, 29096927, 29853261
65, 1, 21
4, 106708, 28582537, 29336245
66, 1, 21
2, 304337, 29860260, 30616980
67, 1, 21
1, 87962, 30633493, 31393807
68, 1, 21
2, 147109, 30616980, 31120780
69, 1, 21
2, 132664, 31120780, 31622165
70, 1, 21
2, 298494, 31622165, 32751512
71, 1, 21
3, 397992, 29853261, 32639578
72, 1, 21
1, 317240, 31393807, 34153726
73, 1, 21
2, 187510, 32751512, 33942298
74, 1, 21
1, 20188, 34153726, 34667776
75, 1, 21
1, 31724, 34667776, 35171521
76, 1, 21
2, 51962, 33942298, 34695760
77, 1, 21
1, 53354, 35171521, 35925449
78, 1, 21
3, 33166, 32639578, 35043917
79, 1, 21
1, 54796, 35925449, 36429995
80, 1, 21
2, 230795, 34695760, 35971386
81, 1, 21
3, 164388, 35043917, 35605382
82, 1, 21
1, 51912, 36429995, 36969056
83, 1, 21
3, 96614, 35605382, 36119993
84, 1, 21
2, 214933, 35971386, 36724249
85, 1, 21
1, 38934, 36969056, 37480130
86, 1, 21
3, 170156, 36119993, 36622288
87, 1, 21
2, 220676, 36724249, 37226658
88, 1, 21
1, 83636, 37480130, 38207504
89, 1, 21
2, 220651, 37226658, 37727503
90, 1, 21
3, 239372, 36622288, 37373950
91, 1, 21
1, 51912, 38207504, 38711738
92, 1, 21
2, 193278, 37727503, 38229124
93, 1, 21
3, 148526, 37373950, 37874064
94, 1, 21
1, 82194, 38711738, 39465748
95, 1, 21
2, 219234, 38229124, 38988976
96, 1, 21
2, 49028, 38988976, 39500943
97, 1, 21
1, 73542, 39465748, 40228130
98, 1, 21
2, 46169, 39500943, 40012299
99, 1, 21
1, 77868, 40228130, 40984763
100, 1, 21
2, 60589, 40012299, 40529565
101, 1, 21
1, 54796, 40984763, 41492950
102, 1, 21
3, 63448, 37874064, 40291830
103, 1, 21
2, 100990, 40529565, 41032219
104, 1, 21
1, 41818, 41492950, 42022671
105, 1, 21
2, 173065, 41032219, 41532592
106, 1, 21
3, 213416, 40291830, 41042222
107, 1, 21
2, 222093, 41532592, 42037118
108, 1, 21
3, 165830, 41042222, 41546347
109, 1, 21
1, 86520, 42022671, 42769475
110, 1, 21
2, 203372, 42037118, 42541845
111, 1, 21
3, 214858, 41546347, 42297061
112, 1, 21
1, 82194, 42769475, 43529016
113, 1, 21
2, 318732, 42541845, 43295446
114, 1, 21
3, 164388, 42297061, 42799554
115, 1, 21
3, 154294, 42799554, 43300585
116, 1, 21
2, 266820, 43295446, 44058352
117, 1, 21
2, 46144, 44058352, 44561764
118, 1, 21
1, 183134, 43529016, 45302209
119, 1, 21
1, 41818, 45302209, 45804669
120, 1, 21
2, 64940, 44561764, 45325592
121, 1, 21
1, 56238, 45804669, 46558587
122, 1, 21
2, 112501, 45325592, 46588013
123, 1, 21
1, 79310, 46558587, 47337729
124, 1, 21
2, 86545, 46588013, 47342848
125, 1, 21
1, 87962, 47337729, 48098960
126, 1, 21
1, 135548, 48098960, 49365884
127, 1, 21
2, 178858, 47342848, 49143029
128, 1, 21
1, 40376, 49365884, 49867006
129, 1, 21
2, 47611, 49143029, 49644520
130, 1, 21
1, 59122, 49867006, 50628776
131, 1, 21
2, 33191, 49644520, 50152801
132, 1, 21
1, 46144, 50628776, 51183901
133, 1, 21
2, 41843, 50152801, 50653058
134, 1, 21
2, 50470, 50653058, 51153553
135, 1, 21
1, 72100, 51183901, 51912095
136, 1, 21
2, 60589, 51153553, 51664972
137, 1, 21
1, 60564, 51912095, 52423305
138, 1, 21
2, 89429, 51664972, 52424734
139, 1, 21
1, 89404, 52423305, 53182735
140, 1, 21
3, 5768, 43300585, 53062657
141, 1, 21
2, 161554, 52424734, 53684320
142, 1, 21
3, 165830, 53062657, 53564954
143, 1, 21
2, 222093, 53684320, 54184851
144, 1, 21
2, 237930, 54184851, 54687538
145, 1, 21
3, 268212, 53564954, 54317145
146, 1, 21
2, 243723, 54687538, 55188892
147, 1, 21
3, 252350, 54317145, 55072118
148, 1, 21
2, 217767, 55188892, 55691593
149, 1, 21
2, 210532, 55691593, 56192230
150, 1, 21
3, 237930, 55072118, 55823189
151, 1, 21
2, 226419, 56192230, 56694055
152, 1, 21
2, 346080, 56694055, 57447058
153, 1, 21
3, 742630, 55823189, 58089108
154, 1, 21
2, 549427, 57447058, 58700176
155, 1, 21
2, 108150, 58700176, 59212390
156, 1, 21
2, 56238, 59212390, 59721464
157, 1, 21
2, 83636, 59721464, 60480326
158, 1, 21
1, 1155042, 53182735, 63182813
