0, 2, 21
2, 72100, 5591544, 6337365
1, 72104, 6137849, 6883694
1, 2, 21
2, 144200, 6337365, 7630240
1, 144204, 6883694, 8176124
2, 2, 21
2, 144200, 7630240, 8916693
1, 144204, 8176124, 9462895
3, 2, 21
2, 217742, 8916693, 16982357
1, 217746, 9462895, 17528196
4, 2, 21
2, 80752, 16982357, 17642150
1, 72104, 17528196, 18187678
5, 2, 21
2, 82194, 17642150, 17953235
1, 36054, 18187678, 18499202
6, 2, 21
2, 43260, 17953235, 18113451
1, 18750, 18499202, 18659883
7, 2, 21
2, 21630, 18113451, 18202194
1, 10098, 18659883, 18748520
8, 2, 21
2, 341754, 18202194, 19621974
1, 144204, 18748520, 20168359
9, 2, 21
2, 272538, 19621974, 20291914
1, 72104, 20168359, 20838191
10, 2, 21
2, 134106, 20291914, 20613345
1, 36054, 20838191, 21159432
11, 2, 21
2, 70658, 20613345, 20782232
1, 18750, 21159432, 21327858
12, 2, 21
2, 496048, 20782232, 22229904
1, 144204, 21327858, 22776189
13, 2, 21
2, 211974, 22229904, 22872808
1, 72104, 22776189, 23418781
14, 2, 21
2, 98056, 22872808, 23314012
1, 36054, 23418781, 23860047
15, 2, 21
2, 40376, 23314012, 23486556
1, 18750, 23860047, 24032550
16, 2, 21
2, 12978, 23486556, 23582221
1, 10098, 24032550, 24128247
17, 2, 21
2, 340312, 23582221, 25066078
1, 144204, 24128247, 25612058
18, 2, 21
2, 323008, 25066078, 26287310
1, 144204, 25612058, 26833256
19, 2, 21
2, 162946, 26287310, 26905278
1, 72104, 26833256, 27451294
20, 2, 21
2, 320124, 26905278, 28149204
1, 144204, 27451294, 28694480
21, 2, 21
2, 429716, 28149204, 29452572
1, 144204, 28694480, 29998628
22, 2, 21
2, 252350, 29452572, 30094004
1, 72104, 29998628, 30639817
23, 2, 21
2, 124012, 30094004, 30403852
1, 36054, 30639817, 30949591
24, 2, 21
2, 387898, 30403852, 31625071
1, 144204, 30949591, 32171201
25, 2, 21
2, 162946, 31625071, 32237994
1, 72104, 32171201, 32784137
26, 2, 21
2, 80752, 32237994, 32543757
1, 36054, 32784137, 33089848
27, 2, 21
2, 249466, 32543757, 34405352
1, 144204, 33089848, 34951518
28, 2, 21
2, 72100, 34405352, 35354754
1, 72104, 34951518, 35900926
29, 2, 21
2, 89404, 35354754, 35661320
1, 36054, 35900926, 36207483
30, 2, 21
2, 77868, 35661320, 35831484
1, 18750, 36207483, 36377571
31, 2, 21
2, 41818, 35831484, 35916773
1, 10098, 36377571, 36462922
32, 2, 21
2, 21630, 35916773, 35965597
1, 5772, 36462922, 36511270
33, 2, 21
2, 542192, 35965597, 37451529
1, 144204, 36511270, 37997520
34, 2, 21
2, 263886, 37451529, 38106163
1, 72104, 37997520, 38650006
35, 2, 21
2, 138432, 38106163, 38432259
1, 36054, 38650006, 38978178
36, 2, 21
2, 174482, 38432259, 39886618
1, 144204, 38978178, 40431650
37, 2, 21
2, 72100, 39886618, 40508393
1, 72104, 40431650, 41053933
38, 2, 21
2, 509026, 40508393, 41953145
1, 144204, 41053933, 42499127
39, 2, 21
2, 265328, 41953145, 42623509
1, 72104, 42499127, 43168917
40, 2, 21
2, 138432, 42623509, 42936915
1, 36054, 43168917, 43482122
41, 2, 21
2, 69216, 42936915, 43097882
1, 18750, 43482122, 43643185
42, 2, 21
2, 350406, 43097882, 44498692
1, 144204, 43643185, 45043777
43, 2, 21
2, 72100, 44498692, 45449179
1, 72104, 45043777, 45995386
44, 2, 21
2, 36050, 45449179, 45902128
1, 36054, 45995386, 46448089
45, 2, 21
2, 144200, 45902128, 47165508
1, 144204, 46448089, 47710821
46, 2, 21
2, 72100, 47165508, 47769094
1, 72104, 47710821, 48315112
47, 2, 21
2, 144200, 47769094, 49362558
1, 144204, 48315112, 49907081
48, 2, 21
2, 144200, 49362558, 51027894
1, 144204, 49907081, 51574095
49, 2, 21
2, 144200, 51027894, 52252066
1, 144204, 51574095, 52796993
50, 2, 21
2, 72100, 52252066, 52862137
1, 72104, 52796993, 53408231
51, 2, 21
2, 335986, 52862137, 54100443
1, 144204, 53408231, 54646449
52, 2, 21
2, 292726, 54100443, 54709557
1, 72104, 54646449, 55252319
53, 2, 21
2, 148526, 54709557, 55013031
1, 36054, 55252319, 55558961
54, 2, 21
2, 568148, 55013031, 56248939
1, 144204, 55558961, 56794305
55, 2, 21
2, 556612, 56248939, 57461604
1, 144204, 56794305, 58007204
56, 2, 21
2, 511910, 57461604, 58688988
1, 144204, 58007204, 59234401
57, 2, 21
2, 144200, 58688988, 59998137
1, 144204, 59234401, 60544062
58, 2, 21
2, 72100, 59998137, 60644852
1, 72104, 60544062, 61190499
59, 2, 21
2, 144200, 60644852, 61897872
1, 144204, 61190499, 62443771
60, 2, 21
2, 144200, 61897872, 63260398
1, 144204, 62443771, 63806146
61, 2, 21
2, 144200, 63260398, 64590215
1, 144204, 63806146, 65136405
