0, 2, 21
2, 54796, 5518747, 6079810
1, 54796, 6074353, 6635402
1, 2, 21
2, 53354, 6079810, 6584326
1, 53354, 6635402, 7139957
2, 2, 21
2, 57680, 6584326, 7094305
1, 57680, 7139957, 7650206
3, 2, 21
2, 54796, 7094305, 7599335
1, 54796, 7650206, 8155045
4, 2, 21
2, 56238, 7599335, 8109787
1, 56238, 8155045, 8665639
5, 2, 21
2, 56238, 8109787, 8612050
1, 56238, 8665639, 9167263
6, 2, 21
2, 56238, 8612050, 9117010
1, 56238, 9167263, 9672833
7, 2, 21
2, 46144, 9117010, 15654864
1, 46144, 9672833, 16210620
8, 2, 21
2, 54796, 15654864, 16162080
1, 54796, 16210620, 16717769
9, 2, 21
2, 59122, 16162080, 16664906
1, 59122, 16717769, 17220713
10, 2, 21
2, 57680, 16664906, 17177868
1, 57680, 17220713, 17733659
11, 1, 21
2, 74984, 17177868, 17679381
12, 1, 21
1, 56238, 17733659, 18243184
13, 1, 21
3, 74984, 17008729, 17516828
14, 1, 21
2, 129830, 17679381, 18181160
15, 1, 21
1, 59122, 18243184, 18749803
16, 1, 21
3, 66332, 17516828, 18039515
17, 1, 21
2, 108200, 18181160, 18688863
18, 1, 21
1, 51912, 18749803, 19289005
19, 1, 21
3, 59122, 18039515, 18545920
20, 1, 21
2, 116852, 18688863, 19190980
21, 1, 21
1, 51912, 19289005, 19798040
22, 1, 21
3, 79310, 18545920, 19051834
23, 1, 21
2, 157228, 19190980, 19691241
24, 1, 21
1, 56238, 19798040, 20301085
25, 1, 21
4, 72100, 18409266, 18909476
26, 1, 21
3, 73542, 19051834, 19558221
27, 1, 21
2, 199071, 19691241, 20192484
28, 1, 21
1, 54796, 20301085, 20809197
29, 1, 21
4, 74984, 18909476, 19412765
30, 1, 21
3, 76426, 19558221, 20061678
31, 1, 21
2, 201955, 20192484, 20693634
32, 1, 21
1, 56238, 20809197, 21310354
33, 1, 21
4, 64890, 19412765, 19924026
34, 1, 21
3, 66332, 20061678, 20569088
35, 1, 21
2, 170231, 20693634, 21198442
36, 1, 21
1, 50470, 21310354, 21810683
37, 1, 21
4, 47586, 19924026, 20435310
38, 1, 21
3, 51912, 20569088, 21070440
39, 1, 21
2, 142833, 21198442, 21701290
40, 1, 21
1, 41818, 21810683, 22315274
41, 1, 21
4, 66332, 20435310, 20939309
42, 1, 21
3, 69216, 21070440, 21580437
43, 1, 21
2, 200513, 21701290, 22204663
44, 1, 21
1, 57680, 22315274, 22815586
45, 1, 21
4, 69216, 20939309, 21444934
46, 1, 21
2, 184626, 22204663, 22710172
47, 1, 21
1, 57680, 22815586, 23329565
48, 1, 21
4, 62006, 21444934, 21965239
49, 1, 21
2, 99548, 22710172, 23213386
50, 1, 21
1, 43260, 23329565, 23836705
51, 1, 21
4, 69216, 21965239, 22473900
52, 1, 21
2, 105316, 23213386, 23717145
53, 1, 21
1, 43260, 23836705, 24349803
54, 1, 21
4, 46144, 22473900, 22980740
55, 1, 21
2, 95222, 23717145, 24217250
56, 1, 21
1, 47586, 24349803, 24857181
57, 1, 21
4, 66332, 22980740, 23487785
58, 1, 21
2, 129830, 24217250, 24721493
59, 1, 21
1, 56238, 24857181, 25366438
60, 1, 21
4, 76426, 23487785, 23995909
61, 1, 21
2, 132714, 24721493, 25222349
62, 1, 21
1, 59122, 25366438, 25868973
63, 1, 21
4, 72100, 23995909, 24496806
64, 1, 21
2, 131272, 25222349, 25722406
65, 1, 21
1, 59122, 25868973, 26375577
66, 1, 21
4, 77868, 24496806, 25004916
67, 1, 21
2, 137040, 25722406, 26222479
68, 1, 21
1, 60564, 26375577, 26886463
69, 1, 21
4, 77868, 25004916, 25512823
70, 1, 21
2, 131272, 26222479, 26723056
71, 1, 21
1, 59122, 26886463, 27395861
72, 1, 21
4, 73542, 25512823, 26026190
73, 1, 21
2, 131272, 26723056, 27225841
74, 1, 21
1, 57680, 27395861, 27904503
75, 1, 21
4, 74984, 26026190, 26527340
76, 1, 21
2, 132714, 27225841, 27727929
77, 1, 21
1, 59122, 27904503, 28409412
78, 1, 21
4, 73542, 26527340, 27028841
79, 1, 21
2, 134156, 27727929, 28228586
80, 1, 21
1, 59122, 28409412, 28913302
81, 1, 21
3, 70658, 21580437, 27989491
82, 1, 21
4, 72100, 27028841, 27537155
83, 1, 21
2, 155811, 28228586, 28730791
84, 1, 21
1, 59122, 28913302, 29421517
85, 1, 21
3, 57680, 27989491, 28499899
86, 1, 21
4, 62006, 27537155, 28043528
87, 1, 21
2, 171673, 28730791, 29232996
88, 1, 21
1, 50470, 29421517, 29924572
89, 1, 21
3, 70658, 28499899, 29007090
90, 1, 21
4, 72100, 28043528, 28549334
91, 1, 21
2, 193303, 29232996, 29736624
92, 1, 21
1, 56238, 29924572, 30430225
93, 1, 21
3, 70658, 29007090, 29515204
94, 1, 21
4, 74984, 28549334, 29058291
95, 1, 21
2, 206281, 29736624, 30239579
96, 1, 21
1, 59122, 30430225, 30934747
97, 1, 21
3, 70658, 29515204, 30015417
98, 1, 21
4, 70658, 29058291, 29562344
99, 1, 21
2, 199071, 30239579, 30739713
100, 1, 21
1, 60564, 30934747, 31446576
101, 1, 21
3, 74984, 30015417, 30522178
102, 1, 21
2, 142808, 30739713, 31241461
103, 1, 21
1, 60564, 31446576, 31955761
104, 1, 21
3, 74984, 30522178, 31027911
105, 1, 21
2, 134156, 31241461, 31744847
106, 1, 21
1, 59122, 31955761, 32458499
107, 1, 21
3, 74984, 31027911, 31536760
108, 1, 21
2, 132714, 31744847, 32245856
109, 1, 21
1, 59122, 32458499, 32961909
110, 1, 21
3, 73542, 31536760, 32038119
111, 1, 21
2, 134156, 32245856, 32752139
112, 1, 21
1, 57680, 32961909, 33462865
113, 1, 21
3, 64890, 32038119, 32544769
114, 1, 21
2, 118294, 32752139, 33258048
115, 1, 21
1, 49028, 33462865, 34016928
116, 1, 21
2, 38959, 33258048, 33775226
117, 1, 21
1, 21630, 34016928, 34528689
118, 1, 21
2, 33191, 33775226, 34285014
119, 1, 21
1, 34608, 34528689, 35030404
120, 1, 21
2, 36075, 34285014, 34790723
121, 1, 21
1, 37492, 35030404, 35582064
122, 1, 21
2, 41843, 34790723, 35300402
123, 1, 21
1, 53354, 35582064, 36088322
124, 1, 21
3, 44702, 32544769, 35021115
125, 1, 21
2, 134156, 35300402, 35801693
126, 1, 21
1, 57680, 36088322, 36591462
127, 1, 21
3, 164388, 35021115, 35577712
128, 1, 21
2, 184626, 35801693, 36310582
129, 1, 21
1, 34608, 36591462, 37098057
130, 1, 21
3, 96614, 35577712, 36087707
131, 1, 21
2, 142808, 36310582, 36812987
132, 1, 21
1, 54796, 37098057, 37606406
133, 1, 21
3, 171598, 36087707, 36590249
134, 1, 21
2, 237980, 36812987, 37315171
135, 1, 21
1, 57680, 37606406, 38112194
136, 1, 21
3, 165830, 36590249, 37090843
137, 1, 21
2, 216350, 37315171, 37818782
138, 1, 21
1, 56238, 38112194, 38619934
139, 1, 21
3, 147084, 37090843, 37597487
140, 1, 21
2, 200488, 37818782, 38322001
141, 1, 21
1, 57680, 38619934, 39134844
142, 1, 21
2, 137015, 38322001, 38838413
143, 1, 21
1, 49028, 39134844, 39636423
144, 1, 21
2, 47611, 38838413, 39340038
145, 1, 21
1, 44702, 39636423, 40140748
146, 1, 21
2, 49053, 39340038, 39842148
147, 1, 21
1, 57680, 40140748, 40646406
148, 1, 21
2, 59147, 39842148, 40350169
149, 1, 21
1, 54796, 40646406, 41153513
150, 1, 21
3, 136990, 37597487, 40250439
151, 1, 21
2, 60614, 40350169, 40850678
152, 1, 21
1, 38934, 41153513, 41658493
153, 1, 21
3, 134106, 40250439, 40754150
154, 1, 21
2, 180300, 40850678, 41352585
155, 1, 21
1, 59122, 41658493, 42165357
156, 1, 21
3, 160062, 40754150, 41256928
157, 1, 21
2, 222118, 41352585, 41856496
158, 1, 21
1, 57680, 42165357, 42666513
159, 1, 21
3, 164388, 41256928, 41757874
160, 1, 21
2, 207698, 41856496, 42356926
161, 1, 21
1, 50470, 42666513, 43172493
162, 1, 21
3, 136990, 41757874, 42261111
163, 1, 21
2, 199046, 42356926, 42858964
164, 1, 21
1, 59122, 43172493, 43680190
165, 1, 21
3, 164388, 42261111, 42763001
166, 1, 21
2, 223560, 42858964, 43362896
167, 1, 21
1, 53354, 43680190, 44183467
168, 1, 21
3, 154294, 42763001, 43265702
169, 1, 21
2, 193278, 43362896, 43864783
170, 1, 21
1, 50470, 44183467, 44718598
171, 1, 21
2, 47611, 43864783, 44377286
172, 1, 21
1, 50470, 44718598, 45219116
173, 1, 21
2, 43285, 44377286, 44891838
174, 1, 21
1, 37492, 45219116, 45726667
175, 1, 21
2, 36075, 44891838, 45394752
176, 1, 21
1, 37492, 45726667, 46247958
177, 1, 21
2, 41843, 45394752, 45899644
178, 1, 21
1, 53354, 46247958, 46757913
179, 1, 21
2, 56263, 45899644, 46400900
180, 1, 21
1, 57680, 46757913, 47263192
181, 1, 21
2, 59147, 46400900, 46906813
182, 1, 21
1, 57680, 47263192, 47763455
183, 1, 21
2, 59147, 46906813, 47413423
184, 1, 21
1, 60564, 47763455, 48270106
185, 1, 21
2, 57705, 47413423, 47919847
186, 1, 21
1, 50470, 48270106, 48782056
187, 1, 21
2, 47611, 47919847, 48432842
188, 1, 21
1, 38934, 48782056, 49295506
189, 1, 21
2, 41843, 48432842, 48937982
190, 1, 21
1, 50470, 49295506, 49812013
191, 1, 21
2, 43285, 48937982, 49444900
192, 1, 21
1, 36050, 49812013, 50338943
193, 1, 21
2, 37517, 49444900, 49949881
194, 1, 21
1, 41818, 50338943, 50851299
195, 1, 21
2, 41843, 49949881, 50455241
196, 1, 21
1, 50470, 50851299, 51357296
197, 1, 21
2, 53379, 50455241, 50961988
198, 1, 21
1, 59122, 51357296, 51860065
199, 1, 21
2, 60589, 50961988, 51473304
200, 1, 21
1, 60564, 51860065, 52369112
201, 1, 21
2, 59147, 51473304, 51973792
202, 1, 21
1, 59122, 52369112, 52875121
203, 1, 21
2, 59147, 51973792, 52477251
204, 1, 21
1, 59122, 52875121, 53375739
205, 1, 21
2, 59147, 52477251, 52983243
206, 1, 21
1, 59122, 53375739, 53886824
207, 1, 21
2, 59147, 52983243, 53488998
208, 1, 21
3, 4326, 43265702, 53023612
209, 1, 21
1, 59122, 53886824, 54392266
210, 1, 21
2, 197604, 53488998, 53989419
211, 1, 21
3, 165830, 53023612, 53525896
212, 1, 21
1, 59122, 54392266, 54896292
213, 1, 21
2, 230770, 53989419, 54490742
214, 1, 21
3, 175924, 53525896, 54026278
215, 1, 21
1, 60564, 54896292, 55405965
216, 1, 21
2, 243748, 54490742, 54994052
217, 1, 21
3, 184576, 54026278, 54528175
218, 1, 21
1, 59122, 55405965, 55906381
219, 1, 21
2, 233654, 54994052, 55495743
220, 1, 21
3, 171598, 54528175, 55030933
221, 1, 21
1, 57680, 55906381, 56414511
222, 1, 21
2, 227886, 55495743, 55997461
223, 1, 21
3, 173040, 55030933, 55534308
224, 1, 21
1, 60564, 56414511, 56921922
225, 1, 21
2, 232212, 55997461, 56497486
226, 1, 21
3, 174482, 55534308, 56038148
227, 1, 21
1, 60564, 56921922, 57428484
228, 1, 21
2, 232212, 56497486, 57000678
229, 1, 21
3, 170156, 56038148, 56538867
230, 1, 21
1, 59122, 57428484, 57929523
231, 1, 21
2, 229328, 57000678, 57502300
232, 1, 21
3, 167272, 56538867, 57041789
233, 1, 21
1, 59122, 57929523, 58438799
234, 1, 21
2, 220676, 57502300, 58002986
235, 1, 21
3, 162946, 57041789, 57542133
236, 1, 21
1, 60564, 58438799, 58943295
237, 1, 21
2, 235096, 58002986, 58503884
238, 1, 21
3, 177366, 57542133, 58045621
239, 1, 21
1, 56238, 58943295, 59449268
240, 1, 21
2, 90896, 58503884, 59010580
241, 1, 21
1, 56238, 59449268, 59962948
242, 1, 21
2, 54821, 59010580, 59516108
243, 1, 21
1, 56238, 59962948, 60468776
244, 1, 21
2, 56263, 59516108, 60017649
245, 1, 21
1, 56238, 60468776, 60972446
246, 1, 21
2, 56263, 60017649, 60518586
247, 1, 21
1, 57680, 60972446, 61481196
248, 1, 21
2, 57705, 60518586, 61022602
249, 1, 21
1, 59122, 61481196, 61994400
250, 1, 21
2, 57705, 61022602, 61522656
251, 1, 21
1, 57680, 61994400, 62499363
252, 1, 21
2, 57705, 61522656, 62031830
253, 1, 21
1, 53354, 62499363, 63001208
254, 1, 21
2, 53379, 62031830, 62541530
255, 1, 21
1, 53354, 63001208, 63507858
256, 1, 21
2, 51937, 62541530, 63041588
257, 1, 21
1, 53354, 63507858, 64012795
258, 1, 21
2, 53379, 63041588, 63544358
259, 1, 21
1, 53354, 64012795, 64513836
260, 1, 21
2, 54821, 63544358, 64045841
261, 1, 21
1, 54796, 64513836, 65016227
262, 1, 21
2, 54821, 64045841, 64548583
263, 1, 21
1, 57680, 65016227, 65526010
264, 1, 21
2, 56263, 64548583, 65050890
265, 1, 21
1, 56238, 65526010, 66032182
266, 1, 21
2, 56263, 65050890, 65557053
