0, 2, 21
2, 211974, 5566568, 7569698
1, 211974, 6135126, 8137940
1, 2, 21
2, 223510, 7569698, 15699219
1, 223510, 8137940, 16267246
2, 1, 21
2, 239372, 15699219, 17702546
3, 1, 21
1, 281190, 16267246, 18778718
4, 1, 21
3, 276864, 17038206, 19046269
5, 1, 21
2, 506192, 17702546, 19708080
6, 1, 21
1, 209090, 18778718, 20788157
7, 1, 21
4, 261002, 18455037, 20461416
8, 1, 21
3, 263886, 19046269, 21058361
9, 1, 21
2, 716749, 19708080, 21714306
10, 1, 21
1, 206206, 20788157, 22790646
11, 1, 21
4, 268212, 20461416, 22465295
12, 1, 21
2, 602806, 21714306, 23717445
13, 1, 21
1, 187460, 22790646, 24801424
14, 1, 21
4, 261002, 22465295, 24472677
15, 1, 21
2, 484562, 23717445, 25721748
16, 1, 21
1, 232162, 24801424, 26801769
17, 1, 21
4, 299936, 24472677, 26477276
18, 1, 21
2, 529264, 25721748, 27722521
19, 1, 21
1, 229278, 26801769, 28802324
20, 1, 21
3, 147084, 21058361, 28039594
21, 1, 21
4, 278306, 26477276, 28482397
22, 1, 21
2, 637439, 27722521, 29726025
23, 1, 21
1, 217742, 28802324, 30811812
24, 1, 21
3, 266770, 28039594, 30040246
25, 1, 21
2, 797476, 29726025, 32228113
26, 1, 21
3, 291284, 30040246, 32044366
27, 1, 21
1, 291284, 30811812, 33322884
28, 1, 21
2, 346130, 32228113, 34243146
29, 1, 21
3, 119686, 32044366, 35096316
30, 1, 21
1, 227836, 33322884, 36322525
31, 1, 21
2, 351898, 34243146, 36245306
32, 1, 21
3, 575358, 35096316, 37099593
33, 1, 21
1, 203322, 36322525, 38333308
34, 1, 21
2, 767194, 36245306, 38246886
35, 1, 21
2, 340312, 38246886, 40256087
36, 1, 21
1, 256676, 38333308, 40833344
37, 1, 21
3, 307146, 37099593, 40331831
38, 1, 21
2, 809012, 40256087, 42758458
39, 1, 21
3, 589778, 40331831, 42338188
40, 1, 21
1, 333102, 40833344, 43966824
41, 1, 21
2, 582618, 42758458, 44765868
42, 1, 21
1, 216300, 43966824, 46361484
43, 1, 21
2, 175949, 44765868, 46768770
44, 1, 21
1, 220626, 46361484, 48370570
45, 1, 21
2, 261027, 46768770, 49272215
46, 1, 21
1, 183134, 48370570, 50392357
47, 1, 21
1, 255234, 50392357, 52896499
48, 1, 21
2, 399484, 49272215, 53188422
49, 1, 21
3, 331660, 42338188, 53236608
50, 1, 21
1, 235046, 52896499, 54906075
51, 1, 21
3, 695044, 53236608, 55240394
52, 1, 21
2, 1023895, 53188422, 55839244
53, 1, 21
1, 295610, 54906075, 57414179
54, 1, 21
3, 845012, 55240394, 57740667
55, 1, 21
2, 1140672, 55839244, 58339543
56, 1, 21
2, 396550, 58339543, 60351326
57, 1, 21
1, 448462, 57414179, 61333120
58, 1, 21
2, 226419, 60351326, 62365888
59, 1, 21
2, 268212, 62365888, 64875341
