0, 2, 21
2, 72100, 5435090, 6186379
1, 72104, 5992586, 6742991
1, 2, 21
2, 144200, 6186379, 7479285
1, 144204, 6742991, 8036923
2, 2, 21
2, 144200, 7479285, 8767055
1, 144204, 8036923, 9324510
3, 2, 21
2, 217742, 8767055, 16832447
1, 217746, 9324510, 17390073
4, 2, 21
2, 85078, 16832447, 17492860
1, 72104, 17390073, 18049386
5, 2, 21
2, 82194, 17492860, 17802360
1, 36054, 18049386, 18359449
6, 2, 21
2, 43260, 17802360, 17962420
1, 18750, 18359449, 18520015
7, 2, 21
2, 21630, 17962420, 18050182
1, 10098, 18520015, 18607814
8, 2, 21
2, 340312, 18050182, 19458344
1, 144204, 18607814, 20013457
9, 2, 21
2, 266770, 19458344, 20123062
1, 72104, 20013457, 20680454
10, 2, 21
2, 132664, 20123062, 20446094
1, 36054, 20680454, 21002676
11, 2, 21
2, 70658, 20446094, 20615759
1, 18750, 21002676, 21172036
12, 2, 21
2, 497490, 20615759, 22076029
1, 144204, 21172036, 22632395
13, 2, 21
2, 214858, 22076029, 22718096
1, 72104, 22632395, 23275567
14, 2, 21
2, 92288, 22718096, 23159254
1, 36054, 23275567, 23716807
15, 2, 21
2, 43260, 23159254, 23337449
1, 18750, 23716807, 23894887
16, 2, 21
2, 14420, 23337449, 23433577
1, 10098, 23894887, 23990599
17, 2, 21
2, 340312, 23433577, 24942009
1, 144204, 23990599, 25499402
18, 2, 21
2, 330218, 24942009, 26167762
1, 144204, 25499402, 26725186
19, 2, 21
2, 165830, 26167762, 26799279
1, 72104, 26725186, 27356614
20, 2, 21
2, 328776, 26799279, 28061612
1, 144204, 27356614, 28615709
21, 2, 21
2, 464324, 28061612, 29415031
1, 144204, 28615709, 29970994
22, 2, 21
2, 263886, 29415031, 30078545
1, 72104, 29970994, 30634875
23, 2, 21
2, 122570, 30078545, 30388958
1, 36054, 30634875, 30945629
24, 2, 21
2, 347522, 30388958, 31607452
1, 144204, 30945629, 32164925
25, 2, 21
2, 162946, 31607452, 32220266
1, 72104, 32164925, 32777799
26, 2, 21
2, 82194, 32220266, 32526694
1, 36054, 32777799, 33083620
27, 2, 21
2, 223510, 32526694, 34387142
1, 144204, 33083620, 34944817
28, 2, 21
2, 85078, 34387142, 35348341
1, 72104, 34944817, 35905888
29, 2, 21
2, 136990, 35348341, 35656149
1, 36054, 35905888, 36213127
30, 2, 21
2, 69216, 35656149, 35826023
1, 18750, 36213127, 36383325
31, 2, 21
2, 23072, 35826023, 35911344
1, 10098, 36383325, 36468706
32, 2, 21
2, 17304, 35911344, 35960278
1, 5772, 36468706, 36517043
33, 2, 21
2, 569590, 35960278, 37448935
1, 144204, 36517043, 38004534
34, 2, 21
2, 262444, 37448935, 38099008
1, 72104, 38004534, 38656372
35, 2, 21
2, 113918, 38099008, 38426960
1, 36054, 38656372, 38983591
36, 2, 21
2, 144200, 38426960, 39876260
1, 144204, 38983591, 40433716
37, 2, 21
2, 72100, 39876260, 40499041
1, 72104, 40433716, 41055918
38, 2, 21
2, 563822, 40499041, 41943981
1, 144204, 41055918, 42500520
39, 2, 21
2, 262444, 41943981, 42612239
1, 72104, 42500520, 43169545
40, 2, 21
2, 141316, 42612239, 42925915
1, 36054, 43169545, 43482309
41, 2, 21
2, 70658, 42925915, 43085682
1, 18750, 43482309, 43643136
42, 2, 21
2, 295610, 43085682, 44489838
1, 144204, 43643136, 45046918
43, 2, 21
2, 72100, 44489838, 45454909
1, 72104, 45046918, 46010955
44, 2, 21
2, 36050, 45454909, 45908413
1, 36054, 46010955, 46464583
45, 2, 21
2, 144200, 45908413, 47168161
1, 144204, 46464583, 47725683
46, 2, 21
2, 72100, 47168161, 47771149
1, 72104, 47725683, 48328693
47, 2, 21
2, 144200, 47771149, 49370562
1, 144204, 48328693, 49927777
48, 2, 21
2, 144200, 49370562, 51044295
1, 144204, 49927777, 51601455
49, 2, 21
2, 144200, 51044295, 52264493
1, 144204, 51601455, 52822028
50, 2, 21
2, 72100, 52264493, 52877467
1, 72104, 52822028, 53434232
51, 2, 21
2, 408086, 52877467, 54118471
1, 144204, 53434232, 54675413
52, 2, 21
2, 292726, 54118471, 54725401
1, 72104, 54675413, 55281771
53, 2, 21
2, 138432, 54725401, 55035211
1, 36054, 55281771, 55591495
54, 2, 21
2, 569590, 55035211, 56271210
1, 144204, 55591495, 56827673
55, 2, 21
2, 552286, 56271210, 57486353
1, 144204, 56827673, 58042470
56, 2, 21
2, 447020, 57486353, 58712903
1, 144204, 58042470, 59269901
57, 2, 21
2, 144200, 58712903, 60021428
1, 144204, 59269901, 60578657
58, 2, 21
2, 72100, 60021428, 60664852
1, 72104, 60578657, 61222637
59, 2, 21
2, 144200, 60664852, 61917168
1, 144204, 61222637, 62474913
60, 2, 21
2, 144200, 61917168, 63283728
1, 144204, 62474913, 63840593
61, 2, 21
2, 144200, 63283728, 64613104
1, 144204, 63840593, 65170902
