0, 2, 21
2, 211974, 5646679, 7650069
1, 211974, 6277789, 8280990
1, 2, 21
2, 223510, 7650069, 15778194
1, 223510, 8280990, 16409701
2, 1, 21
2, 237930, 15778194, 17780363
3, 1, 21
1, 224952, 16409701, 18419561
4, 1, 21
3, 278306, 17125195, 19134429
5, 1, 21
2, 506192, 17780363, 19784901
6, 1, 21
1, 211974, 18419561, 20423382
7, 1, 21
4, 256676, 18445462, 20445810
8, 1, 21
3, 266770, 19134429, 21141514
9, 1, 21
2, 713865, 19784901, 21785213
10, 1, 21
1, 207648, 20423382, 22429108
11, 1, 21
4, 261002, 20445810, 22453915
12, 2, 21
2, 602806, 21785213, 23809879
1, 200438, 22429108, 24439546
13, 1, 21
4, 255234, 22453915, 24462185
14, 1, 21
2, 473026, 23809879, 25810806
15, 1, 21
1, 210532, 24439546, 26441980
16, 1, 21
4, 301378, 24462185, 26467933
17, 2, 21
2, 535007, 25810806, 27817401
1, 233604, 26441980, 28447697
18, 1, 21
3, 142758, 21141514, 28087054
19, 1, 21
4, 281190, 26467933, 28473089
20, 1, 21
2, 654718, 27817401, 29818603
21, 1, 21
1, 222068, 28447697, 30449416
22, 1, 21
3, 278306, 28087054, 30093678
23, 1, 21
2, 689326, 29818603, 31819536
24, 1, 21
1, 233604, 30449416, 32456312
25, 1, 21
3, 294168, 30093678, 32096101
26, 2, 21
2, 431208, 31819536, 33920844
1, 201880, 32456312, 34551011
27, 1, 21
3, 105266, 32096101, 35053521
28, 1, 21
2, 253817, 33920844, 35921552
29, 1, 21
1, 164388, 34551011, 36555805
30, 1, 21
3, 565264, 35053521, 37056180
31, 2, 21
2, 771520, 35921552, 37926572
1, 201880, 36555805, 38557256
32, 2, 21
2, 428274, 37926572, 39928956
1, 204764, 38557256, 40559810
33, 1, 21
3, 317240, 37056180, 40319853
34, 2, 21
2, 516261, 39928956, 41931190
1, 209090, 40559810, 42562293
35, 1, 21
3, 592662, 40319853, 42319994
36, 2, 21
2, 833501, 41931190, 43942167
1, 222068, 42562293, 44573238
37, 2, 21
2, 165830, 43942167, 45952060
1, 165830, 44573238, 46582750
38, 2, 21
2, 232162, 45952060, 47957055
1, 232162, 46582750, 48586403
39, 2, 21
2, 167272, 47957055, 49969882
1, 167272, 48586403, 50601008
40, 2, 21
2, 211974, 49969882, 51978679
1, 211974, 50601008, 52610039
41, 1, 21
3, 325892, 42319994, 53089581
42, 1, 21
2, 340337, 51978679, 53981362
43, 1, 21
1, 235046, 52610039, 54618207
44, 1, 21
3, 693602, 53089581, 55091052
45, 1, 21
2, 933024, 53981362, 55983037
46, 1, 21
1, 235046, 54618207, 56622818
47, 1, 21
3, 677740, 55091052, 57095619
48, 1, 21
2, 899858, 55983037, 57987152
49, 1, 21
1, 236488, 56622818, 58622959
50, 2, 21
2, 488863, 57987152, 59996445
1, 226394, 58622959, 60627686
51, 2, 21
2, 227836, 59996445, 61996862
1, 227836, 60627686, 62628213
52, 2, 21
2, 213416, 61996862, 64001190
1, 213416, 62628213, 64632680
