0, 2, 21
2, 102382, 5523521, 6536066
1, 102382, 6133070, 7144873
1, 2, 21
2, 111034, 6536066, 7539272
1, 111034, 7144873, 8148072
2, 2, 21
2, 139874, 7539272, 8792272
1, 139874, 8148072, 9400868
3, 2, 21
2, 82194, 8792272, 15655912
1, 82194, 9400868, 16265084
4, 2, 21
2, 113918, 15655912, 16666954
1, 113918, 16265084, 17276090
5, 1, 21
2, 135548, 16666954, 17676207
6, 1, 21
1, 112476, 17276090, 18287868
7, 1, 21
3, 141316, 16973083, 17982646
8, 1, 21
2, 236538, 17676207, 18679760
9, 1, 21
1, 111034, 18287868, 19296881
10, 1, 21
3, 138432, 17982646, 18990952
11, 1, 21
2, 274030, 18679760, 19682248
12, 1, 21
1, 100940, 19296881, 20306736
13, 1, 21
4, 145642, 18409013, 19414154
14, 1, 21
3, 144200, 18990952, 19991894
15, 1, 21
2, 398067, 19682248, 20682622
16, 1, 21
1, 111034, 20306736, 21316936
17, 1, 21
4, 112476, 19414154, 20414633
18, 1, 21
3, 116802, 19991894, 21000001
19, 1, 21
2, 308663, 20682622, 21683877
20, 1, 21
1, 95172, 21316936, 22322691
21, 1, 21
4, 136990, 20414633, 21419440
22, 1, 21
3, 136990, 21000001, 22004081
23, 1, 21
2, 386531, 21683877, 22686835
24, 1, 21
1, 108150, 22322691, 23332747
25, 1, 21
4, 131222, 21419440, 22419571
26, 1, 21
2, 210582, 22686835, 23689651
27, 1, 21
1, 92288, 23332747, 24340496
28, 1, 21
4, 109592, 22419571, 23425930
29, 1, 21
2, 275472, 23689651, 24942603
30, 1, 21
1, 119686, 24340496, 25597936
31, 1, 21
4, 142758, 23425930, 24430122
32, 1, 21
2, 262494, 24942603, 25946826
33, 1, 21
1, 118244, 25597936, 26608045
34, 1, 21
4, 147084, 24430122, 25436449
35, 1, 21
2, 324500, 25946826, 27202004
36, 1, 21
1, 145642, 26608045, 27866186
37, 1, 21
4, 138432, 25436449, 26437486
38, 1, 21
3, 10094, 22004081, 27995680
39, 1, 21
4, 142758, 26437486, 27444815
40, 1, 21
1, 162946, 27866186, 29381399
41, 1, 21
2, 549527, 27202004, 29157521
42, 1, 21
3, 134106, 27995680, 29011287
43, 1, 21
4, 164388, 27444815, 28697122
44, 1, 21
1, 124012, 29381399, 30633019
45, 1, 21
2, 385089, 29157521, 30158912
46, 1, 21
3, 141316, 29011287, 30018123
47, 1, 21
1, 118244, 30633019, 31639439
48, 1, 21
2, 436976, 30158912, 31410150
49, 1, 21
3, 147084, 30018123, 31018374
50, 1, 21
1, 148526, 31639439, 32897152
51, 1, 21
2, 265378, 31410150, 32410742
52, 1, 21
3, 183134, 31018374, 32275350
53, 1, 21
2, 239397, 32410742, 33412658
54, 1, 21
1, 160062, 32897152, 34428814
55, 1, 21
2, 67799, 33412658, 34461049
56, 1, 21
1, 57680, 34428814, 35437819
57, 1, 21
2, 70683, 34461049, 35474977
58, 1, 21
3, 72100, 32275350, 34995131
59, 1, 21
1, 85078, 35437819, 36446846
60, 1, 21
2, 354782, 35474977, 36481201
61, 1, 21
3, 249466, 34995131, 35997197
62, 1, 21
1, 115360, 36446846, 37698769
63, 1, 21
2, 403810, 36481201, 37489667
64, 1, 21
3, 324450, 35997197, 36999099
65, 1, 21
1, 115360, 37698769, 38707829
66, 1, 21
2, 400926, 37489667, 38489718
67, 1, 21
3, 285516, 36999099, 37999224
68, 1, 21
1, 135548, 38707829, 39972083
69, 1, 21
2, 142808, 38489718, 39491434
70, 1, 21
1, 100940, 39972083, 40980626
71, 1, 21
2, 103849, 39491434, 40494846
72, 1, 21
3, 23072, 37999224, 40283845
73, 1, 21
1, 99498, 40980626, 42043657
74, 1, 21
2, 380738, 40494846, 41746094
75, 1, 21
3, 291284, 40283845, 41284639
76, 1, 21
1, 116802, 42043657, 43047920
77, 1, 21
2, 418230, 41746094, 42749373
78, 1, 21
3, 382130, 41284639, 42534936
79, 1, 21
1, 111034, 43047920, 44053193
80, 1, 21
2, 423998, 42749373, 43750442
81, 1, 21
1, 126896, 44053193, 45306314
82, 1, 21
2, 147109, 43750442, 44831690
83, 1, 21
1, 77868, 45306314, 46311502
84, 1, 21
2, 76451, 44831690, 45833798
85, 1, 21
1, 98056, 46311502, 47318615
86, 1, 21
2, 132689, 45833798, 47093424
87, 1, 21
1, 116802, 47318615, 48320072
88, 1, 21
2, 171623, 47093424, 48657071
89, 1, 21
1, 105266, 48320072, 49324086
90, 1, 21
1, 85078, 49324086, 50345363
91, 1, 21
1, 138432, 50345363, 51918970
92, 1, 21
2, 276939, 48657071, 51709718
93, 1, 21
1, 119686, 51918970, 52928863
94, 1, 21
2, 118269, 51709718, 52713766
95, 1, 21
1, 147084, 52928863, 54187127
96, 1, 21
3, 245140, 42534936, 53068118
97, 1, 21
2, 226444, 52713766, 53884112
98, 1, 21
3, 340312, 53068118, 54068405
99, 1, 21
2, 467233, 53884112, 54885135
100, 1, 21
1, 230720, 54187127, 56146316
101, 1, 21
3, 438368, 54068405, 55318857
102, 1, 21
2, 578292, 54885135, 56138538
103, 1, 21
3, 526330, 55318857, 56882273
104, 1, 21
2, 706605, 56138538, 57704720
105, 1, 21
2, 451346, 57704720, 58707481
106, 1, 21
2, 112476, 58707481, 59720875
107, 1, 21
2, 111034, 59720875, 60721975
108, 1, 21
2, 178808, 60721975, 62286829
109, 1, 21
2, 259560, 62286829, 64731764
110, 1, 21
1, 1123318, 56146316, 66152383
