0, 2, 21
2, 72100, 5588723, 6337250
1, 72104, 6175710, 6924118
1, 2, 21
2, 144200, 6337250, 7633500
1, 144204, 6924118, 8220224
2, 2, 21
2, 144200, 7633500, 8923854
1, 144204, 8220224, 9509920
3, 2, 21
2, 217742, 8923854, 16985188
1, 217746, 9509920, 17572201
4, 2, 21
2, 85078, 16985188, 17642728
1, 72104, 17572201, 18229342
5, 2, 21
2, 82194, 17642728, 17954080
1, 36054, 18229342, 18540621
6, 2, 21
2, 43260, 17954080, 18114576
1, 18750, 18540621, 18701064
7, 2, 21
2, 23072, 18114576, 18202279
1, 10098, 18701064, 18788801
8, 2, 21
2, 341754, 18202279, 19607342
1, 144204, 18788801, 20193117
9, 2, 21
2, 269654, 19607342, 20272575
1, 72104, 20193117, 20858775
10, 2, 21
2, 135548, 20272575, 20595907
1, 36054, 20858775, 21180494
11, 2, 21
2, 64890, 20595907, 20763497
1, 18750, 21180494, 21349185
12, 2, 21
2, 477302, 20763497, 22214097
1, 144204, 21349185, 22799601
13, 2, 21
2, 227836, 22214097, 22857374
1, 72104, 22799601, 23443183
14, 2, 21
2, 83636, 22857374, 23299116
1, 36054, 23443183, 23884603
15, 2, 21
2, 43260, 23299116, 23470459
1, 18750, 23884603, 24057098
16, 2, 21
2, 21630, 23470459, 23566230
1, 10098, 24057098, 24152778
17, 2, 21
2, 324450, 23566230, 25051054
1, 144204, 24152778, 25636787
18, 2, 21
2, 317240, 25051054, 26271467
1, 144204, 25636787, 26857981
19, 2, 21
2, 161504, 26271467, 26891583
1, 72104, 26857981, 27477287
20, 2, 21
2, 325892, 26891583, 28146699
1, 144204, 27477287, 28732608
21, 2, 21
2, 425390, 28146699, 29452258
1, 144204, 28732608, 30038503
22, 2, 21
2, 250908, 29452258, 30092452
1, 72104, 30038503, 30678643
23, 2, 21
2, 126896, 30092452, 30405672
1, 36054, 30678643, 30992185
24, 2, 21
2, 387898, 30405672, 31627030
1, 144204, 30992185, 32213513
25, 2, 21
2, 160062, 31627030, 32238542
1, 72104, 32213513, 32825225
26, 2, 21
2, 80752, 32238542, 32544008
1, 36054, 32825225, 33130822
27, 2, 21
2, 278306, 32544008, 34407079
1, 144204, 33130822, 34993175
28, 2, 21
2, 72100, 34407079, 35358495
1, 72104, 34993175, 35943797
29, 2, 21
2, 36050, 35358495, 35664812
1, 36054, 35943797, 36251424
30, 2, 21
2, 62006, 35664812, 35837188
1, 18750, 36251424, 36423655
31, 2, 21
2, 40376, 35837188, 35923600
1, 10098, 36423655, 36509223
32, 2, 21
2, 21630, 35923600, 35972465
1, 5772, 36509223, 36557763
33, 2, 21
2, 543634, 35972465, 37461837
1, 144204, 36557763, 38046207
34, 2, 21
2, 275422, 37461837, 38113566
1, 72104, 38046207, 38699252
35, 2, 21
2, 121128, 38113566, 38442368
1, 36054, 38699252, 39027879
36, 2, 21
2, 246582, 38442368, 39902296
1, 144204, 39027879, 40487686
37, 2, 21
2, 72100, 39902296, 40550674
1, 72104, 40487686, 41136895
38, 2, 21
2, 434042, 40550674, 42014168
1, 144204, 41136895, 42600767
39, 2, 21
2, 273980, 42014168, 42687815
1, 72104, 42600767, 43273668
40, 2, 21
2, 135548, 42687815, 43002447
1, 36054, 43273668, 43588536
41, 2, 21
2, 69216, 43002447, 43164792
1, 18750, 43588536, 43750591
42, 2, 21
2, 419622, 43164792, 44573876
1, 144204, 43750591, 45159636
43, 2, 21
2, 72100, 44573876, 45532624
1, 72104, 45159636, 46118215
44, 2, 21
2, 36050, 45532624, 45987970
1, 36054, 46118215, 46574371
45, 2, 21
2, 144200, 45987970, 47250986
1, 144204, 46574371, 47837654
46, 2, 21
2, 72100, 47250986, 47854223
1, 72104, 47837654, 48440925
47, 2, 21
2, 144200, 47854223, 49445203
1, 144204, 48440925, 50031119
48, 2, 21
2, 144200, 49445203, 51112557
1, 144204, 50031119, 51699035
49, 2, 21
2, 144200, 51112557, 52335906
1, 144204, 51699035, 52922058
50, 2, 21
2, 72100, 52335906, 52947566
1, 72104, 52922058, 53533899
51, 2, 21
2, 276864, 52947566, 54188867
1, 144204, 53533899, 54775447
52, 2, 21
2, 284074, 54188867, 54796729
1, 72104, 54775447, 55382751
53, 2, 21
2, 148526, 54796729, 55103318
1, 36054, 55382751, 55689925
54, 2, 21
2, 573916, 55103318, 56339388
1, 144204, 55689925, 56925000
55, 2, 21
2, 556612, 56339388, 57561688
1, 144204, 56925000, 58139143
56, 2, 21
2, 555170, 57561688, 58786656
1, 144204, 58139143, 59370815
57, 2, 21
2, 162946, 58786656, 60095837
1, 144204, 59370815, 60682370
58, 2, 21
2, 72100, 60095837, 60743739
1, 72104, 60682370, 61330520
59, 2, 21
2, 144200, 60743739, 62002924
1, 144204, 61330520, 62589756
60, 2, 21
2, 144200, 62002924, 63366429
1, 144204, 62589756, 63952721
61, 2, 21
2, 144200, 63366429, 64699130
1, 144204, 63952721, 65285990
