0, 2, 21
2, 100940, 5626236, 6633737
1, 100940, 6202731, 7209326
1, 2, 21
2, 111034, 6633737, 7641000
1, 111034, 7209326, 8216782
2, 2, 21
2, 111034, 7641000, 8645623
1, 111034, 8216782, 9221691
3, 2, 21
2, 112476, 8645623, 15773768
1, 112476, 9221691, 16349554
4, 2, 21
2, 113918, 15773768, 16784657
1, 113918, 16349554, 17360432
5, 1, 21
2, 135548, 16784657, 17784882
6, 1, 21
1, 112476, 17360432, 18370864
7, 1, 21
3, 141316, 17059186, 18066875
8, 1, 21
2, 239422, 17784882, 18791843
9, 1, 21
1, 112476, 18370864, 19428941
10, 1, 21
3, 138432, 18066875, 19074698
11, 1, 21
2, 276914, 18791843, 19792262
12, 1, 21
1, 106708, 19428941, 20429110
13, 1, 21
4, 149968, 18479852, 19483091
14, 1, 21
3, 149968, 19074698, 20086694
15, 1, 21
2, 409603, 19792262, 20794917
16, 1, 21
1, 111034, 20429110, 21439252
17, 1, 21
4, 115360, 19483091, 20483700
18, 1, 21
3, 118244, 20086694, 21092890
19, 1, 21
2, 311547, 20794917, 21795412
20, 1, 21
1, 92288, 21439252, 22459127
21, 1, 21
4, 142758, 20483700, 21487800
22, 1, 21
2, 385064, 21795412, 22796700
23, 1, 21
1, 113918, 22459127, 23463602
24, 1, 21
4, 124012, 21487800, 22532233
25, 1, 21
2, 203372, 22796700, 23798935
26, 1, 21
1, 86520, 23463602, 24471445
27, 1, 21
4, 126896, 22532233, 23538156
28, 1, 21
2, 225002, 23798935, 24801326
29, 1, 21
1, 98056, 24471445, 25475794
30, 1, 21
4, 147084, 23538156, 24538946
31, 1, 21
2, 263936, 24801326, 25803400
32, 1, 21
1, 116802, 25475794, 26479625
33, 1, 21
4, 154294, 24538946, 25547072
34, 1, 21
2, 269704, 25803400, 26809885
35, 1, 21
1, 116802, 26479625, 27487708
36, 1, 21
4, 147084, 25547072, 26547801
37, 1, 21
2, 259610, 26809885, 27816282
38, 1, 21
1, 111034, 27487708, 28501021
39, 1, 21
3, 139874, 21092890, 28019952
40, 1, 21
4, 145642, 26547801, 27556732
41, 1, 21
2, 288475, 27816282, 28816974
42, 1, 21
1, 113918, 28501021, 29510319
43, 1, 21
3, 131222, 28019952, 29023661
44, 1, 21
4, 134106, 27556732, 28557723
45, 1, 21
2, 370669, 28816974, 29822272
46, 1, 21
1, 102382, 29510319, 30514239
47, 1, 21
3, 139874, 29023661, 30023986
48, 1, 21
4, 141316, 28557723, 29565718
49, 1, 21
2, 386531, 29822272, 30830017
50, 1, 21
1, 118244, 30514239, 31519802
51, 1, 21
3, 148526, 30023986, 31028844
52, 1, 21
2, 266820, 30830017, 31831913
53, 1, 21
1, 119686, 31519802, 32530463
54, 1, 21
3, 147084, 31028844, 32030198
55, 1, 21
2, 266820, 31831913, 32835442
56, 1, 21
1, 118244, 32530463, 33533755
57, 1, 21
2, 168739, 32835442, 33858021
58, 1, 21
1, 82194, 33533755, 34624873
59, 1, 21
2, 62031, 33858021, 34870794
60, 1, 21
1, 66332, 34624873, 35630606
61, 1, 21
3, 111034, 32030198, 35024365
62, 1, 21
2, 178858, 34870794, 35874446
63, 1, 21
1, 98056, 35630606, 36633306
64, 1, 21
3, 250908, 35024365, 36030754
65, 1, 21
2, 324500, 35874446, 36875253
66, 1, 21
1, 87962, 36633306, 37639991
67, 1, 21
3, 324450, 36030754, 37032037
68, 1, 21
2, 445628, 36875253, 37882338
69, 1, 21
1, 115360, 37639991, 38647811
70, 1, 21
3, 302820, 37032037, 38035961
71, 1, 21
2, 333152, 37882338, 38896971
72, 1, 21
1, 109592, 38647811, 39652948
73, 1, 21
2, 93755, 38896971, 39904281
74, 1, 21
1, 96614, 39652948, 40661789
75, 1, 21
3, 2884, 38035961, 40261514
76, 1, 21
2, 137040, 39904281, 40908397
77, 1, 21
1, 102382, 40661789, 41679171
78, 1, 21
3, 291284, 40261514, 41264869
79, 1, 21
2, 387948, 40908397, 41909474
80, 1, 21
1, 106708, 41679171, 42686183
81, 1, 21
3, 299936, 41264869, 42280128
82, 1, 21
2, 402368, 41909474, 42912012
83, 1, 21
1, 109592, 42686183, 43687797
84, 1, 21
3, 320124, 42280128, 43284054
85, 1, 21
2, 421114, 42912012, 43936222
86, 1, 21
1, 111034, 43687797, 44695822
87, 1, 21
2, 98081, 43936222, 44946719
88, 1, 21
1, 89404, 44695822, 45705415
89, 1, 21
2, 75009, 44946719, 45947399
90, 1, 21
1, 77868, 45705415, 46718451
91, 1, 21
2, 106733, 45947399, 46957212
92, 1, 21
1, 113918, 46718451, 47720446
93, 1, 21
2, 118269, 46957212, 47968125
94, 1, 21
1, 118244, 47720446, 48731590
95, 1, 21
2, 92313, 47968125, 48977266
96, 1, 21
1, 87962, 48731590, 49743554
97, 1, 21
2, 83661, 48977266, 49992174
98, 1, 21
1, 79310, 49743554, 50744700
99, 1, 21
2, 85103, 49992174, 50993170
100, 1, 21
1, 93730, 50744700, 51753952
101, 1, 21
2, 119711, 50993170, 52004313
102, 1, 21
1, 119686, 51753952, 52763800
103, 1, 21
2, 118269, 52004313, 53007030
104, 1, 21
1, 118244, 52763800, 53772117
105, 1, 21
3, 7210, 43284054, 53049913
106, 1, 21
2, 245190, 53007030, 54007974
107, 1, 21
1, 118244, 53772117, 54787297
108, 1, 21
3, 340312, 53049913, 54051324
109, 1, 21
2, 473026, 54007974, 55011251
110, 1, 21
1, 119686, 54787297, 55797400
111, 1, 21
3, 354732, 54051324, 55054255
112, 1, 21
2, 462932, 55011251, 56011712
113, 1, 21
1, 116802, 55797400, 56805157
114, 1, 21
3, 346080, 55054255, 56057267
115, 1, 21
2, 462932, 56011712, 57013195
116, 1, 21
1, 119686, 56805157, 57808182
117, 1, 21
3, 337428, 56057267, 57059303
118, 1, 21
2, 449954, 57013195, 58014478
119, 1, 21
1, 118244, 57808182, 58811198
120, 1, 21
3, 341754, 57059303, 58064100
121, 1, 21
2, 341804, 58014478, 59023670
122, 1, 21
1, 116802, 58811198, 59822522
123, 1, 21
2, 109617, 59023670, 60024222
124, 1, 21
1, 111034, 59822522, 60827642
125, 1, 21
2, 113943, 60024222, 61034918
126, 1, 21
1, 112476, 60827642, 61828208
127, 1, 21
2, 116827, 61034918, 62047211
128, 1, 21
1, 115360, 61828208, 62832718
129, 1, 21
2, 108175, 62047211, 63062791
130, 1, 21
1, 106708, 62832718, 63841563
131, 1, 21
2, 106733, 63062791, 64067396
132, 1, 21
1, 106708, 63841563, 64848696
133, 1, 21
2, 111059, 64067396, 65072221
134, 1, 21
1, 112476, 64848696, 65860345
135, 1, 21
2, 111059, 65072221, 66082476
