0, 2, 21
2, 102382, 4628190, 5634883
1, 102382, 5200527, 6210913
1, 2, 21
2, 111034, 5634883, 6636015
1, 111034, 6210913, 7211859
2, 2, 21
2, 112476, 6636015, 7648761
1, 112476, 7211859, 8224767
3, 2, 21
2, 109592, 7648761, 14751080
1, 109592, 8224767, 15326316
4, 2, 21
2, 113918, 14751080, 15759481
1, 113918, 15326316, 16335541
5, 1, 21
2, 138432, 15759481, 16766150
6, 1, 21
1, 112476, 16335541, 17344583
7, 1, 21
3, 141316, 16020425, 17024315
8, 1, 21
2, 239422, 16766150, 17774292
9, 1, 21
3, 136990, 17024315, 18024741
10, 1, 21
1, 239372, 17344583, 19345950
11, 1, 21
2, 279798, 17774292, 18776771
12, 1, 21
3, 149968, 18024741, 19033939
13, 1, 21
1, 261002, 19345950, 20346665
14, 1, 21
2, 409578, 18776771, 19777960
15, 1, 21
3, 116802, 19033939, 20035624
16, 1, 21
1, 204764, 20346665, 21349499
17, 1, 21
2, 312964, 19777960, 20780875
18, 1, 21
3, 141316, 20035624, 21038762
19, 2, 21
2, 383597, 20780875, 21782810
1, 261002, 21349499, 22357678
20, 1, 21
1, 198996, 22357678, 23358131
21, 1, 21
2, 201905, 21782810, 22790575
22, 1, 21
1, 232162, 23358131, 24365647
23, 1, 21
2, 232187, 22790575, 23791357
24, 2, 21
2, 265328, 23791357, 24792336
1, 266770, 24365647, 25368260
25, 1, 21
1, 269654, 25368260, 26370041
26, 1, 21
2, 532123, 24792336, 26794410
27, 1, 21
3, 1442, 21038762, 26975340
28, 1, 21
2, 295635, 26794410, 27802185
29, 1, 21
3, 134106, 26975340, 27989174
30, 1, 21
2, 379271, 27802185, 28807777
31, 1, 21
3, 147084, 27989174, 28991650
32, 1, 21
3, 148526, 28991650, 29992328
33, 1, 21
2, 654718, 28807777, 30809721
34, 1, 21
1, 1134854, 26370041, 31454472
35, 1, 21
2, 265353, 30809721, 31815326
36, 1, 21
2, 138432, 31815326, 32820085
37, 1, 21
1, 190344, 31454472, 33459640
38, 1, 21
2, 66357, 32820085, 33828209
39, 1, 21
3, 248024, 29992328, 33923205
40, 1, 21
2, 209115, 33828209, 34828783
41, 1, 21
1, 165830, 33459640, 35466172
42, 1, 21
3, 250908, 33923205, 34925940
43, 1, 21
2, 323058, 34828783, 35832585
44, 1, 21
1, 87962, 35466172, 36471386
45, 1, 21
3, 325892, 34925940, 35928867
46, 1, 21
2, 442744, 35832585, 36834140
47, 1, 21
1, 116802, 36471386, 37501905
48, 1, 21
3, 299936, 35928867, 36931475
49, 1, 21
2, 315848, 36834140, 37847465
50, 1, 21
2, 96614, 37847465, 38860493
51, 1, 21
3, 5768, 36931475, 39164909
52, 1, 21
2, 145667, 38860493, 39862121
53, 1, 21
3, 294168, 39164909, 40167170
54, 1, 21
2, 400901, 39862121, 40864147
55, 1, 21
3, 621502, 40167170, 42170585
56, 1, 21
2, 892623, 40864147, 43881282
57, 1, 21
1, 726768, 37501905, 44561036
58, 1, 21
2, 191811, 43881282, 45887359
59, 1, 21
1, 196112, 44561036, 46572620
60, 1, 21
2, 118269, 45887359, 46891794
61, 1, 21
1, 203322, 46572620, 48580727
62, 1, 21
1, 80752, 48580727, 49587146
63, 1, 21
1, 96614, 49587146, 50608099
64, 1, 21
1, 119686, 50608099, 51618124
65, 1, 21
3, 2884, 42170585, 51924516
66, 1, 21
2, 757175, 46891794, 52931650
67, 1, 21
3, 340312, 51924516, 52925673
68, 1, 21
2, 475885, 52931650, 53933462
69, 1, 21
2, 457114, 53933462, 54935953
70, 1, 21
2, 915670, 54935953, 56939318
71, 1, 21
2, 324450, 56939318, 57949767
72, 1, 21
2, 111034, 57949767, 58954515
73, 1, 21
2, 227836, 58954515, 60956503
74, 1, 21
1, 1159368, 51618124, 61621022
