0, 2, 21
2, 72100, 4590847, 5332600
1, 72104, 5169380, 5914568
1, 2, 21
2, 144200, 5332600, 6625123
1, 144204, 5914568, 7206955
2, 2, 21
2, 144200, 6625123, 7919022
1, 144204, 7206955, 8501216
3, 2, 21
2, 217742, 7919022, 15981504
1, 217746, 8501216, 16563545
4, 2, 21
2, 92288, 15981504, 16639666
1, 72104, 16563545, 17221506
5, 2, 21
2, 82194, 16639666, 16950155
1, 36054, 17221506, 17531979
6, 2, 21
2, 41818, 16950155, 17110428
1, 18750, 17531979, 17692662
7, 2, 21
2, 23072, 17110428, 17198050
1, 10098, 17692662, 17780412
8, 2, 21
2, 344638, 17198050, 18602170
1, 155740, 17780412, 19183937
9, 2, 21
2, 265328, 18602170, 19266878
1, 168718, 19183937, 19849160
10, 2, 21
2, 134106, 19266878, 19589401
1, 85082, 19849160, 20170652
11, 2, 21
2, 70658, 19589401, 19759275
1, 44706, 20170652, 20339026
12, 2, 21
2, 497490, 19759275, 21205842
1, 321570, 20339026, 21787625
13, 2, 21
2, 203322, 21205842, 21849128
1, 155740, 21787625, 22430469
14, 2, 21
2, 98056, 21849128, 22291231
1, 98060, 22430469, 22872186
15, 2, 21
2, 40376, 22291231, 22466019
1, 40380, 22872186, 23044952
16, 2, 21
2, 12978, 22466019, 22559592
1, 12982, 23044952, 23140897
17, 2, 21
2, 343196, 22559592, 24050593
1, 343200, 23140897, 24632423
18, 2, 21
2, 331660, 24050593, 25283055
1, 331664, 24632423, 25865108
19, 2, 21
2, 162946, 25283055, 25904013
1, 162950, 25865108, 26485929
20, 2, 21
2, 328776, 25904013, 27152411
1, 328780, 26485929, 27733372
21, 2, 21
2, 455672, 27152411, 28470473
1, 321570, 27733372, 29049929
22, 2, 21
2, 261002, 28470473, 29109398
1, 164392, 29049929, 29691380
23, 2, 21
2, 121128, 29109398, 29419802
1, 76430, 29691380, 30001786
24, 2, 21
2, 357616, 29419802, 30659543
1, 174486, 30001786, 31241216
25, 2, 21
2, 162946, 30659543, 31272231
1, 72104, 31241216, 31853928
26, 2, 21
2, 82194, 31272231, 31577613
1, 36054, 31853928, 32159520
27, 2, 21
2, 226394, 31577613, 33438632
1, 144204, 32159520, 34020457
28, 2, 21
2, 74984, 33438632, 34388520
1, 72104, 34020457, 34970727
29, 2, 21
2, 138432, 34388520, 34694603
1, 36054, 34970727, 35276671
30, 2, 21
2, 76426, 34694603, 34866906
1, 18750, 35276671, 35448911
31, 2, 21
2, 17304, 34866906, 34952574
1, 10098, 35448911, 35534346
32, 2, 21
2, 21630, 34952574, 35000582
1, 5772, 35534346, 35582637
33, 2, 21
2, 568148, 35000582, 36486071
1, 144204, 35582637, 37067615
34, 2, 21
2, 261002, 36486071, 37137163
1, 72104, 37067615, 37719166
35, 2, 21
2, 116802, 37137163, 37469096
1, 36054, 37719166, 38050817
36, 2, 21
2, 144200, 37469096, 38919945
1, 144204, 38050817, 39501863
37, 2, 21
2, 72100, 38919945, 39542500
1, 72104, 39501863, 40124010
38, 2, 21
2, 560938, 39542500, 40986789
1, 144204, 40124010, 41568658
39, 2, 21
2, 261002, 40986789, 41656592
1, 72104, 41568658, 42237950
40, 2, 21
2, 141316, 41656592, 41968467
1, 36054, 42237950, 42550427
41, 2, 21
2, 70658, 41968467, 42131409
1, 18750, 42550427, 42711840
42, 2, 21
2, 298494, 42131409, 43528757
1, 144204, 42711840, 44110832
43, 2, 21
2, 72100, 43528757, 44480558
1, 72104, 44110832, 45062289
44, 2, 21
2, 36050, 44480558, 44933119
1, 36054, 45062289, 45514821
45, 2, 21
2, 144200, 44933119, 46194654
1, 144204, 45514821, 46776730
46, 2, 21
2, 72100, 46194654, 46798253
1, 72104, 46776730, 47379234
47, 2, 21
2, 144200, 46798253, 48386777
1, 144204, 47379234, 48968981
48, 2, 21
2, 144200, 48386777, 50053464
1, 144204, 48968981, 50635245
49, 2, 21
2, 144200, 50053464, 51272991
1, 144204, 50635245, 51855119
50, 2, 21
2, 72100, 51272991, 51883067
1, 72104, 51855119, 52465194
51, 2, 21
2, 390782, 51883067, 53121659
1, 144204, 52465194, 53703129
52, 2, 21
2, 294168, 53121659, 53726492
1, 72104, 53703129, 54307785
53, 2, 21
2, 141316, 53726492, 54032499
1, 36054, 54307785, 54614514
54, 2, 21
2, 572474, 54032499, 55266705
1, 144204, 54614514, 55848635
55, 2, 21
2, 553728, 55266705, 56479511
1, 144204, 55848635, 57060842
56, 2, 21
2, 459998, 56479511, 57706771
1, 144204, 57060842, 58288325
57, 2, 21
2, 144200, 57706771, 59014470
1, 144204, 58288325, 59596682
58, 2, 21
2, 72100, 59014470, 59658281
1, 72104, 59596682, 60240632
59, 2, 21
2, 144200, 59658281, 60911193
1, 144204, 60240632, 61493439
60, 2, 21
2, 144200, 60911193, 62275448
1, 144204, 61493439, 62857092
61, 2, 21
2, 144200, 62275448, 63605782
1, 144204, 62857092, 64187954
