0, 2, 21
2, 102382, 4558508, 5565002
1, 102382, 5122366, 6131555
1, 2, 21
2, 111034, 5565002, 6565542
1, 111034, 6131555, 7132134
2, 2, 21
2, 112476, 6565542, 7579049
1, 112476, 7132134, 8145200
3, 2, 21
2, 109592, 7579049, 14681519
1, 109592, 8145200, 15247509
4, 2, 21
2, 113918, 14681519, 15691970
1, 113918, 15247509, 16258391
5, 1, 21
2, 132664, 15691970, 16694522
6, 1, 21
1, 112476, 16258391, 17268780
7, 1, 21
3, 141316, 15983233, 17001128
8, 1, 21
2, 239422, 16694522, 17705277
9, 1, 21
1, 112476, 17268780, 18327076
10, 1, 21
3, 138432, 17001128, 18006934
11, 1, 21
2, 281240, 17705277, 18710514
12, 1, 21
1, 145642, 18327076, 19337178
13, 1, 21
3, 149968, 18006934, 19015480
14, 1, 21
2, 412462, 18710514, 19713492
15, 1, 21
1, 263886, 19337178, 20345055
16, 1, 21
3, 115360, 19015480, 20017764
17, 1, 21
2, 314406, 19713492, 20715801
18, 1, 21
1, 203322, 20345055, 21351185
19, 1, 21
3, 141316, 20017764, 21020125
20, 1, 21
2, 390832, 20715801, 21717502
21, 1, 21
1, 256676, 21351185, 22355055
22, 1, 21
2, 200463, 21717502, 22725559
23, 1, 21
1, 204764, 22355055, 23358966
24, 1, 21
2, 232187, 22725559, 23727895
25, 1, 21
1, 235046, 23358966, 24359765
26, 1, 21
2, 265353, 23727895, 24730266
27, 1, 21
1, 266770, 24359765, 25360382
28, 1, 21
2, 271121, 24730266, 25736021
29, 1, 21
1, 269654, 25360382, 26363470
30, 1, 21
2, 262469, 25736021, 26736654
31, 1, 21
1, 262444, 26363470, 27365017
32, 1, 21
3, 1442, 21020125, 26956663
33, 1, 21
2, 288450, 26736654, 27739348
34, 1, 21
1, 253792, 27365017, 28370163
35, 1, 21
3, 126896, 26956663, 27960538
36, 1, 21
2, 367760, 27739348, 28741946
37, 1, 21
1, 249466, 28370163, 29380202
38, 1, 21
3, 134106, 27960538, 28968566
39, 1, 21
2, 370644, 28741946, 29750110
40, 1, 21
1, 224952, 29380202, 30380394
41, 1, 21
3, 144200, 28968566, 29975777
42, 1, 21
2, 266820, 29750110, 30752134
43, 1, 21
1, 118244, 30380394, 31380580
44, 1, 21
3, 148526, 29975777, 30981370
45, 1, 21
2, 265378, 30752134, 31752348
46, 1, 21
1, 118244, 31380580, 32381097
47, 1, 21
3, 119686, 30981370, 31997628
48, 1, 21
2, 168764, 31752348, 32769153
49, 1, 21
1, 72100, 32381097, 33386436
50, 1, 21
2, 66357, 32769153, 33771821
51, 1, 21
1, 67774, 33386436, 34389631
52, 1, 21
3, 4326, 31997628, 34060199
53, 1, 21
2, 142808, 33771821, 34772244
54, 1, 21
1, 99498, 34389631, 35400412
55, 1, 21
3, 250908, 34060199, 35061405
56, 1, 21
2, 323058, 34772244, 35774512
57, 1, 21
1, 87962, 35400412, 36405109
58, 1, 21
3, 325892, 35061405, 36062959
59, 1, 21
2, 458606, 35774512, 36776843
60, 1, 21
1, 115360, 36405109, 37416388
61, 1, 21
3, 302820, 36062959, 37064086
62, 1, 21
2, 369202, 36776843, 37788276
63, 1, 21
1, 109592, 37416388, 38418487
64, 1, 21
2, 96639, 37788276, 38794828
65, 1, 21
1, 96614, 38418487, 39425020
66, 1, 21
2, 102407, 38794828, 39799668
67, 1, 21
1, 102382, 39425020, 40429398
68, 1, 21
3, 2884, 37064086, 39289440
69, 1, 21
2, 382180, 39799668, 40808543
70, 1, 21
3, 294168, 39289440, 40291712
71, 1, 21
1, 108150, 40429398, 41437738
72, 1, 21
2, 418230, 40808543, 41811792
73, 1, 21
3, 302820, 40291712, 41295015
74, 1, 21
1, 111034, 41437738, 42443494
75, 1, 21
2, 426882, 41811792, 42815339
76, 1, 21
3, 320124, 41295015, 42298865
77, 1, 21
1, 111034, 42443494, 43457573
78, 1, 21
2, 109642, 42815339, 43816945
79, 1, 21
1, 89404, 43457573, 44488140
80, 1, 21
2, 77893, 43816945, 44826948
81, 1, 21
1, 80752, 44488140, 45500500
82, 1, 21
2, 115385, 44826948, 45835866
83, 1, 21
1, 116802, 45500500, 46512304
84, 1, 21
2, 118269, 45835866, 46841302
85, 1, 21
1, 116802, 46512304, 47540539
86, 1, 21
2, 87987, 46841302, 47852160
87, 1, 21
1, 89404, 47540539, 48557825
88, 1, 21
2, 79335, 47852160, 48858448
89, 1, 21
1, 80752, 48557825, 49564304
90, 1, 21
2, 93755, 48858448, 49863725
91, 1, 21
1, 95172, 49564304, 50566695
92, 1, 21
2, 119711, 49863725, 50874577
93, 1, 21
1, 119686, 50566695, 51575484
94, 1, 21
2, 118269, 50874577, 51882021
95, 1, 21
1, 118244, 51575484, 52585670
96, 1, 21
3, 1442, 42298865, 52048832
97, 1, 21
2, 199046, 51882021, 52883293
98, 1, 21
1, 116802, 52585670, 53586718
99, 1, 21
3, 334544, 52048832, 53052277
100, 1, 21
2, 465816, 52883293, 53884938
101, 1, 21
1, 119686, 53586718, 54593642
102, 1, 21
3, 354732, 53052277, 54055273
103, 1, 21
2, 464374, 53884938, 54888284
104, 1, 21
1, 116802, 54593642, 55599246
105, 1, 21
3, 346080, 54055273, 55056891
106, 1, 21
2, 465816, 54888284, 55888317
107, 1, 21
1, 119686, 55599246, 56603109
108, 1, 21
3, 338870, 55056891, 56061999
109, 1, 21
2, 449954, 55888317, 56889566
110, 1, 21
1, 118244, 56603109, 57604722
111, 1, 21
3, 343196, 56061999, 57064976
112, 1, 21
2, 389390, 56889566, 57892327
113, 1, 21
1, 113918, 57604722, 58605149
114, 1, 21
2, 111059, 57892327, 58895292
115, 1, 21
1, 111034, 58605149, 59606930
116, 1, 21
2, 113943, 58895292, 59906485
117, 1, 21
1, 113918, 59606930, 60607523
118, 1, 21
2, 115385, 59906485, 60910829
119, 1, 21
1, 115360, 60607523, 61618263
120, 1, 21
2, 106733, 60910829, 61918344
121, 1, 21
1, 105266, 61618263, 62628379
122, 1, 21
2, 106733, 61918344, 62924379
123, 1, 21
1, 108150, 62628379, 63631931
124, 1, 21
2, 112501, 62924379, 63934565
125, 1, 21
1, 111034, 63631931, 64633691
