0, 2, 21
2, 102382, 4670848, 5679438
1, 102382, 5237130, 6247654
1, 2, 21
2, 111034, 5679438, 6680589
1, 111034, 6247654, 7248761
2, 1, 21
2, 112476, 6680589, 7692719
3, 2, 21
2, 109592, 7692719, 14795458
1, 222068, 7248761, 15364054
4, 2, 21
2, 112476, 14795458, 15797153
1, 112476, 15364054, 16365734
5, 1, 21
2, 135548, 15797153, 16799146
6, 1, 21
3, 141316, 16032049, 17037782
7, 1, 21
2, 239397, 16799146, 17807048
8, 1, 21
3, 138432, 17037782, 18044013
9, 1, 21
2, 274005, 17807048, 18807099
10, 1, 21
1, 347522, 16365734, 19378516
11, 1, 21
3, 149968, 18044013, 19050503
12, 1, 21
2, 398017, 18807099, 19807835
13, 1, 21
1, 250908, 19378516, 20381857
14, 1, 21
3, 118244, 19050503, 20058131
15, 1, 21
2, 311522, 19807835, 20812912
16, 1, 21
1, 201880, 20381857, 21386850
17, 1, 21
2, 382155, 20812912, 21816577
18, 1, 21
1, 258118, 21386850, 22395792
19, 1, 21
2, 209115, 21816577, 22823390
20, 1, 21
1, 209090, 22395792, 23401997
21, 1, 21
1, 222068, 23401997, 24407015
22, 1, 21
2, 477352, 22823390, 24827783
23, 1, 21
1, 256676, 24407015, 25408761
24, 1, 21
1, 269654, 25408761, 26413573
25, 1, 21
2, 530706, 24827783, 26834450
26, 1, 21
3, 139874, 20058131, 26975939
27, 1, 21
2, 298519, 26834450, 27845619
28, 1, 21
1, 520562, 26413573, 28420213
29, 1, 21
3, 134106, 26975939, 27986577
30, 1, 21
2, 377854, 27845619, 28847737
31, 1, 21
3, 147084, 27986577, 28990121
32, 1, 21
3, 149968, 28990121, 29999414
33, 1, 21
2, 670580, 28847737, 30855225
34, 1, 21
1, 620060, 28420213, 31438610
35, 1, 21
3, 148526, 29999414, 31002691
36, 2, 21
2, 422556, 30855225, 33022906
1, 209090, 31438610, 33591048
37, 2, 21
2, 66332, 33022906, 34030933
1, 66332, 33591048, 34594269
38, 1, 21
3, 98056, 31002691, 33911709
39, 1, 21
1, 98056, 34594269, 35595211
40, 1, 21
2, 263936, 34030933, 35038547
41, 1, 21
3, 250908, 33911709, 34913795
42, 1, 21
2, 337453, 35038547, 36041593
43, 1, 21
3, 325892, 34913795, 35916018
44, 1, 21
2, 434067, 36041593, 37041808
45, 1, 21
1, 203322, 35595211, 37608198
46, 1, 21
3, 302820, 35916018, 36918129
47, 1, 21
2, 256701, 37041808, 38043939
48, 1, 21
2, 96614, 38043939, 39052034
49, 1, 21
3, 2884, 36918129, 39143599
50, 1, 21
2, 180275, 39052034, 40056985
51, 1, 21
3, 292726, 39143599, 40144084
52, 1, 21
2, 422531, 40056985, 41057555
53, 1, 21
3, 620060, 40144084, 42147238
54, 1, 21
2, 745539, 41057555, 43058530
55, 1, 21
2, 89404, 43058530, 44069732
56, 1, 21
1, 728210, 37608198, 44665722
57, 1, 21
1, 77868, 44665722, 45676412
58, 1, 21
2, 191836, 44069732, 46080524
59, 1, 21
1, 115360, 45676412, 46685857
60, 1, 21
2, 118269, 46080524, 47085686
61, 1, 21
1, 204764, 46685857, 48690514
62, 1, 21
1, 79310, 48690514, 49690819
63, 1, 21
1, 95172, 49690819, 50707512
64, 1, 21
1, 119686, 50707512, 51719460
65, 1, 21
3, 5768, 42147238, 51909390
66, 1, 21
2, 820623, 47085686, 53147893
67, 1, 21
3, 337428, 51909390, 52912478
68, 1, 21
2, 475885, 53147893, 54152795
69, 1, 21
2, 461440, 54152795, 55153382
70, 1, 21
3, 676298, 52912478, 54917176
71, 1, 21
2, 432625, 55153382, 56153689
72, 1, 21
2, 744072, 56153689, 58155434
73, 1, 21
2, 111034, 58155434, 59158563
74, 1, 21
2, 113918, 59158563, 60169990
75, 1, 21
1, 1160810, 51719460, 61730837
