0, 2, 21
2, 72100, 4593627, 5394630
1, 72104, 5157792, 5960130
1, 2, 21
2, 144200, 5394630, 6687709
1, 144204, 5960130, 7253242
2, 2, 21
2, 144200, 6687709, 7975532
1, 144204, 7253242, 8541080
3, 2, 21
2, 217742, 7975532, 16037442
1, 217746, 8541080, 16602676
4, 2, 21
2, 92288, 16037442, 16694666
1, 72104, 16602676, 17259739
5, 2, 21
2, 82194, 16694666, 17004505
1, 36054, 17259739, 17570160
6, 2, 21
2, 41818, 17004505, 17164830
1, 18750, 17570160, 17730489
7, 2, 21
2, 23072, 17164830, 17252624
1, 10098, 17730489, 17818254
8, 2, 21
2, 350406, 17252624, 18656014
1, 161508, 17818254, 19221353
9, 2, 21
2, 265328, 18656014, 19321542
1, 168718, 19221353, 19886290
10, 2, 21
2, 132664, 19321542, 19642604
1, 83640, 19886290, 20207520
11, 2, 21
2, 69216, 19642604, 19811925
1, 41822, 20207520, 20375837
12, 2, 21
2, 496048, 19811925, 21258551
1, 320128, 20375837, 21824143
13, 2, 21
2, 203322, 21258551, 21901141
1, 155740, 21824143, 22466734
14, 2, 21
2, 98056, 21901141, 22342660
1, 98060, 22466734, 22907974
15, 2, 21
2, 38934, 22342660, 22515305
1, 38938, 22907974, 23080516
16, 2, 21
2, 14420, 22515305, 22610889
1, 14424, 23080516, 23176181
17, 2, 21
2, 343196, 22610889, 24095793
1, 343200, 23176181, 24660954
18, 2, 21
2, 328776, 24095793, 25318043
1, 328780, 24660954, 25882528
19, 2, 21
2, 162946, 25318043, 25935772
1, 162950, 25882528, 26500971
20, 2, 21
2, 327334, 25935772, 27179602
1, 327338, 26500971, 27744740
21, 2, 21
2, 452788, 27179602, 28483316
1, 321570, 27744740, 29048561
22, 2, 21
2, 258118, 28483316, 29121913
1, 165834, 29048561, 29687185
23, 2, 21
2, 124012, 29121913, 29430028
1, 79314, 29687185, 29995218
24, 2, 21
2, 350406, 29430028, 30649242
1, 171602, 29995218, 31213940
25, 2, 21
2, 164388, 30649242, 31260163
1, 72104, 31213940, 31825556
26, 2, 21
2, 80752, 31260163, 31566209
1, 36054, 31825556, 32131176
27, 2, 21
2, 236488, 31566209, 33426344
1, 144204, 32131176, 33991268
28, 2, 21
2, 72100, 33426344, 34374289
1, 72104, 33991268, 34939546
29, 2, 21
2, 112476, 34374289, 34680783
1, 36054, 34939546, 35246060
30, 2, 21
2, 80752, 34680783, 34851253
1, 18750, 35246060, 35416042
31, 2, 21
2, 34608, 34851253, 34936255
1, 10098, 35416042, 35501395
32, 2, 21
2, 5768, 34936255, 34984496
1, 5772, 35501395, 35549676
33, 2, 21
2, 563822, 34984496, 36468916
1, 144204, 35549676, 37034085
34, 2, 21
2, 262444, 36468916, 37121157
1, 72104, 37034085, 37685646
35, 2, 21
2, 139874, 37121157, 37447480
1, 36054, 37685646, 38012678
36, 2, 21
2, 147084, 37447480, 38897980
1, 144204, 38012678, 39462470
37, 2, 21
2, 72100, 38897980, 39519286
1, 72104, 39462470, 40083771
38, 2, 21
2, 533540, 39519286, 40962082
1, 144204, 40083771, 41527249
39, 2, 21
2, 266770, 40962082, 41631232
1, 72104, 41527249, 42195678
40, 2, 21
2, 136990, 41631232, 41942792
1, 36054, 42195678, 42508088
41, 2, 21
2, 70658, 41942792, 42103545
1, 18750, 42508088, 42668825
42, 2, 21
2, 325892, 42103545, 43502921
1, 144204, 42668825, 44067570
43, 2, 21
2, 72100, 43502921, 44453821
1, 72104, 44067570, 45018707
44, 2, 21
2, 36050, 44453821, 44905262
1, 36054, 45018707, 45470755
45, 2, 21
2, 144200, 44905262, 46165311
1, 144204, 45470755, 46730638
46, 2, 21
2, 72100, 46165311, 46767989
1, 72104, 46730638, 47333367
47, 2, 21
2, 144200, 46767989, 48356245
1, 144204, 47333367, 48921663
48, 2, 21
2, 144200, 48356245, 50020892
1, 144204, 48921663, 50585665
49, 2, 21
2, 144200, 50020892, 51239374
1, 144204, 50585665, 51804777
50, 2, 21
2, 72100, 51239374, 51849960
1, 72104, 51804777, 52414788
51, 2, 21
2, 359058, 51849960, 53086636
1, 144204, 52414788, 53651849
52, 2, 21
2, 295610, 53086636, 53691202
1, 72104, 53651849, 54256398
53, 2, 21
2, 145642, 53691202, 53997571
1, 36054, 54256398, 54562847
54, 2, 21
2, 572474, 53997571, 55231443
1, 144204, 54562847, 55795768
55, 2, 21
2, 553728, 55231443, 56442050
1, 144204, 55795768, 57007339
56, 2, 21
2, 487396, 56442050, 57667131
1, 144204, 57007339, 58232595
57, 2, 21
2, 144200, 57667131, 58974252
1, 144204, 58232595, 59539886
58, 2, 21
2, 72100, 58974252, 59617726
1, 72104, 59539886, 60183316
59, 2, 21
2, 144200, 59617726, 60869627
1, 144204, 60183316, 61435235
60, 2, 21
2, 144200, 60869627, 62231852
1, 144204, 61435235, 62796910
61, 2, 21
2, 144200, 62231852, 63560938
1, 144204, 62796910, 64126080
