0, 2, 21
2, 102382, 4585354, 5597914
1, 102382, 5141504, 6154124
1, 2, 21
2, 111034, 5597914, 6599656
1, 111034, 6154124, 7155742
2, 2, 21
2, 111034, 6599656, 7600960
1, 111034, 7155742, 8157422
3, 2, 21
2, 111034, 7600960, 14716397
1, 111034, 8157422, 15272724
4, 2, 21
2, 113918, 14716397, 15726472
1, 113918, 15272724, 16282676
5, 2, 21
2, 134106, 15726472, 16727310
1, 111034, 16282676, 17283447
6, 1, 21
3, 141316, 16014344, 17016182
7, 2, 21
2, 237955, 16727310, 17729221
1, 112476, 17283447, 18285753
8, 1, 21
3, 138432, 17016182, 18023379
9, 1, 21
2, 279773, 17729221, 18731340
10, 1, 21
1, 129780, 18285753, 19293240
11, 1, 21
3, 149968, 18023379, 19031149
12, 1, 21
2, 403810, 18731340, 19733323
13, 1, 21
1, 256676, 19293240, 20301229
14, 1, 21
3, 118244, 19031149, 20038703
15, 1, 21
2, 312964, 19733323, 20734659
16, 1, 21
1, 204764, 20301229, 21301538
17, 1, 21
2, 387923, 20734659, 21735132
18, 1, 21
1, 261002, 21301538, 22310900
19, 1, 21
2, 203347, 21735132, 22739758
20, 1, 21
1, 203322, 22310900, 23317376
21, 1, 21
2, 227861, 22739758, 23740246
22, 1, 21
1, 229278, 23317376, 24317835
23, 1, 21
2, 265353, 23740246, 24745012
24, 1, 21
1, 265328, 24317835, 25319708
25, 1, 21
2, 271121, 24745012, 25746356
26, 1, 21
1, 269654, 25319708, 26321723
27, 1, 21
2, 261027, 25746356, 26754812
28, 1, 21
1, 261002, 26321723, 27326217
29, 1, 21
3, 139874, 20038703, 26956971
30, 1, 21
2, 294218, 26754812, 27760999
31, 1, 21
1, 256676, 27326217, 28330941
32, 1, 21
3, 134106, 26956971, 27966465
33, 1, 21
2, 379296, 27760999, 28761877
34, 1, 21
1, 245140, 28330941, 29336788
35, 1, 21
3, 148526, 27966465, 28973125
36, 1, 21
2, 387948, 28761877, 29764644
37, 1, 21
1, 242256, 29336788, 30347769
38, 1, 21
3, 149968, 28973125, 29980073
39, 1, 21
2, 268262, 29764644, 30768805
40, 1, 21
1, 119686, 30347769, 31357524
41, 1, 21
3, 148526, 29980073, 30982753
42, 1, 21
2, 263936, 30768805, 31769669
43, 1, 21
1, 118244, 31357524, 32367810
44, 2, 21
2, 149993, 31769669, 32866535
1, 79310, 32367810, 33422647
45, 2, 21
2, 66332, 32866535, 33869880
1, 66332, 33422647, 34425320
46, 1, 21
3, 96614, 30982753, 33882171
47, 2, 21
2, 243723, 33869880, 34870356
1, 98056, 34425320, 35426557
48, 1, 21
3, 250908, 33882171, 34884329
49, 1, 21
2, 320149, 34870356, 35872667
50, 1, 21
1, 87962, 35426557, 36432420
51, 1, 21
3, 325892, 34884329, 35886130
52, 1, 21
2, 444186, 35872667, 36875748
53, 1, 21
1, 115360, 36432420, 37440553
54, 1, 21
3, 302820, 35886130, 36888534
55, 2, 21
2, 285566, 36875748, 37889611
1, 109592, 37440553, 38445003
56, 2, 21
2, 96614, 37889611, 38896309
1, 96614, 38445003, 39452515
57, 1, 21
3, 2884, 36888534, 39114032
58, 1, 21
2, 175949, 38896309, 39900013
59, 1, 21
1, 102382, 39452515, 40458230
60, 1, 21
3, 294168, 39114032, 40117092
61, 1, 21
2, 402368, 39900013, 40901985
62, 1, 21
1, 108150, 40458230, 41468778
63, 1, 21
3, 301378, 40117092, 41117594
64, 1, 21
2, 409578, 40901985, 41904601
65, 1, 21
1, 111034, 41468778, 42474881
66, 1, 21
3, 320124, 41117594, 42121579
67, 1, 21
2, 361992, 41904601, 42910115
68, 1, 21
1, 111034, 42474881, 43479345
69, 1, 21
2, 89429, 42910115, 43922123
70, 1, 21
1, 89404, 43479345, 44490871
71, 1, 21
2, 77893, 43922123, 44933849
72, 1, 21
1, 77868, 44490871, 45501780
73, 1, 21
2, 115385, 44933849, 45942078
74, 1, 21
1, 115360, 45501780, 46511037
75, 1, 21
2, 118269, 45942078, 46947874
76, 1, 21
1, 118244, 46511037, 47524468
77, 1, 21
2, 87987, 46947874, 47958581
78, 1, 21
1, 87962, 47524468, 48527444
79, 1, 21
2, 79335, 47958581, 48958839
80, 1, 21
1, 79310, 48527444, 49529288
81, 1, 21
2, 93755, 48958839, 49964166
82, 1, 21
1, 93730, 49529288, 50532394
83, 1, 21
2, 119711, 49964166, 50974900
84, 1, 21
1, 119686, 50532394, 51543978
85, 1, 21
2, 118269, 50974900, 51981633
86, 1, 21
1, 118244, 51543978, 52551718
87, 1, 21
3, 2884, 42121579, 51875495
88, 1, 21
2, 294218, 51981633, 52986910
89, 1, 21
1, 116802, 52551718, 53554372
90, 1, 21
3, 341754, 51875495, 52875578
91, 1, 21
2, 483120, 52986910, 53991401
92, 1, 21
1, 119686, 53554372, 54563349
93, 1, 21
3, 356174, 52875578, 53877334
94, 1, 21
2, 462932, 53991401, 54993497
95, 1, 21
1, 116802, 54563349, 55568634
96, 1, 21
3, 347522, 53877334, 54878925
97, 1, 21
2, 464374, 54993497, 55994051
98, 1, 21
1, 119686, 55568634, 56571622
99, 1, 21
3, 337428, 54878925, 55880486
100, 1, 21
2, 449954, 55994051, 56997211
101, 1, 21
1, 118244, 56571622, 57573496
102, 1, 21
3, 341754, 55880486, 56883845
103, 1, 21
2, 279798, 56997211, 58003466
104, 1, 21
1, 115360, 57573496, 58574320
105, 1, 21
2, 111059, 58003466, 59007120
106, 1, 21
1, 111034, 58574320, 59577512
107, 1, 21
2, 113943, 59007120, 60018665
108, 1, 21
1, 113918, 59577512, 60587680
109, 1, 21
2, 115385, 60018665, 61023297
110, 1, 21
1, 115360, 60587680, 61592111
111, 1, 21
2, 106733, 61023297, 62031256
112, 1, 21
1, 106708, 61592111, 62601633
113, 1, 21
2, 106733, 62031256, 63036386
114, 1, 21
1, 106708, 62601633, 63606124
115, 1, 21
2, 112501, 63036386, 64048588
116, 1, 21
1, 112476, 63606124, 64618388
