0, 2, 21
2, 54796, 5524739, 6084187
1, 54796, 6083413, 6642528
1, 2, 21
2, 53354, 6084187, 6586027
1, 53354, 6642528, 7144460
2, 2, 21
2, 57680, 6586027, 7095404
1, 57680, 7144460, 7653626
3, 2, 21
2, 54796, 7095404, 7599280
1, 54796, 7653626, 8157525
4, 2, 21
2, 56238, 7599280, 8109191
1, 56238, 8157525, 8667502
5, 2, 21
2, 57680, 8109191, 8620543
1, 57680, 8667502, 9178792
6, 2, 21
2, 56238, 8620543, 9124693
1, 56238, 9178792, 9683086
7, 2, 21
2, 44702, 9124693, 15648305
1, 44702, 9683086, 16206628
8, 2, 21
2, 54796, 15648305, 16154809
1, 54796, 16206628, 16713074
9, 2, 21
2, 115360, 16154809, 17155110
1, 115360, 16713074, 17713617
10, 1, 21
2, 79310, 17155110, 17669759
11, 1, 21
3, 77868, 16959315, 17467253
12, 1, 21
2, 134131, 17669759, 18175622
13, 1, 21
3, 64890, 17467253, 18029431
14, 1, 21
2, 105291, 18175622, 18678846
15, 1, 21
1, 168714, 17713617, 19285657
16, 1, 21
3, 69216, 18029431, 18531927
17, 1, 21
2, 121178, 18678846, 19183615
18, 1, 21
3, 79310, 18531927, 19038162
19, 1, 21
2, 162971, 19183615, 19687534
20, 1, 21
1, 106708, 19285657, 20286794
21, 1, 21
4, 74984, 18390577, 18893281
22, 1, 21
3, 72100, 19038162, 19545540
23, 1, 21
2, 201955, 19687534, 20192945
24, 1, 21
4, 79310, 18893281, 19396891
25, 1, 21
3, 74984, 19545540, 20053987
26, 1, 21
4, 64890, 19396891, 19906986
27, 1, 21
3, 63448, 20053987, 20557639
28, 1, 21
2, 366368, 20192945, 21200099
29, 1, 21
1, 162946, 20286794, 21821553
30, 1, 21
4, 49028, 19906986, 20429308
31, 1, 21
3, 47586, 20557639, 21065402
32, 1, 21
1, 40376, 21821553, 22329747
33, 1, 21
4, 77868, 20429308, 20939943
34, 1, 21
3, 74984, 21065402, 21569644
35, 1, 21
2, 357766, 21200099, 22202491
36, 1, 21
1, 57680, 22329747, 22841195
37, 1, 21
4, 74984, 20939943, 21442575
38, 1, 21
2, 184626, 22202491, 22703395
39, 1, 21
4, 59122, 21442575, 21946678
40, 1, 21
2, 103849, 22703395, 23204149
41, 1, 21
1, 99498, 22841195, 23844406
42, 1, 21
2, 99523, 23204149, 23710777
43, 1, 21
1, 44702, 23844406, 24355144
44, 1, 21
4, 113918, 21946678, 22952317
45, 1, 21
4, 73542, 22952317, 23455299
46, 1, 21
2, 235121, 23710777, 24731661
47, 1, 21
1, 105266, 24355144, 25400528
48, 1, 21
4, 73542, 23455299, 23957733
49, 1, 21
3, 63448, 21569644, 27932253
50, 1, 21
2, 1100321, 24731661, 28773071
51, 1, 21
2, 187460, 28773071, 29273361
52, 1, 21
1, 523446, 25400528, 29955015
53, 1, 21
3, 134106, 27932253, 28948203
54, 1, 21
1, 56238, 29955015, 30459894
55, 1, 21
2, 569665, 29273361, 30778098
56, 1, 21
1, 118244, 30459894, 31461763
57, 1, 21
2, 132689, 30778098, 31278624
58, 1, 21
3, 510468, 28948203, 32473771
59, 1, 21
2, 510493, 31278624, 33302238
60, 1, 21
1, 286958, 31461763, 34043244
61, 1, 21
2, 25981, 33302238, 33811004
62, 1, 21
1, 21630, 34043244, 34554964
63, 1, 21
1, 34608, 34554964, 35055966
64, 1, 21
2, 67824, 33811004, 34813931
65, 1, 21
3, 33166, 32473771, 34877560
66, 1, 21
1, 85078, 35055966, 36064475
67, 1, 21
2, 249516, 34813931, 35860597
68, 1, 21
3, 164388, 34877560, 35434138
69, 1, 21
1, 59122, 36064475, 36575175
70, 1, 21
2, 148576, 35860597, 36369103
71, 1, 21
3, 96614, 35434138, 35943970
72, 1, 21
1, 38934, 36575175, 37123012
73, 1, 21
2, 178858, 36369103, 36871301
74, 1, 21
3, 171598, 35943970, 36446826
75, 1, 21
1, 54796, 37123012, 37630895
76, 1, 21
2, 227886, 36871301, 37375291
77, 1, 21
2, 213416, 37375291, 37878519
78, 1, 21
3, 312914, 36446826, 37452643
79, 1, 21
2, 201905, 37878519, 38379851
80, 1, 21
2, 77868, 38379851, 38885532
81, 1, 21
1, 220626, 37630895, 39662131
82, 1, 21
2, 47611, 38885532, 39390085
83, 1, 21
1, 102382, 39662131, 40669035
84, 1, 21
2, 108175, 39390085, 40393628
85, 1, 21
3, 136990, 37452643, 40105932
86, 1, 21
2, 122595, 40393628, 40910879
87, 1, 21
1, 93730, 40669035, 41680810
88, 1, 21
2, 184601, 40910879, 41413128
89, 1, 21
1, 59122, 41680810, 42186976
90, 1, 21
3, 294168, 40105932, 41108993
91, 1, 21
2, 223560, 41413128, 41914872
92, 1, 21
2, 191786, 41914872, 42418585
93, 1, 21
1, 111034, 42186976, 43191565
94, 1, 21
3, 302820, 41108993, 42112129
95, 1, 21
2, 219234, 42418585, 42919651
96, 1, 21
1, 59122, 43191565, 43699089
97, 1, 21
3, 165830, 42112129, 42615916
98, 1, 21
1, 53354, 43699089, 44202803
99, 1, 21
2, 350481, 42919651, 43927252
100, 1, 21
1, 47586, 44202803, 44710787
101, 1, 21
2, 47611, 43927252, 44431471
102, 1, 21
1, 51912, 44710787, 45224911
103, 1, 21
2, 38959, 44431471, 44946848
104, 1, 21
1, 44702, 45224911, 45826940
105, 1, 21
1, 34608, 45826940, 46328032
106, 1, 21
1, 57680, 46328032, 46837534
107, 1, 21
1, 115360, 46837534, 47837810
108, 1, 21
1, 109592, 47837810, 48862319
109, 1, 21
1, 40376, 48862319, 49372036
110, 1, 21
1, 47586, 49372036, 49877118
111, 1, 21
1, 33166, 49877118, 50383357
112, 1, 21
1, 43260, 50383357, 50895271
113, 1, 21
1, 51912, 50895271, 51403011
114, 1, 21
2, 584260, 44946848, 51041214
115, 1, 21
1, 59122, 51403011, 51903486
116, 1, 21
2, 118269, 51041214, 52044237
117, 1, 21
1, 116802, 51903486, 52910180
118, 1, 21
3, 155736, 42615916, 52869137
119, 1, 21
2, 220676, 52044237, 53574082
120, 1, 21
2, 206206, 53574082, 54074184
121, 1, 21
2, 226394, 54074184, 54577497
122, 1, 21
2, 214858, 54577497, 55079886
123, 1, 21
3, 637364, 52869137, 54876620
124, 1, 21
2, 207673, 55079886, 55580291
125, 1, 21
3, 138432, 54876620, 55378477
126, 1, 21
3, 173040, 55378477, 55881141
127, 1, 21
2, 441302, 55580291, 56580520
128, 1, 21
2, 230720, 56580520, 57083224
129, 1, 21
2, 793100, 57083224, 59096659
130, 1, 21
2, 54796, 59096659, 59601646
131, 1, 21
2, 112476, 59601646, 60603902
132, 1, 21
1, 1144948, 52910180, 62913395
