0, 2, 21
2, 72100, 5497450, 6243950
1, 72104, 6045348, 6791889
1, 2, 21
2, 144200, 6243950, 7539429
1, 144204, 6791889, 8087370
2, 2, 21
2, 144200, 7539429, 8829068
1, 144204, 8087370, 9376791
3, 2, 21
2, 217742, 8829068, 16890208
1, 217746, 9376791, 17437819
4, 2, 21
2, 74984, 16890208, 17546959
1, 72104, 17437819, 18094798
5, 2, 21
2, 82194, 17546959, 17857668
1, 36054, 18094798, 18405121
6, 2, 21
2, 43260, 17857668, 18017340
1, 18750, 18405121, 18565463
7, 2, 21
2, 23072, 18017340, 18105039
1, 10098, 18565463, 18653173
8, 2, 21
2, 331660, 18105039, 19507857
1, 144204, 18653173, 20055479
9, 2, 21
2, 266770, 19507857, 20172708
1, 72104, 20055479, 20720301
10, 2, 21
2, 134106, 20172708, 20493983
1, 36054, 20720301, 21041586
11, 2, 21
2, 69216, 20493983, 20662545
1, 18750, 21041586, 21210015
12, 2, 21
2, 498932, 20662545, 22116110
1, 144204, 21210015, 22664165
13, 2, 21
2, 230720, 22116110, 22784155
1, 72104, 22664165, 23332229
14, 2, 21
2, 90846, 22784155, 23224987
1, 36054, 23332229, 23773158
15, 2, 21
2, 43260, 23224987, 23398928
1, 18750, 23773158, 23946968
16, 2, 21
2, 17304, 23398928, 23497078
1, 10098, 23946968, 24045088
17, 2, 21
2, 340312, 23497078, 25008135
1, 144204, 24045088, 25555951
18, 2, 21
2, 337428, 25008135, 26289295
1, 144204, 25555951, 26836973
19, 2, 21
2, 162946, 26289295, 26909470
1, 72104, 26836973, 27457168
20, 2, 21
2, 320124, 26909470, 28152306
1, 144204, 27457168, 28700037
21, 2, 21
2, 448462, 28152306, 29456027
1, 144204, 28700037, 30003815
22, 2, 21
2, 249466, 29456027, 30096789
1, 72104, 30003815, 30642422
23, 2, 21
2, 122570, 30096789, 30403026
1, 36054, 30642422, 30950503
24, 2, 21
2, 369152, 30403026, 31619554
1, 144204, 30950503, 32167290
25, 2, 21
2, 162946, 31619554, 32231044
1, 72104, 32167290, 32779000
26, 2, 21
2, 82194, 32231044, 32536661
1, 36054, 32779000, 33084626
27, 2, 21
2, 237930, 32536661, 34396282
1, 144204, 33084626, 34944084
28, 2, 21
2, 72100, 34396282, 35344565
1, 72104, 34944084, 35892540
29, 2, 21
2, 113918, 35344565, 35662634
1, 36054, 35892540, 36210447
30, 2, 21
2, 82194, 35662634, 35832812
1, 18750, 36210447, 36380534
31, 2, 21
2, 33166, 35832812, 35918120
1, 10098, 36380534, 36465835
32, 2, 21
2, 5768, 35918120, 35966506
1, 5772, 36465835, 36514100
33, 2, 21
2, 565264, 35966506, 37451540
1, 144204, 36514100, 37998945
34, 2, 21
2, 262444, 37451540, 38103126
1, 72104, 37998945, 38650602
35, 2, 21
2, 141316, 38103126, 38430330
1, 36054, 38650602, 38977560
36, 2, 21
2, 145642, 38430330, 39879707
1, 144204, 38977560, 40427132
37, 2, 21
2, 72100, 39879707, 40500688
1, 72104, 40427132, 41048217
38, 2, 21
2, 534982, 40500688, 41944077
1, 144204, 41048217, 42491687
39, 2, 21
2, 266770, 41944077, 42612328
1, 72104, 42491687, 43160118
40, 2, 21
2, 136990, 42612328, 42925208
1, 36054, 43160118, 43472532
41, 2, 21
2, 70658, 42925208, 43085528
1, 18750, 43472532, 43633180
42, 2, 21
2, 324450, 43085528, 44484590
1, 144204, 43633180, 45032082
43, 2, 21
2, 72100, 44484590, 45435390
1, 72104, 45032082, 45983169
44, 2, 21
2, 36050, 45435390, 45887612
1, 36054, 45983169, 46435092
45, 2, 21
2, 144200, 45887612, 47147725
1, 144204, 46435092, 47695241
46, 2, 21
2, 72100, 47147725, 47750400
1, 72104, 47695241, 48297985
47, 2, 21
2, 144200, 47750400, 49339058
1, 144204, 48297985, 49886711
48, 2, 21
2, 144200, 49339058, 51003215
1, 144204, 49886711, 51550716
49, 2, 21
2, 144200, 51003215, 52222428
1, 144204, 51550716, 52769921
50, 2, 21
2, 72100, 52222428, 52832614
1, 72104, 52769921, 53380021
51, 2, 21
2, 359058, 52832614, 54069233
1, 144204, 53380021, 54616951
52, 2, 21
2, 295610, 54069233, 54674394
1, 72104, 54616951, 55221403
53, 2, 21
2, 145642, 54674394, 54980139
1, 36054, 55221403, 55527890
54, 2, 21
2, 569590, 54980139, 56213015
1, 144204, 55527890, 56760802
55, 2, 21
2, 553728, 56213015, 57424472
1, 144204, 56760802, 57972254
56, 2, 21
2, 490280, 57424472, 58649368
1, 144204, 57972254, 59197346
57, 2, 21
2, 144200, 58649368, 59956474
1, 144204, 59197346, 60504605
58, 2, 21
2, 72100, 59956474, 60599913
1, 72104, 60504605, 61148037
59, 2, 21
2, 144200, 60599913, 61852180
1, 144204, 61148037, 62399783
60, 2, 21
2, 144200, 61852180, 63213833
1, 144204, 62399783, 63761426
61, 2, 21
2, 144200, 63213833, 64542574
1, 144204, 63761426, 65090668
