0, 2, 21
2, 54796, 5535392, 6097207
1, 54796, 6101308, 6662766
1, 2, 21
2, 53354, 6097207, 6599336
1, 53354, 6662766, 7164893
2, 2, 21
2, 57680, 6599336, 7108466
1, 57680, 7164893, 7674002
3, 2, 21
2, 54796, 7108466, 7612494
1, 54796, 7674002, 8178044
4, 2, 21
2, 56238, 7612494, 8122356
1, 56238, 8178044, 8687919
5, 2, 21
2, 57680, 8122356, 8633724
1, 57680, 8687919, 9199125
6, 2, 21
2, 56238, 8633724, 9138775
1, 56238, 9199125, 9703722
7, 2, 21
2, 44702, 9138775, 15662407
1, 44702, 9703722, 16227372
8, 2, 21
2, 54796, 15662407, 16168315
1, 54796, 16227372, 16733852
9, 2, 21
2, 59122, 16168315, 16671080
1, 59122, 16733852, 17236611
10, 2, 21
2, 57680, 16671080, 17183879
1, 57680, 17236611, 17749115
11, 1, 21
2, 83636, 17183879, 17684305
12, 1, 21
1, 56238, 17749115, 18259368
13, 1, 21
3, 77868, 16945557, 17453415
14, 1, 21
2, 132714, 17684305, 18187067
15, 1, 21
1, 59122, 18259368, 18765404
16, 1, 21
3, 64890, 17453415, 18016249
17, 1, 21
2, 105316, 18187067, 18688675
18, 1, 21
1, 51912, 18765404, 19304345
19, 1, 21
3, 69216, 18016249, 18519173
20, 1, 21
2, 121178, 18688675, 19192316
21, 1, 21
1, 51912, 19304345, 19813266
22, 1, 21
3, 77868, 18519173, 19021333
23, 1, 21
2, 165880, 19192316, 19693852
24, 1, 21
1, 56238, 19813266, 20314571
25, 1, 21
4, 74984, 18391252, 18893931
26, 1, 21
3, 73542, 19021333, 19523940
27, 1, 21
2, 199071, 19693852, 20194320
28, 1, 21
1, 54796, 20314571, 20822373
29, 1, 21
4, 77868, 18893931, 19400859
30, 1, 21
3, 76426, 19523940, 20030517
31, 1, 21
2, 209165, 20194320, 20696193
32, 1, 21
1, 56238, 20822373, 21323212
33, 1, 21
4, 64890, 19400859, 19909454
34, 1, 21
3, 63448, 20030517, 20541133
35, 1, 21
2, 152927, 20696193, 21197509
36, 1, 21
1, 51912, 21323212, 21838750
37, 1, 21
4, 50470, 19909454, 20451532
38, 1, 21
3, 47586, 20541133, 21042206
39, 1, 21
2, 161579, 21197509, 21698970
40, 1, 21
1, 41818, 21838750, 22339540
41, 1, 21
4, 76426, 20451532, 20960643
42, 1, 21
3, 74984, 21042206, 21542816
43, 1, 21
2, 204839, 21698970, 22206888
44, 1, 21
1, 59122, 22339540, 22850782
45, 1, 21
4, 72100, 20960643, 21461561
46, 1, 21
2, 175974, 22206888, 22707959
47, 1, 21
1, 56238, 22850782, 23351921
48, 1, 21
4, 59122, 21461561, 21966654
49, 1, 21
2, 102432, 22707959, 23209828
50, 1, 21
1, 43260, 23351921, 23857501
51, 1, 21
4, 59122, 21966654, 22466847
52, 1, 21
2, 96664, 23209828, 23714296
53, 1, 21
1, 43260, 23857501, 24376621
54, 1, 21
4, 54796, 22466847, 22972130
55, 1, 21
2, 106758, 23714296, 24216068
56, 1, 21
1, 49028, 24376621, 24886376
57, 1, 21
4, 74984, 22972130, 23480015
58, 1, 21
2, 128388, 24216068, 24717818
59, 1, 21
1, 56238, 24886376, 25395140
60, 1, 21
4, 73542, 23480015, 23982219
61, 1, 21
2, 132714, 24717818, 25220232
62, 1, 21
1, 59122, 25395140, 25895437
63, 1, 21
4, 74984, 23982219, 24488523
64, 1, 21
2, 134156, 25220232, 25725548
65, 1, 21
1, 59122, 25895437, 26400649
66, 1, 21
4, 79310, 24488523, 24991592
67, 1, 21
2, 139924, 25725548, 26229048
68, 1, 21
1, 60564, 26400649, 26910656
69, 1, 21
4, 74984, 24991592, 25492427
70, 1, 21
2, 134156, 26229048, 26737332
71, 1, 21
1, 59122, 26910656, 27418415
72, 1, 21
4, 72100, 25492427, 25995197
73, 1, 21
2, 129830, 26737332, 27238065
74, 1, 21
1, 57680, 27418415, 27925194
75, 1, 21
4, 76426, 25995197, 26499775
76, 1, 21
2, 132714, 27238065, 27738906
77, 1, 21
1, 59122, 27925194, 28428611
78, 1, 21
4, 74984, 26499775, 27008739
79, 1, 21
2, 132714, 27738906, 28242124
80, 1, 21
1, 59122, 28428611, 28930987
81, 1, 21
3, 62006, 21542816, 27887813
82, 1, 21
4, 70658, 27008739, 27510854
83, 1, 21
2, 170231, 28242124, 28744535
84, 1, 21
1, 57680, 28930987, 29438673
85, 1, 21
3, 62006, 27887813, 28394148
86, 1, 21
4, 63448, 27510854, 28015958
87, 1, 21
2, 183209, 28744535, 29247284
88, 1, 21
1, 51912, 29438673, 29943552
89, 1, 21
3, 72100, 28394148, 28897437
90, 1, 21
4, 72100, 28015958, 28520855
91, 1, 21
2, 197629, 29247284, 29748053
92, 1, 21
1, 56238, 29943552, 30448013
93, 1, 21
3, 76426, 28897437, 29404150
94, 1, 21
4, 73542, 28520855, 29031498
95, 1, 21
2, 206281, 29748053, 30251692
96, 1, 21
1, 59122, 30448013, 30952170
97, 1, 21
3, 72100, 29404150, 29905861
98, 1, 21
2, 174532, 30251692, 30751794
99, 1, 21
1, 60564, 30952170, 31462480
100, 1, 21
3, 74984, 29905861, 30407579
101, 1, 21
2, 135598, 30751794, 31260118
102, 1, 21
1, 60564, 31462480, 31973533
103, 1, 21
3, 74984, 30407579, 30913004
104, 1, 21
2, 134156, 31260118, 31763577
105, 1, 21
1, 59122, 31973533, 32475147
106, 1, 21
3, 74984, 30913004, 31415265
107, 1, 21
2, 132714, 31763577, 32265790
108, 1, 21
1, 59122, 32475147, 32978468
109, 1, 21
3, 73542, 31415265, 31915640
110, 1, 21
2, 131272, 32265790, 32773504
111, 1, 21
1, 57680, 32978468, 33480431
112, 1, 21
3, 64890, 31915640, 32420034
113, 1, 21
2, 103874, 32773504, 33274653
114, 1, 21
1, 46144, 33480431, 34008656
115, 1, 21
2, 24539, 33274653, 33780897
116, 1, 21
1, 21630, 34008656, 34519976
117, 1, 21
2, 31749, 33780897, 34296218
118, 1, 21
1, 34608, 34519976, 35021866
119, 1, 21
2, 37517, 34296218, 34818070
120, 1, 21
1, 37492, 35021866, 35573360
121, 1, 21
2, 43285, 34818070, 35319600
122, 1, 21
3, 31724, 32420034, 34815045
123, 1, 21
1, 53354, 35573360, 36085063
124, 1, 21
2, 212024, 35319600, 35819730
125, 1, 21
3, 164388, 34815045, 35371488
126, 1, 21
1, 57680, 36085063, 36594845
127, 1, 21
2, 138482, 35819730, 36331550
128, 1, 21
3, 96614, 35371488, 35881385
129, 1, 21
1, 34608, 36594845, 37106065
130, 1, 21
2, 187510, 36331550, 36831877
131, 1, 21
3, 171598, 35881385, 36383643
132, 1, 21
1, 51912, 37106065, 37610331
133, 1, 21
2, 226444, 36831877, 37334569
134, 1, 21
3, 167272, 36383643, 36887628
135, 1, 21
1, 56238, 37610331, 38114319
136, 1, 21
2, 212024, 37334569, 37835735
137, 1, 21
3, 145642, 36887628, 37389304
138, 1, 21
1, 56238, 38114319, 38620013
139, 1, 21
2, 203372, 37835735, 38338507
140, 1, 21
1, 56238, 38620013, 39123736
141, 1, 21
2, 67799, 38338507, 38839441
142, 1, 21
1, 50470, 39123736, 39626647
143, 1, 21
2, 47611, 38839441, 39343441
144, 1, 21
1, 43260, 39626647, 40128522
145, 1, 21
2, 49053, 39343441, 39845423
146, 1, 21
1, 57680, 40128522, 40632835
147, 1, 21
2, 59147, 39845423, 40353329
148, 1, 21
1, 54796, 40632835, 41138645
149, 1, 21
3, 136990, 37389304, 40042029
150, 1, 21
2, 122620, 40353329, 40862654
151, 1, 21
3, 134106, 40042029, 40543621
152, 1, 21
1, 44702, 41138645, 41693767
153, 1, 21
2, 190394, 40862654, 41364178
154, 1, 21
3, 160062, 40543621, 41044148
155, 1, 21
1, 59122, 41693767, 42200157
156, 1, 21
2, 225002, 41364178, 41871535
157, 1, 21
3, 165830, 41044148, 41545670
158, 1, 21
1, 59122, 42200157, 42707850
159, 1, 21
2, 194720, 41871535, 42374431
160, 1, 21
3, 136990, 41545670, 42047866
161, 1, 21
1, 53354, 42707850, 43216884
162, 1, 21
2, 219234, 42374431, 42877426
163, 1, 21
3, 164388, 42047866, 42547924
164, 1, 21
1, 59122, 43216884, 43725840
165, 1, 21
2, 210582, 42877426, 43379989
166, 1, 21
3, 154294, 42547924, 43048059
167, 1, 21
1, 53354, 43725840, 44228273
168, 1, 21
2, 131272, 43379989, 43891098
169, 1, 21
1, 47586, 44228273, 44738438
170, 1, 21
2, 47611, 43891098, 44398701
171, 1, 21
1, 51912, 44738438, 45316537
172, 1, 21
2, 41843, 44398701, 44921613
173, 1, 21
1, 43260, 45316537, 45839145
174, 1, 21
2, 38959, 44921613, 45427568
175, 1, 21
1, 34608, 45839145, 46339399
176, 1, 21
2, 41843, 45427568, 45933665
177, 1, 21
1, 57680, 46339399, 46848468
178, 1, 21
2, 57705, 45933665, 46440229
179, 1, 21
1, 57680, 46848468, 47352472
180, 1, 21
2, 59147, 46440229, 46945244
181, 1, 21
1, 59122, 47352472, 47859611
182, 1, 21
2, 59147, 46945244, 47449469
183, 1, 21
1, 60564, 47859611, 48370171
184, 1, 21
2, 57705, 47449469, 47973559
185, 1, 21
1, 47586, 48370171, 48871002
186, 1, 21
2, 46169, 47973559, 48484581
187, 1, 21
1, 40376, 48871002, 49380318
188, 1, 21
2, 43285, 48484581, 48990184
189, 1, 21
1, 47586, 49380318, 49884925
190, 1, 21
2, 41843, 48990184, 49517470
191, 1, 21
1, 33166, 49884925, 50390782
192, 1, 21
2, 41843, 49517470, 50022702
193, 1, 21
1, 43260, 50390782, 50902326
194, 1, 21
2, 38959, 50022702, 50525865
195, 1, 21
1, 51912, 50902326, 51409525
196, 1, 21
2, 57705, 50525865, 51027999
197, 1, 21
1, 59122, 51409525, 51909564
198, 1, 21
2, 60589, 51027999, 51535616
199, 1, 21
1, 60564, 51909564, 52419734
200, 1, 21
2, 59147, 51535616, 52040392
201, 1, 21
1, 59122, 52419734, 52922769
202, 1, 21
2, 60589, 52040392, 52551602
203, 1, 21
1, 59122, 52922769, 53426855
204, 1, 21
2, 59147, 52551602, 53058366
205, 1, 21
3, 2884, 43048059, 52801836
206, 1, 21
1, 59122, 53426855, 53932152
207, 1, 21
2, 124062, 53058366, 53558466
208, 1, 21
3, 164388, 52801836, 53305339
209, 1, 21
1, 59122, 53932152, 54440724
210, 1, 21
2, 216350, 53558466, 54060146
211, 1, 21
3, 162946, 53305339, 53807820
212, 1, 21
1, 60564, 54440724, 54950382
213, 1, 21
2, 236538, 54060146, 54563657
214, 1, 21
3, 184576, 53807820, 54310942
215, 1, 21
1, 60564, 54950382, 55461236
216, 1, 21
2, 236538, 54563657, 55064369
217, 1, 21
3, 173040, 54310942, 54811439
218, 1, 21
1, 60564, 55461236, 55971665
219, 1, 21
2, 233654, 55064369, 55564814
220, 1, 21
3, 171598, 54811439, 55312451
221, 1, 21
1, 57680, 55971665, 56478767
222, 1, 21
2, 233654, 55564814, 56067288
223, 1, 21
3, 174482, 55312451, 55815161
224, 1, 21
1, 60564, 56478767, 56985153
225, 1, 21
2, 230770, 56067288, 56569663
226, 1, 21
3, 171598, 55815161, 56318355
227, 1, 21
1, 60564, 56985153, 57493543
228, 1, 21
2, 233654, 56569663, 57069805
229, 1, 21
3, 170156, 56318355, 56824562
230, 1, 21
1, 60564, 57493543, 58003370
231, 1, 21
2, 222118, 57069805, 57570306
232, 1, 21
3, 162946, 56824562, 57325826
233, 1, 21
1, 59122, 58003370, 58507106
234, 1, 21
2, 227886, 57570306, 58070644
235, 1, 21
3, 178808, 57325826, 57826588
236, 1, 21
1, 60564, 58507106, 59011740
237, 1, 21
2, 184626, 58070644, 58572049
238, 1, 21
1, 56238, 59011740, 59519974
239, 1, 21
2, 54821, 58572049, 59076183
240, 1, 21
1, 54796, 59519974, 60027899
241, 1, 21
2, 54821, 59076183, 59578514
242, 1, 21
1, 56238, 60027899, 60528658
243, 1, 21
2, 56263, 59578514, 60078721
244, 1, 21
1, 56238, 60528658, 61029404
245, 1, 21
2, 57705, 60078721, 60589260
246, 1, 21
1, 57680, 61029404, 61532119
247, 1, 21
2, 59147, 60589260, 61103267
248, 1, 21
1, 59122, 61532119, 62043200
249, 1, 21
2, 59147, 61103267, 61613289
250, 1, 21
1, 57680, 62043200, 62550073
251, 1, 21
2, 56263, 61613289, 62127148
252, 1, 21
1, 53354, 62550073, 63059626
253, 1, 21
2, 54821, 62127148, 62637785
254, 1, 21
1, 53354, 63059626, 63568206
255, 1, 21
2, 53379, 62637785, 63150437
256, 1, 21
1, 53354, 63568206, 64072522
257, 1, 21
2, 53379, 63150437, 63653274
258, 1, 21
1, 54796, 64072522, 64572688
259, 1, 21
2, 56263, 63653274, 64162702
260, 1, 21
1, 54796, 64572688, 65073339
261, 1, 21
2, 56263, 64162702, 64664827
262, 1, 21
1, 56238, 65073339, 65576483
263, 1, 21
2, 56263, 64664827, 65174809
264, 1, 21
1, 56238, 65576483, 66081548
265, 1, 21
2, 54821, 65174809, 65677181
