0, 2, 21
2, 213416, 4594558, 6601839
1, 213416, 5156186, 7166704
1, 2, 21
2, 222068, 6601839, 14716221
1, 222068, 7166704, 15281484
2, 1, 21
2, 249466, 14716221, 16720077
3, 1, 21
1, 338870, 15281484, 18363045
4, 1, 21
3, 279748, 15990625, 17994451
5, 1, 21
2, 511960, 16720077, 18725910
6, 1, 21
1, 396550, 18363045, 20372461
7, 1, 21
3, 269654, 17994451, 20068670
8, 1, 21
2, 715282, 18725910, 20728755
9, 1, 21
1, 458556, 20372461, 22377271
10, 1, 21
2, 591245, 20728755, 22736176
11, 1, 21
1, 432600, 22377271, 24380624
12, 1, 21
2, 484537, 22736176, 24737361
13, 1, 21
1, 532098, 24380624, 26382069
14, 1, 21
3, 138432, 20068670, 26923659
15, 1, 21
1, 491722, 26382069, 28395441
16, 1, 21
2, 1153675, 24737361, 28789068
17, 1, 21
3, 272538, 26923659, 28926419
18, 1, 21
1, 442694, 28395441, 30411222
19, 1, 21
3, 295610, 28926419, 30934470
20, 1, 21
2, 987845, 28789068, 31791468
21, 1, 21
1, 312914, 30411222, 32418536
22, 1, 21
2, 211999, 31791468, 33819435
23, 1, 21
3, 109592, 30934470, 33916811
24, 1, 21
1, 237930, 32418536, 35424851
25, 1, 21
2, 532148, 33819435, 35820412
26, 1, 21
3, 576800, 33916811, 35919773
27, 1, 21
1, 203322, 35424851, 37436915
28, 1, 21
2, 761426, 35820412, 37836167
29, 1, 21
3, 305704, 35919773, 39145645
30, 1, 21
2, 243723, 37836167, 39838708
31, 1, 21
2, 807520, 39838708, 41840706
32, 1, 21
3, 917112, 39145645, 42154594
33, 1, 21
2, 481653, 41840706, 43845936
34, 1, 21
1, 728210, 37436915, 44490715
35, 2, 21
2, 199021, 43845936, 45931498
1, 191786, 44490715, 46496977
36, 1, 21
1, 207648, 46496977, 48524580
37, 1, 21
1, 173040, 48524580, 50528232
38, 1, 21
1, 236488, 50528232, 52533740
39, 1, 21
3, 1442, 42154594, 51904549
40, 1, 21
2, 902792, 45931498, 52981849
41, 1, 21
3, 696486, 51904549, 53904549
42, 1, 21
2, 940209, 52981849, 54982873
43, 1, 21
2, 915670, 54982873, 56988420
44, 1, 21
2, 405202, 56988420, 58990512
45, 1, 21
1, 1149274, 52533740, 62538618
