0, 2, 21
2, 72100, 4572139, 5313770
1, 72104, 5136651, 5882887
1, 2, 21
2, 144200, 5313770, 6606744
1, 144204, 5882887, 7175727
2, 2, 21
2, 144200, 6606744, 7892912
1, 144204, 7175727, 8462233
3, 2, 21
2, 217742, 7892912, 15954473
1, 217746, 8462233, 16523747
4, 2, 21
2, 85078, 15954473, 16614514
1, 72104, 16523747, 17183567
5, 2, 21
2, 82194, 16614514, 16921992
1, 36054, 17183567, 17490899
6, 2, 21
2, 43260, 16921992, 17082194
1, 18750, 17490899, 17651480
7, 2, 21
2, 21630, 17082194, 17169773
1, 10098, 17651480, 17739052
8, 2, 21
2, 338870, 17169773, 18572462
1, 149972, 17739052, 19141285
9, 2, 21
2, 271096, 18572462, 19236949
1, 173044, 19141285, 19806246
10, 2, 21
2, 135548, 19236949, 19558012
1, 86524, 19806246, 20127327
11, 2, 21
2, 69216, 19558012, 19726322
1, 43264, 20127327, 20295658
12, 2, 21
2, 496048, 19726322, 21173858
1, 321570, 20295658, 21743199
13, 2, 21
2, 211974, 21173858, 21816063
1, 157182, 21743199, 22385397
14, 2, 21
2, 96614, 21816063, 22257016
1, 96618, 22385397, 22826277
15, 2, 21
2, 41818, 22257016, 22429464
1, 41822, 22826277, 22998740
16, 2, 21
2, 12978, 22429464, 22525068
1, 12982, 22998740, 23094357
17, 2, 21
2, 341754, 22525068, 24009012
1, 341758, 23094357, 24577907
18, 2, 21
2, 330218, 24009012, 25229957
1, 330222, 24577907, 25798341
19, 2, 21
2, 162946, 25229957, 25847381
1, 162950, 25798341, 26416339
20, 2, 21
2, 327334, 25847381, 27090161
1, 327338, 26416339, 27659132
21, 2, 21
2, 448462, 27090161, 28393936
1, 321570, 27659132, 28962911
22, 2, 21
2, 255234, 28393936, 29033161
1, 164392, 28962911, 29601526
23, 2, 21
2, 124012, 29033161, 29340586
1, 79314, 29601526, 29909490
24, 2, 21
2, 356174, 29340586, 30557217
1, 175928, 29909490, 31126361
25, 2, 21
2, 162946, 30557217, 31169414
1, 72104, 31126361, 31737954
26, 2, 21
2, 80752, 31169414, 31475216
1, 36054, 31737954, 32043538
27, 2, 21
2, 243698, 31475216, 33333858
1, 144204, 32043538, 33903096
28, 2, 21
2, 72100, 33333858, 34282057
1, 72104, 33903096, 34851301
29, 2, 21
2, 99498, 34282057, 34588694
1, 36054, 34851301, 35157822
30, 2, 21
2, 79310, 34588694, 34759088
1, 18750, 35157822, 35327977
31, 2, 21
2, 40376, 34759088, 34845701
1, 10098, 35327977, 35413134
32, 2, 21
2, 15862, 34845701, 34893125
1, 5772, 35413134, 35461390
33, 2, 21
2, 549402, 34893125, 36377365
1, 144204, 35461390, 36945778
34, 2, 21
2, 263886, 36377365, 37028149
1, 72104, 36945778, 37597197
35, 2, 21
2, 139874, 37028149, 37356143
1, 36054, 37597197, 37924408
36, 2, 21
2, 161504, 37356143, 38805139
1, 144204, 37924408, 39373681
37, 2, 21
2, 72100, 38805139, 39425659
1, 72104, 39373681, 39994745
38, 2, 21
2, 522004, 39425659, 40868968
1, 144204, 39994745, 41437839
39, 2, 21
2, 263886, 40868968, 41538316
1, 72104, 41437839, 42106518
40, 2, 21
2, 136990, 41538316, 41850405
1, 36054, 42106518, 42418726
41, 2, 21
2, 72100, 41850405, 42011116
1, 18750, 42418726, 42579518
42, 2, 21
2, 338870, 42011116, 43409098
1, 144204, 42579518, 43978148
43, 2, 21
2, 72100, 43409098, 44362265
1, 72104, 43978148, 44930514
44, 2, 21
2, 36050, 44362265, 44812488
1, 36054, 44930514, 45380931
45, 2, 21
2, 144200, 44812488, 46071374
1, 144204, 45380931, 46640547
46, 2, 21
2, 72100, 46071374, 46673995
1, 72104, 46640547, 47243143
47, 2, 21
2, 144200, 46673995, 48262889
1, 144204, 47243143, 48831449
48, 2, 21
2, 144200, 48262889, 49926244
1, 144204, 48831449, 50495385
49, 2, 21
2, 144200, 49926244, 51145996
1, 144204, 50495385, 51714436
50, 2, 21
2, 72100, 51145996, 51755306
1, 72104, 51714436, 52324442
51, 2, 21
2, 343196, 51755306, 52992937
1, 144204, 52324442, 53561202
52, 2, 21
2, 294168, 52992937, 53598091
1, 72104, 53561202, 54167139
53, 2, 21
2, 148526, 53598091, 53905074
1, 36054, 54167139, 54473555
54, 2, 21
2, 571032, 53905074, 55137266
1, 144204, 54473555, 55706163
55, 2, 21
2, 555170, 55137266, 56348443
1, 144204, 55706163, 56917509
56, 2, 21
2, 501816, 56348443, 57574850
1, 144204, 56917509, 58144042
57, 2, 21
2, 144200, 57574850, 58881915
1, 144204, 58144042, 59451265
58, 2, 21
2, 72100, 58881915, 59525407
1, 72104, 59451265, 60094672
59, 2, 21
2, 144200, 59525407, 60777664
1, 144204, 60094672, 61346325
60, 2, 21
2, 144200, 60777664, 62138602
1, 144204, 61346325, 62707935
61, 2, 21
2, 144200, 62138602, 63468074
1, 144204, 62707935, 64037338
