0, 2, 21
2, 213416, 4621834, 6628876
1, 213416, 5186114, 7197380
1, 2, 21
2, 222068, 6628876, 14750565
1, 222068, 7197380, 15319194
2, 2, 21
2, 258118, 14750565, 16757955
1, 224952, 15319194, 17326880
3, 1, 21
3, 278306, 15962647, 17969093
4, 1, 21
2, 524913, 16757955, 18764965
5, 1, 21
1, 248024, 17326880, 19334147
6, 1, 21
3, 266770, 17969093, 19974042
7, 2, 21
2, 728260, 18764965, 20767113
1, 470092, 19334147, 21336238
8, 2, 21
2, 579684, 20767113, 22775307
1, 461440, 21336238, 23343971
9, 2, 21
2, 496048, 22775307, 24777157
1, 496048, 23343971, 25344864
10, 2, 21
2, 533540, 24777157, 26781625
1, 533540, 25344864, 27349726
11, 1, 21
3, 142758, 19974042, 26910709
12, 1, 21
2, 682091, 26781625, 28782374
13, 1, 21
1, 503258, 27349726, 29356187
14, 1, 21
3, 281190, 26910709, 28917655
15, 1, 21
2, 643182, 28782374, 30788668
16, 1, 21
1, 348964, 29356187, 31360905
17, 1, 21
3, 297052, 28917655, 30918547
18, 2, 21
2, 398042, 30788668, 32807088
1, 193228, 31360905, 33375909
19, 1, 21
3, 99498, 30918547, 33837531
20, 2, 21
2, 299961, 32807088, 34811216
1, 164388, 33375909, 35378877
21, 1, 21
3, 576800, 33837531, 35839488
22, 1, 21
2, 768611, 34811216, 36818646
23, 1, 21
1, 203322, 35378877, 37390701
24, 1, 21
2, 386481, 36818646, 38819605
25, 1, 21
1, 206206, 37390701, 39400835
26, 1, 21
3, 305704, 35839488, 39065494
27, 1, 21
2, 563872, 38819605, 40820727
28, 1, 21
1, 209090, 39400835, 41402592
29, 1, 21
3, 595546, 39065494, 41067422
30, 1, 21
2, 785940, 40820727, 42828578
31, 1, 21
1, 222068, 41402592, 43410997
32, 1, 21
2, 165855, 42828578, 44837285
33, 1, 21
1, 165830, 43410997, 45421299
34, 1, 21
2, 232187, 44837285, 46843356
35, 1, 21
1, 232162, 45421299, 47425127
36, 1, 21
2, 167297, 46843356, 48850242
37, 1, 21
1, 167272, 47425127, 49433565
38, 1, 21
2, 211999, 48850242, 50856033
39, 1, 21
1, 211974, 49433565, 51437179
40, 1, 21
3, 323008, 41067422, 51824239
41, 1, 21
2, 386506, 50856033, 52858296
42, 1, 21
1, 235046, 51437179, 53442145
43, 1, 21
3, 697928, 51824239, 53826690
44, 1, 21
2, 938792, 52858296, 54859751
45, 1, 21
1, 235046, 53442145, 55449681
46, 1, 21
3, 684950, 53826690, 55829148
47, 1, 21
2, 912836, 54859751, 56860568
48, 1, 21
1, 237930, 55449681, 57453888
49, 1, 21
2, 423973, 56860568, 58868324
50, 1, 21
1, 227836, 57453888, 59465841
51, 1, 21
2, 229303, 58868324, 60881587
52, 1, 21
1, 229278, 59465841, 61478295
53, 1, 21
2, 213441, 60881587, 62885619
54, 1, 21
1, 213416, 61478295, 63482391
