0, 18672, 2, 17, 1674930306.989414
4,  12600, 4152632, 4253828
3,  12600, 4696465, 4798487
1, 14938, 2, 17, 1674930307.0011046
4,  12600, 4163703, 4265563
1,  12600, 5812116, 5913631
2, 29093, 2, 17, 1674930307.0115983
4,  12600, 4174696, 4275681
2,  12600, 5267740, 5369338
3, 18672, 2, 17, 1674930307.1025512
4,  14000, 4253828, 4367219
3,  14000, 4798487, 4911775
4, 29093, 2, 17, 1674930307.1242414
4,  14000, 4275681, 4388609
2,  14000, 5369338, 5482097
5, 14938, 2, 17, 1674930307.124663
4,  15400, 4265563, 4389102
1,  15400, 5913631, 6037474
6, 18672, 2, 17, 1674930307.2388177
4,  16800, 4367219, 4503075
3,  16800, 4911775, 5047672
7, 14938, 2, 17, 1674930307.2620475
4,  16800, 4389102, 4524675
1,  16800, 6037474, 6172777
8, 29093, 2, 17, 1674930307.2633944
4,  16800, 4388609, 4525177
2,  16800, 5482097, 5617759
9, 18672, 2, 17, 1674930307.3860826
4,  18200, 4503075, 4650274
3,  18200, 5047672, 5194807
10, 29093, 2, 17, 1674930307.4067266
4,  18200, 4525177, 4671007
2,  18200, 5617759, 5764155
11, 14938, 2, 17, 1674930307.4294312
4,  21000, 4524675, 4693334
1,  21000, 6172777, 6341719
12, 18672, 2, 17, 1674930307.5666182
4,  22400, 4650274, 4831537
3,  22400, 5194807, 5376169
13, 29093, 1, 17, 1674930307.5863209
2,  22400, 5764155, 5944842
14, 29093, 1, 17, 1674930307.5978148
4,  23825, 4671007, 4862488
15, 14938, 2, 17, 1674930307.632274
4,  25200, 4693334, 4896566
1,  25200, 6341719, 6544843
16, 18672, 2, 17, 1674930307.832081
4,  32200, 4831537, 5092517
3,  32200, 5376169, 5637146
17, 29093, 1, 17, 1674930307.852669
2,  32200, 5944842, 6203996
18, 29093, 1, 17, 1674930307.8570988
4,  32225, 4862488, 5121422
19, 14938, 2, 17, 1674930307.8982353
4,  32200, 4896566, 5158746
1,  32200, 6544843, 6807161
20, 26266, 2, 17, 1674930307.9130933
4,  474600, 5071240, 5171521
1,  474600, 6719802, 6820020
21, 18672, 2, 17, 1674930308.202732
4,  46200, 5092517, 5466070
3,  46200, 5637146, 6010452
22, 29093, 1, 17, 1674930308.2176838
2,  46200, 6203996, 6575927
23, 29093, 1, 17, 1674930308.2736766
4,  51825, 5121422, 5538569
24, 14938, 2, 17, 1674930308.3124325
4,  51800, 5158746, 5576438
1,  51800, 6807161, 7224805
25, 21913, 2, 17, 1674930309.935978
4,  450800, 7099509, 7199711
1,  450800, 8748139, 8848277
26, 6051, 2, 17, 1674930309.970818
4,  333200, 7135543, 7235626
2,  333200, 8229210, 8329419
27, 14938, 2, 17, 1674930311.4794288
4,  387800, 5576438, 8744230
1,  387800, 7224805, 10392650
28, 18672, 2, 17, 1674930311.4798205
4,  399000, 5466070, 8744253
3,  399000, 6010452, 9288810
29, 29093, 2, 17, 1674930311.4801972
4,  392000, 5538569, 8744408
2,  399000, 6575927, 9838123
30, 14938, 2, 17, 1674930311.5815578
4,  12600, 8744230, 8845974
1,  12600, 10392650, 10494259
31, 29093, 2, 17, 1674930311.5821657
4,  12600, 8744408, 8845997
2,  12600, 9838123, 9939457
32, 18672, 2, 17, 1674930311.58497
4,  12600, 8744253, 8849756
3,  12600, 9288810, 9394389
33, 14938, 1, 17, 1674930311.6933317
1,  14000, 10494259, 10606861
34, 29093, 2, 17, 1674930311.694136
4,  14000, 8845997, 8959261
2,  14000, 9939457, 10053017
35, 14938, 1, 17, 1674930311.705029
4,  15425, 8845974, 8969578
36, 18672, 2, 17, 1674930311.7084084
4,  15400, 8849756, 8973420
3,  15400, 9394389, 9518111
37, 14938, 1, 17, 1674930311.8286958
1,  16800, 10606861, 10742132
38, 29093, 2, 17, 1674930311.8298237
4,  16800, 8959261, 9094767
2,  16800, 10053017, 10188434
39, 14938, 1, 17, 1674930311.8398612
4,  16825, 8969578, 9104858
40, 18672, 2, 17, 1674930311.8434558
4,  16800, 8973420, 9108638
3,  16800, 9518111, 9653381
41, 14938, 1, 17, 1674930311.9763806
1,  18200, 10742132, 10888930
42, 29093, 2, 17, 1674930311.9771233
4,  18200, 9094767, 9240947
2,  18200, 10188434, 10334239
43, 14938, 1, 17, 1674930312.0098214
4,  21025, 9104858, 9274321
44, 18672, 2, 17, 1674930312.0130694
4,  21000, 9108638, 9277746
3,  21000, 9653381, 9822426
45, 14938, 1, 17, 1674930312.1557918
1,  22400, 10888930, 11069273
46, 29093, 2, 17, 1674930312.1564217
4,  22400, 9240947, 9421561
2,  22400, 10334239, 10514628
47, 14938, 1, 17, 1674930312.212746
4,  25225, 9274321, 9477352
48, 18672, 2, 17, 1674930312.2160184
4,  25200, 9277746, 9481063
3,  25200, 9822426, 10025767
49, 14938, 1, 17, 1674930312.4149432
1,  32200, 11069273, 11328197
50, 29093, 2, 17, 1674930312.4154806
4,  32200, 9421561, 9679725
2,  32200, 10514628, 10773503
51, 14938, 1, 17, 1674930312.471281
4,  32225, 9477352, 9736143
52, 18672, 2, 17, 1674930312.4748876
4,  32200, 9481063, 9739940
3,  32200, 10025767, 10284625
53, 14938, 1, 17, 1674930312.7862775
1,  46200, 11328197, 11699711
54, 29093, 2, 17, 1674930312.7866595
4,  46200, 9679725, 10051262
2,  46200, 10773503, 11144866
55, 14938, 1, 17, 1674930312.8875163
4,  51825, 9736143, 10152591
56, 18672, 2, 17, 1674930312.8913183
4,  51800, 9739940, 10156506
3,  51800, 10284625, 10701222
57, 42982, 2, 17, 1674930313.0124848
4,  400400, 10176875, 10277093
2,  400400, 11270631, 11370838
58, 9376, 2, 17, 1674930315.0198247
4,  287000, 12183157, 12283444
2,  287000, 13276966, 13377104
59, 23644, 2, 17, 1674930316.01928
4,  427000, 13183552, 13283627
1,  427000, 14832115, 14932161
60, 13215, 2, 17, 1674930317.018664
4,  425600, 14183585, 14283590
1,  425600, 15832090, 15932173
61, 14938, 1, 17, 1674930317.790638
1,  621600, 11699711, 16704061
62, 29093, 2, 17, 1674930317.791466
4,  621600, 10051262, 15056574
2,  621600, 11144866, 16150328
63, 14938, 1, 17, 1674930317.8919952
4,  621625, 10152591, 15157032
64, 18672, 2, 17, 1674930317.901414
4,  623000, 10156506, 15166313
3,  623000, 10701222, 15710950
65, 29093, 2, 17, 1674930317.9783282
4,  21000, 15056574, 15243297
2,  21000, 16150328, 16337074
66, 17062, 2, 17, 1674930318.033037
4,  303800, 15197436, 15297768
2,  303800, 16291197, 16391472
67, 29093, 2, 17, 1674930318.088128
4,  12600, 15243297, 15353029
2,  12600, 16337074, 16446777
68, 29093, 2, 17, 1674930318.2006748
4,  14000, 15353029, 15465572
2,  14000, 16446777, 16559339
69, 29093, 2, 17, 1674930318.336417
4,  16800, 15465572, 15600898
2,  16800, 16559339, 16694501
70, 29093, 2, 17, 1674930318.4826999
4,  18200, 15600898, 15747648
2,  18200, 16694501, 16841376
71, 29093, 2, 17, 1674930318.6734967
4,  23800, 15747648, 15938486
2,  23800, 16841376, 17032256
72, 29093, 2, 17, 1674930318.932494
4,  32200, 15938486, 16197370
2,  32200, 17032256, 17291160
73, 29093, 2, 17, 1674930319.3491595
4,  51800, 16197370, 16614089
2,  51800, 17291160, 17707781
74, 7669, 2, 17, 1674930320.0400221
4,  331800, 17204448, 17304711
3,  331800, 17749126, 17849401
75, 29093, 1, 17, 1674930320.8352456
4,  184800, 16614089, 18100234
76, 29093, 1, 17, 1674930320.937308
4,  12600, 18100234, 18201554
77, 29093, 1, 17, 1674930321.0492969
4,  14000, 18201554, 18314319
78, 29093, 1, 17, 1674930321.1848955
4,  16800, 18314319, 18449485
79, 29093, 1, 17, 1674930321.3311114
4,  18200, 18449485, 18595765
80, 29093, 1, 17, 1674930321.5112908
4,  22400, 18595765, 18775976
81, 29093, 1, 17, 1674930321.769918
4,  32200, 18775976, 19034891
82, 45273, 1, 17, 1674930322.0331948
1,  450800, 20846873, 20946901
83, 45273, 1, 17, 1674930322.0338411
4,  452225, 19198397, 19299048
84, 29093, 1, 17, 1674930322.1417258
4,  46200, 19034891, 19406376
85, 14938, 1, 17, 1674930322.7921739
1,  621600, 16704061, 21705470
86, 14938, 1, 17, 1674930322.8931167
4,  621625, 15157032, 20158183
87, 18672, 2, 17, 1674930322.902135
4,  621600, 15166313, 20167233
3,  621600, 15710950, 20711922
88, 57114, 2, 17, 1674930324.061378
4,  316400, 21225914, 21326371
1,  316400, 22874485, 22974912
89, 29093, 1, 17, 1674930324.3586082
2,  623000, 17707781, 22717355
90, 40627, 2, 17, 1674930325.058864
4,  287000, 22223826, 22323840
3,  287000, 22768496, 22868531
91, 18672, 1, 17, 1674930325.27989
4,  295400, 20167233, 22544861
92, 18672, 1, 17, 1674930325.381271
4,  12600, 22544861, 22646277
93, 18672, 1, 17, 1674930325.4939027
4,  14000, 22646277, 22758967
94, 18672, 1, 17, 1674930325.6289773
4,  16800, 22758967, 22894008
95, 18672, 1, 17, 1674930325.775506
4,  18200, 22894008, 23040505
96, 18672, 1, 17, 1674930325.9672096
4,  23800, 23040505, 23232080
97, 18672, 1, 17, 1674930326.226002
4,  32200, 23232080, 23490954
98, 18672, 1, 17, 1674930326.6428766
4,  51800, 23490954, 23907757
99, 29093, 1, 17, 1674930327.1501575
4,  623025, 19406376, 24414786
100, 14938, 1, 17, 1674930327.8027391
1,  623000, 21705470, 26716179
101, 14938, 1, 17, 1674930327.9041057
4,  623025, 20158183, 25168970
102, 18672, 1, 17, 1674930327.9044626
3,  621600, 20711922, 25713621
103, 62179, 2, 17, 1674930328.0854764
4,  366800, 25250416, 25350458
2,  366800, 26344176, 26444250
104, 29093, 1, 17, 1674930329.369465
2,  623000, 22717355, 27727769
105, 18672, 1, 17, 1674930329.8517542
4,  399025, 23907757, 27116808
106, 29093, 1, 17, 1674930329.852794
2,  60200, 27727769, 28211771
107, 18672, 1, 17, 1674930329.9531462
4,  12600, 27116808, 27218126
108, 29093, 1, 17, 1674930329.9541037
2,  12600, 28211771, 28313043
109, 29093, 1, 17, 1674930330.0685604
2,  14000, 28313043, 28426866
110, 18672, 1, 17, 1674930330.076994
4,  15400, 27218126, 27342011
111, 7782, 2, 17, 1674930330.078828
4,  291200, 27243803, 27343870
2,  291200, 28337577, 28437613
112, 29093, 1, 17, 1674930330.203525
2,  16800, 28426866, 28562281
113, 18672, 1, 17, 1674930330.2120173
4,  16800, 27342011, 27477043
114, 29093, 1, 17, 1674930330.349782
2,  18200, 28562281, 28708577
115, 18672, 1, 17, 1674930330.3809395
4,  21000, 27477043, 27645975
116, 29093, 1, 17, 1674930330.530535
2,  22400, 28708577, 28888790
117, 18672, 1, 17, 1674930330.5844352
4,  25200, 27645975, 27848707
118, 29093, 1, 17, 1674930330.789431
2,  32200, 28888790, 29147819
119, 18672, 1, 17, 1674930330.8432646
4,  32200, 27848707, 28107792
120, 29093, 1, 17, 1674930331.1610096
2,  46200, 29147819, 29519223
121, 18672, 1, 17, 1674930331.2599967
4,  51800, 28107792, 28524530
122, 29093, 1, 17, 1674930332.1509717
4,  621825, 24414786, 29416023
123, 14938, 2, 17, 1674930332.4757717
4,  568400, 25168970, 29740492
1,  581000, 26716179, 31388868
124, 14938, 2, 17, 1674930332.5770762
4,  12600, 29740492, 29841860
1,  12600, 31388868, 31490221
125, 14938, 2, 17, 1674930332.6895177
4,  14000, 29841860, 29954448
1,  14000, 31490221, 31602856
126, 14938, 2, 17, 1674930332.825275
4,  16800, 29954448, 30089548
1,  16800, 31602856, 31737924
127, 18672, 1, 17, 1674930332.9156687
3,  623000, 25713621, 30724280
128, 14938, 2, 17, 1674930332.97232
4,  18200, 30089548, 30236318
1,  18200, 31737924, 31884431
129, 14938, 1, 17, 1674930333.1515238
1,  22400, 31884431, 32064666
130, 14938, 1, 17, 1674930333.1625645
4,  23825, 30236318, 30427396
131, 14938, 1, 17, 1674930333.4114778
1,  32200, 32064666, 32323789
132, 14938, 1, 17, 1674930333.4228747
4,  32225, 30427396, 30686541
133, 14938, 1, 17, 1674930333.781678
1,  46200, 32323789, 32695304
134, 14938, 1, 17, 1674930333.8385167
4,  51825, 30686541, 31103360
135, 28511, 2, 17, 1674930334.0514238
4,  316400, 31216010, 31316271
1,  316400, 32864594, 32964848
136, 64294, 2, 17, 1674930334.1042151
4,  308000, 31268876, 31369240
2,  308000, 32362682, 32462999
137, 18672, 1, 17, 1674930335.4376676
4,  519425, 28524530, 32702507
138, 18672, 1, 17, 1674930335.5391269
4,  12600, 32702507, 32804012
139, 18672, 1, 17, 1674930335.6523113
4,  14000, 32804012, 32916833
140, 18672, 1, 17, 1674930335.7867706
4,  16800, 32916833, 33051760
141, 18672, 1, 17, 1674930335.933325
4,  18200, 33051760, 33198258
142, 16693, 1, 17, 1674930336.0974395
3,  457800, 33807004, 33907245
143, 16693, 1, 17, 1674930336.0984344
4,  460625, 33262758, 33363394
144, 18672, 1, 17, 1674930336.1172254
4,  22400, 33198258, 33382175
145, 29093, 1, 17, 1674930336.1713514
2,  623000, 29519223, 34530078
146, 18672, 1, 17, 1674930336.3766768
4,  32200, 33382175, 33640957
147, 18672, 1, 17, 1674930336.7477684
4,  46200, 33640957, 34012300
148, 29093, 1, 17, 1674930337.1615024
4,  623025, 29416023, 34426609
149, 18672, 1, 17, 1674930337.9176114
3,  621600, 30724280, 35727257
150, 2393, 2, 17, 1674930338.0931919
4,  320600, 35257643, 35357780
1,  320600, 36906089, 37006334
151, 14938, 1, 17, 1674930338.7836552
1,  621600, 32695304, 37696812
152, 14938, 1, 17, 1674930338.839982
4,  621625, 31103360, 36104639
153, 5168, 2, 17, 1674930339.1105232
4,  266000, 36274796, 36375117
3,  266000, 36819487, 36919748
154, 10035, 2, 17, 1674930341.1033666
4,  250600, 38267649, 38367791
3,  249200, 38812311, 38912485
155, 29093, 1, 17, 1674930341.1829753
2,  623000, 34530078, 39540706
156, 18672, 1, 17, 1674930341.7588246
4,  623025, 34012300, 39023636
157, 52150, 1, 17, 1674930342.1261506
3,  355600, 39835841, 39935866
158, 52150, 1, 17, 1674930342.1274855
4,  359825, 39291326, 39392308
159, 38774, 2, 17, 1674930342.169497
4,  343000, 39334016, 39434429
3,  343000, 39878748, 39979131
160, 29093, 1, 17, 1674930342.1726208
4,  623025, 34426609, 39437709
161, 18672, 1, 17, 1674930342.9254813
3,  621600, 35727257, 40734348
162, 14938, 1, 17, 1674930343.7926562
1,  623000, 37696812, 42706163
163, 14938, 1, 17, 1674930343.8495133
4,  623025, 36104639, 41114117
164, 30816, 2, 17, 1674930344.1491768
4,  259000, 41313740, 41413918
2,  259000, 42407416, 42507653
165, 29093, 1, 17, 1674930344.4594972
4,  284200, 39437709, 41723480
166, 29093, 1, 17, 1674930344.55968
4,  12600, 41723480, 41824653
167, 29093, 1, 17, 1674930344.6720958
4,  14000, 41824653, 41937163
168, 29093, 1, 17, 1674930344.8072603
4,  16800, 41937163, 42072286
169, 29093, 1, 17, 1674930344.9532704
4,  18200, 42072286, 42218468
170, 29093, 1, 17, 1674930345.144403
4,  23800, 42218468, 42409597
171, 29093, 1, 17, 1674930345.4033074
4,  32200, 42409597, 42668384
172, 29093, 1, 17, 1674930345.8195038
4,  51800, 42668384, 43084558
173, 29093, 1, 17, 1674930346.1910071
2,  623000, 39540706, 44549708
174, 18672, 1, 17, 1674930346.763169
4,  621625, 39023636, 44027937
175, 18672, 1, 17, 1674930347.9328709
3,  623000, 40734348, 45742637
176, 49779, 2, 17, 1674930348.1552927
4,  354200, 45319856, 45419969
3,  354200, 45864532, 45964695
177, 14938, 1, 17, 1674930348.8006892
1,  623000, 42706163, 47713130
178, 14938, 1, 17, 1674930348.8564663
4,  623025, 41114117, 46121095
179, 29093, 1, 17, 1674930350.825971
4,  623025, 43084558, 48090489
180, 29093, 1, 17, 1674930351.1982822
2,  623000, 44549708, 49555690
181, 44464, 2, 17, 1674930351.2297935
4,  404600, 48394752, 48494776
3,  404600, 48939195, 49039504
182, 18672, 1, 17, 1674930351.5713396
4,  597825, 44027937, 48836366
183, 18672, 1, 17, 1674930351.6726248
4,  12600, 48836366, 48937662
184, 18672, 1, 17, 1674930351.7853217
4,  14000, 48937662, 49050271
185, 18672, 1, 17, 1674930351.9202034
4,  16800, 49050271, 49185258
186, 18672, 1, 17, 1674930352.0666704
4,  18200, 49185258, 49331524
187, 18672, 1, 17, 1674930352.2579205
4,  23800, 49331524, 49522887
188, 18672, 1, 17, 1674930352.516744
4,  32200, 49522887, 49781763
189, 14938, 2, 17, 1674930352.8517458
4,  497000, 46121095, 50116816
1,  504000, 47713130, 51765368
190, 18672, 2, 17, 1674930352.933128
4,  51800, 49781763, 50198062
3,  621600, 45742637, 50742700
191, 14938, 2, 17, 1674930352.953665
4,  12600, 50116816, 50218292
1,  12600, 51765368, 51866688
192, 14938, 2, 17, 1674930353.0663629
4,  14000, 50218292, 50330980
1,  14000, 51866688, 51979399
193, 14938, 2, 17, 1674930353.2015648
4,  16800, 50330980, 50466111
1,  16800, 51979399, 52114511
194, 14938, 2, 17, 1674930353.3481832
4,  18200, 50466111, 50612588
1,  18200, 52114511, 52260936
195, 14938, 2, 17, 1674930353.5280132
4,  22400, 50612588, 50792867
1,  22400, 52260936, 52441347
196, 14938, 2, 17, 1674930353.7868025
4,  32200, 50792867, 51051775
1,  32200, 52441347, 52700345
197, 14938, 2, 17, 1674930354.158855
4,  46200, 51051775, 51423238
1,  46200, 52700345, 53071757
198, 49632, 2, 17, 1674930354.198485
4,  476000, 51362535, 51462989
2,  476000, 52456347, 52556613
199, 44579, 1, 17, 1674930355.1930895
4,  385025, 52346774, 52446939
200, 19299, 1, 17, 1674930355.1936789
4,  347225, 52346757, 52446979
201, 44579, 1, 17, 1674930355.1940436
2,  457800, 53440532, 53540693
202, 19299, 1, 17, 1674930355.1944869
2,  410200, 53440513, 53540833
203, 29093, 1, 17, 1674930355.2113547
4,  536225, 48090489, 52476212
204, 18672, 1, 17, 1674930355.2294703
4,  285600, 50198062, 52494452
205, 29093, 1, 17, 1674930355.3126326
4,  12600, 52476212, 52577281
206, 18672, 1, 17, 1674930355.331296
4,  12600, 52494452, 52595794
207, 14938, 1, 17, 1674930355.3969855
4,  154000, 51423238, 52661660
208, 29093, 1, 17, 1674930355.4250722
4,  14000, 52577281, 52689904
209, 18672, 1, 17, 1674930355.4433115
4,  14000, 52595794, 52708306
210, 14938, 1, 17, 1674930355.497852
4,  12600, 52661660, 52762805
211, 29093, 1, 17, 1674930355.5600588
4,  16800, 52689904, 52825049
212, 18672, 1, 17, 1674930355.5784428
4,  16800, 52708306, 52843398
213, 14938, 1, 17, 1674930355.6103957
4,  14000, 52762805, 52875365
214, 29093, 1, 17, 1674930355.7061675
4,  18200, 52825049, 52971164
215, 18672, 1, 17, 1674930355.7244105
4,  18200, 52843398, 52989586
216, 14938, 1, 17, 1674930355.7455053
4,  16800, 52875365, 53010585
217, 14938, 1, 17, 1674930355.8918643
4,  18200, 53010585, 53156889
218, 29093, 1, 17, 1674930355.897249
4,  23800, 52971164, 53162414
219, 18672, 1, 17, 1674930355.9159365
4,  23800, 52989586, 53180871
220, 14938, 1, 17, 1674930356.0725465
4,  22400, 53156889, 53337379
221, 47388, 2, 17, 1674930356.1459887
4,  322000, 53310515, 53410840
1,  322000, 54959050, 55059369
222, 29093, 1, 17, 1674930356.1559584
4,  32200, 53162414, 53421104
223, 55007, 2, 17, 1674930356.157685
4,  392000, 53322603, 53422868
1,  392000, 54971238, 55071400
224, 63669, 2, 17, 1674930356.1674397
4,  466200, 53332224, 53432527
3,  466200, 53876981, 53977080
225, 18672, 1, 17, 1674930356.1760993
4,  32200, 53180871, 53441196
226, 29093, 1, 17, 1674930356.2009969
2,  621600, 49555690, 54559866
227, 14938, 1, 17, 1674930356.2214835
4,  18200, 53337379, 53486562
228, 14938, 1, 17, 1674930356.3227303
4,  12600, 53486562, 53587813
229, 14938, 1, 17, 1674930356.4464397
4,  15400, 53587813, 53711511
230, 29093, 1, 17, 1674930356.5724556
4,  51825, 53421104, 53837429
231, 14938, 1, 17, 1674930356.5814924
4,  16800, 53711511, 53846511
232, 18672, 1, 17, 1674930356.5926704
4,  51800, 53441196, 53857665
233, 14938, 1, 17, 1674930356.7508166
4,  21000, 53846511, 54015334
234, 14938, 1, 17, 1674930356.9639516
4,  26600, 54015334, 54229045
235, 14938, 1, 17, 1674930357.2227995
4,  32200, 54229045, 54487795
236, 14938, 1, 17, 1674930357.6963203
4,  58800, 54487795, 54960940
237, 18672, 1, 17, 1674930357.943394
3,  623000, 50742700, 55753181
238, 14938, 1, 17, 1674930359.1586437
1,  621600, 53071757, 58072192
239, 29093, 1, 17, 1674930361.2074857
2,  623000, 54559866, 59566308
240, 29093, 1, 17, 1674930361.5789258
4,  623025, 53837429, 58843706
241, 18672, 1, 17, 1674930361.600112
4,  623025, 53857665, 58864921
242, 14938, 1, 17, 1674930362.7031088
4,  623025, 54960940, 59968084
243, 18672, 1, 17, 1674930362.9510567
3,  623000, 55753181, 60760262
244, 14938, 1, 17, 1674930364.1669893
1,  623000, 58072192, 63080109
245, 29093, 1, 17, 1674930366.2148852
2,  623000, 59566308, 64573547
246, 29093, 1, 17, 1674930366.586381
4,  623025, 58843706, 63851262
247, 18672, 1, 17, 1674930366.609055
4,  623025, 58864921, 63873812
248, 31731, 2, 17, 1674930367.1871002
4,  256200, 64351693, 64452027
3,  256200, 64896384, 64996792
249, 29238, 2, 17, 1674930367.194959
4,  351400, 64359648, 64459980
3,  351400, 64904330, 65004716
250, 14938, 1, 17, 1674930367.7118278
4,  623025, 59968084, 64976489
251, 18672, 1, 17, 1674930367.9519844
3,  621600, 60760262, 65761667
252, 14938, 1, 17, 1674930369.174737
1,  623000, 63080109, 68088311
253, 29093, 1, 17, 1674930371.2222123
2,  623000, 64573547, 69581068
254, 29093, 1, 17, 1674930371.593356
4,  623025, 63851262, 68858427
255, 18672, 1, 17, 1674930371.6193192
4,  623025, 63873812, 68884468
256, 14938, 1, 17, 1674930372.718223
4,  623025, 64976489, 69983268
257, 18672, 1, 17, 1674930372.958776
3,  623000, 65761667, 70767730
258, 33754, 2, 17, 1674930373.1746278
4,  253400, 70339328, 70439605
1,  253400, 71987896, 72088141
259, 14938, 1, 17, 1674930374.1821332
1,  623000, 68088311, 73095777
260, 29093, 1, 17, 1674930376.2295885
2,  623000, 69581068, 74588323
261, 29093, 1, 17, 1674930376.6012638
4,  623025, 68858427, 73865979
262, 18672, 1, 17, 1674930376.625974
4,  623025, 68884468, 73891046
263, 38117, 2, 17, 1674930377.1566732
4,  368200, 74321144, 74421382
2,  368200, 75414887, 75515159
264, 58844, 2, 17, 1674930377.1965978
4,  432600, 74361133, 74461280
1,  432600, 76009768, 76109856
265, 14938, 1, 17, 1674930377.728623
4,  623025, 69983268, 74993231
266, 18672, 1, 17, 1674930377.9649374
3,  623000, 70767730, 75774210
267, 35359, 2, 17, 1674930378.17783
4,  249200, 75342211, 75442812
1,  249200, 76990805, 77091277
268, 14938, 1, 17, 1674930379.1931267
1,  623000, 73095777, 78106309
269, 29093, 1, 17, 1674930381.238718
2,  623000, 74588323, 79597191
270, 29093, 1, 17, 1674930381.6097186
4,  623025, 73865979, 78874725
271, 18672, 1, 17, 1674930381.6350057
4,  623025, 73891046, 78899904
272, 14938, 1, 17, 1674930382.736545
4,  623025, 74993231, 80001583
273, 18672, 1, 17, 1674930382.9729552
3,  623000, 75774210, 80781889
274, 61808, 1, 17, 1674930383.1403806
3,  397600, 80850192, 80950265
275, 61808, 1, 17, 1674930383.1410174
4,  399025, 80305540, 80406241
276, 14938, 1, 17, 1674930384.1991224
1,  623000, 78106309, 83112811
277, 29093, 1, 17, 1674930386.2468905
2,  623000, 79597191, 84605639
278, 29093, 1, 17, 1674930386.6184263
4,  623025, 78874725, 83883362
279, 18672, 1, 17, 1674930386.6418612
4,  623025, 78899904, 83906986
280, 14938, 1, 17, 1674930387.744246
4,  623025, 80001583, 85009254
281, 18672, 1, 17, 1674930387.9814186
3,  623000, 80781889, 85790686
282, 51237, 2, 17, 1674930388.220233
4,  432600, 85385102, 85485254
2,  432600, 86478835, 86579058
283, 14938, 1, 17, 1674930389.2093973
1,  623000, 83112811, 88122594
284, 156, 2, 17, 1674930389.247083
4,  341600, 86411631, 86511706
1,  341600, 88060204, 88160281
285, 18672, 1, 17, 1674930389.4773521
4,  352825, 83906986, 86742344
286, 18672, 1, 17, 1674930389.5788774
4,  12600, 86742344, 86843533
287, 18672, 1, 17, 1674930389.6909893
4,  14000, 86843533, 86956052
288, 18672, 1, 17, 1674930389.8258812
4,  16800, 86956052, 87090967
289, 18672, 1, 17, 1674930389.9723654
4,  18200, 87090967, 87237402
290, 18672, 1, 17, 1674930390.163398
4,  23800, 87237402, 87428514
291, 18672, 1, 17, 1674930390.4227514
4,  32200, 87428514, 87687378
292, 18672, 1, 17, 1674930390.839399
4,  51800, 87687378, 88104109
293, 29093, 1, 17, 1674930391.2565553
2,  623000, 84605639, 89615436
294, 29093, 1, 17, 1674930391.62821
4,  623025, 83883362, 88893152
295, 14938, 1, 17, 1674930392.7538712
4,  623025, 85009254, 90019005
296, 18672, 1, 17, 1674930392.9890676
3,  623000, 85790686, 90798698
297, 12022, 2, 17, 1674930393.2456973
4,  340200, 90410418, 90510647
3,  340200, 90955187, 91055390
298, 60441, 2, 17, 1674930393.2505536
4,  268800, 90415524, 90515566
1,  268800, 92064099, 92164141
299, 14938, 1, 17, 1674930394.2092547
1,  620200, 88122594, 93122774
300, 18672, 1, 17, 1674930395.8482406
4,  623025, 88104109, 93112947
301, 42101, 2, 17, 1674930396.2433712
4,  490000, 93407587, 93507935
3,  490000, 93952338, 94052601
302, 29093, 1, 17, 1674930396.2646964
2,  623000, 89615436, 94623049
303, 29093, 1, 17, 1674930396.6369357
4,  623025, 88893152, 93901889
304, 14938, 1, 17, 1674930397.757755
4,  618825, 90019005, 95022396
305, 18672, 1, 17, 1674930397.9991834
3,  623000, 90798698, 95808909
306, 14938, 1, 17, 1674930399.2135324
1,  620200, 93122774, 98126980
307, 40224, 2, 17, 1674930400.251777
4,  372400, 97416022, 97516421
2,  372400, 98509796, 98610165
308, 18672, 1, 17, 1674930400.856632
4,  623025, 93112947, 98121597
309, 29093, 1, 17, 1674930401.2731562
2,  623000, 94623049, 99632028
310, 29093, 1, 17, 1674930401.64452
4,  623025, 93901889, 98909601
311, 14938, 1, 17, 1674930402.7623582
4,  620225, 95022396, 100027404
312, 18672, 1, 17, 1674930403.0064383
3,  623000, 95808909, 100815724
313, 11621, 2, 17, 1674930404.2070067
4,  371000, 101371444, 101471894
2,  371000, 102465213, 102565594
314, 14938, 1, 17, 1674930404.2200596
1,  620200, 98126980, 103133358
315, 18672, 1, 17, 1674930405.864544
4,  623025, 98121597, 103129543
316, 29093, 1, 17, 1674930406.28154
2,  623000, 99632028, 104640373
317, 29093, 1, 17, 1674930406.65311
4,  623025, 98909601, 103917849
