0, 2, 21
2, 27398, 5629046, 5886977
1, 27398, 6238326, 6495402
1, 2, 21
2, 28840, 5886977, 6205782
1, 28840, 6495402, 6815060
2, 2, 21
2, 25956, 6205782, 6466729
1, 25956, 6815060, 7075769
3, 2, 21
2, 28840, 6466729, 6721051
1, 28840, 7075769, 7329924
4, 2, 21
2, 36050, 6721051, 7041579
1, 36050, 7329924, 7650874
5, 2, 21
2, 43260, 7041579, 7436896
1, 43260, 7650874, 8045828
6, 2, 21
2, 27398, 7436896, 7689342
1, 27398, 8045828, 8298188
7, 2, 21
2, 43260, 7689342, 8081412
1, 43260, 8298188, 8690313
8, 2, 21
2, 69216, 8081412, 8701600
1, 69216, 8690313, 9310336
9, 1, 21
2, 34608, 8701600, 9013983
10, 1, 21
2, 36050, 9013983, 9338579
11, 2, 21
2, 34608, 9338579, 15767036
1, 105266, 9310336, 16375942
12, 2, 21
2, 27398, 15767036, 16024614
1, 27398, 16375942, 16633161
13, 2, 21
2, 36050, 16024614, 16348267
1, 36050, 16633161, 16956577
14, 1, 21
1, 30282, 16956577, 17213308
15, 1, 21
2, 46169, 16348267, 16740570
16, 1, 21
1, 37492, 17213308, 17534163
17, 1, 21
1, 54796, 17534163, 18029765
18, 1, 21
2, 85128, 16740570, 17507925
19, 1, 21
2, 64890, 17507925, 17818835
20, 1, 21
1, 44702, 18029765, 18434908
21, 1, 21
3, 37492, 17038876, 17291642
22, 1, 21
2, 66382, 17818835, 18069229
23, 1, 21
3, 38934, 17291642, 17549126
24, 1, 21
1, 37492, 18434908, 18757623
25, 1, 21
3, 36050, 17549126, 17802578
26, 1, 21
2, 82269, 18069229, 18383394
27, 1, 21
1, 46144, 18757623, 19152651
28, 1, 21
2, 59147, 18383394, 18642111
29, 1, 21
3, 30282, 17802578, 18120607
30, 1, 21
1, 25956, 19152651, 19470827
31, 1, 21
2, 38984, 18642111, 18898849
32, 1, 21
3, 40376, 18120607, 18441940
33, 1, 21
1, 24514, 19470827, 19725662
34, 1, 21
2, 66382, 18898849, 19157061
35, 1, 21
3, 40376, 18441940, 18697408
36, 1, 21
2, 66357, 19157061, 19407147
37, 1, 21
1, 34608, 19725662, 20052216
38, 1, 21
3, 40376, 18697408, 18956420
39, 1, 21
2, 98106, 19407147, 19719942
40, 1, 21
3, 38934, 18956420, 19208496
41, 1, 21
1, 44702, 20052216, 20446723
42, 1, 21
4, 40376, 18460837, 18715761
43, 1, 21
2, 106783, 19719942, 19975303
44, 1, 21
3, 36050, 19208496, 19470261
45, 1, 21
4, 36050, 18715761, 18972133
46, 1, 21
2, 121178, 19975303, 20292591
47, 1, 21
3, 36050, 19470261, 19721875
48, 1, 21
4, 40376, 18972133, 19230562
49, 1, 21
1, 60564, 20446723, 21009076
50, 1, 21
3, 44702, 19721875, 20043445
51, 1, 21
4, 38934, 19230562, 19489903
52, 1, 21
1, 28840, 21009076, 21265996
53, 1, 21
2, 196262, 20292591, 20781065
54, 1, 21
4, 37492, 19489903, 19745582
55, 1, 21
1, 36050, 21265996, 21584536
56, 1, 21
2, 122620, 20781065, 21111861
57, 1, 21
3, 69216, 20043445, 20547278
58, 1, 21
4, 25956, 19745582, 20000777
59, 1, 21
2, 66382, 21111861, 21373492
60, 1, 21
1, 38934, 21584536, 21987036
61, 1, 21
3, 21630, 20547278, 20828355
62, 1, 21
4, 18746, 20000777, 20265223
63, 1, 21
2, 73617, 21373492, 21624846
64, 1, 21
1, 17304, 21987036, 22240367
65, 1, 21
3, 30282, 20828355, 21085262
66, 1, 21
4, 30282, 20265223, 20530067
67, 1, 21
2, 83711, 21624846, 21881296
68, 1, 21
1, 24514, 22240367, 22494652
69, 1, 21
3, 30282, 21085262, 21341024
70, 1, 21
4, 37492, 20530067, 20784560
71, 1, 21
2, 106783, 21881296, 22135902
72, 1, 21
1, 28840, 22494652, 22746619
73, 1, 21
3, 38934, 21341024, 21597741
74, 1, 21
4, 47586, 20784560, 21105091
75, 1, 21
1, 28840, 22746619, 23002845
76, 1, 21
2, 128438, 22135902, 22449019
77, 1, 21
3, 46144, 21597741, 21911118
78, 1, 21
4, 56238, 21105091, 21499260
79, 1, 21
1, 43260, 23002845, 23396991
80, 1, 21
2, 137065, 22449019, 22849235
81, 1, 21
4, 36050, 21499260, 21823513
82, 1, 21
2, 44727, 22849235, 23105622
83, 1, 21
1, 37492, 23396991, 23822438
84, 1, 21
4, 33166, 21823513, 22081281
85, 1, 21
2, 54846, 23105622, 23360136
86, 1, 21
1, 24514, 23822438, 24084375
87, 1, 21
4, 44702, 22081281, 22401307
88, 1, 21
2, 62056, 23360136, 23623866
89, 1, 21
1, 27398, 24084375, 24335702
90, 1, 21
4, 17304, 22401307, 22669063
91, 1, 21
2, 40426, 23623866, 23904687
92, 1, 21
1, 14420, 24335702, 24590749
93, 1, 21
4, 30282, 22669063, 22933536
94, 1, 21
2, 51962, 23904687, 24161113
95, 1, 21
1, 23072, 24590749, 24841758
96, 1, 21
4, 40376, 22933536, 23246149
97, 1, 21
2, 73592, 24161113, 24475816
98, 1, 21
1, 25956, 24841758, 25105214
99, 1, 21
4, 34608, 23246149, 23498386
100, 1, 21
2, 62056, 24475816, 24728963
101, 1, 21
1, 34608, 25105214, 25425072
102, 1, 21
4, 47586, 23498386, 23816143
103, 1, 21
2, 82244, 24728963, 25044153
104, 1, 21
1, 46144, 25425072, 25823055
105, 1, 21
4, 72100, 23816143, 24307061
106, 1, 21
2, 129830, 25044153, 25537626
107, 1, 21
1, 90846, 25823055, 26597084
108, 1, 21
1, 33166, 26597084, 26896720
109, 1, 21
1, 34608, 26896720, 27217003
110, 1, 21
1, 41818, 27217003, 27611812
111, 1, 21
1, 85078, 27611812, 28382275
112, 1, 21
1, 28840, 28382275, 28633364
113, 1, 21
1, 46144, 28633364, 29026488
114, 1, 21
3, 31724, 21911118, 28057078
115, 1, 21
2, 835118, 25537626, 28718655
116, 1, 21
3, 36050, 28057078, 28324267
117, 1, 21
2, 95197, 28718655, 28969718
118, 1, 21
1, 72100, 29026488, 29639818
119, 1, 21
4, 520562, 24307061, 27963444
120, 1, 21
3, 25956, 28324267, 28575819
121, 1, 21
2, 83711, 28969718, 29220028
122, 1, 21
1, 31724, 29639818, 29977533
123, 1, 21
4, 40376, 27963444, 28221864
124, 1, 21
3, 38934, 28575819, 28826130
125, 1, 21
2, 101015, 29220028, 29474407
126, 1, 21
1, 28840, 29977533, 30230437
127, 1, 21
3, 33166, 28826130, 29089568
128, 1, 21
4, 44702, 28221864, 28551643
129, 1, 21
2, 93805, 29474407, 29724853
130, 1, 21
3, 38934, 29089568, 29340947
131, 1, 21
1, 34608, 30230437, 30552852
132, 1, 21
2, 100990, 29724853, 29976192
133, 1, 21
4, 59122, 28551643, 28951259
134, 1, 21
3, 46144, 29340947, 29657628
135, 1, 21
2, 129830, 29976192, 30289826
136, 1, 21
1, 46144, 30552852, 30947639
137, 1, 21
3, 54796, 29657628, 30049596
138, 1, 21
2, 154344, 30289826, 30684465
139, 1, 21
2, 99498, 30684465, 30978055
140, 1, 21
1, 89404, 30947639, 31721286
141, 1, 21
2, 67799, 30978055, 31228643
142, 1, 21
3, 113918, 30049596, 30817553
143, 1, 21
2, 82219, 31228643, 31542475
144, 1, 21
2, 103824, 31542475, 31938716
145, 1, 21
2, 204764, 31938716, 32704697
146, 1, 21
3, 229278, 30817553, 32398366
147, 1, 21
2, 75009, 32704697, 33006894
148, 1, 21
3, 41818, 32398366, 32713950
149, 1, 21
2, 73567, 33006894, 33322472
150, 1, 21
2, 40376, 33322472, 33579425
151, 1, 21
3, 15862, 32713950, 33015295
152, 1, 21
1, 292726, 31721286, 34356571
153, 1, 21
2, 14470, 33579425, 33831271
154, 1, 21
1, 5768, 34356571, 34631800
155, 1, 21
2, 8677, 33831271, 34085089
156, 1, 21
1, 18746, 34631800, 34892729
157, 1, 21
2, 18771, 34085089, 34351095
158, 1, 21
1, 14420, 34892729, 35155543
159, 1, 21
2, 13003, 34351095, 34601842
160, 1, 21
1, 21630, 35155543, 35409183
161, 1, 21
2, 23097, 34601842, 34856353
162, 1, 21
1, 14420, 35409183, 35661253
163, 1, 21
2, 14445, 34856353, 35124067
164, 1, 21
1, 18746, 35661253, 35922176
165, 1, 21
2, 23097, 35124067, 35444651
166, 1, 21
1, 23072, 35922176, 36172640
167, 1, 21
3, 2884, 33015295, 35029273
168, 1, 21
2, 56288, 35444651, 35698004
169, 1, 21
1, 30282, 36172640, 36428782
170, 1, 21
3, 83636, 35029273, 35287303
171, 1, 21
2, 116852, 35698004, 35949098
172, 1, 21
1, 36050, 36428782, 36747100
173, 1, 21
3, 85078, 35287303, 35604450
174, 1, 21
2, 92338, 35949098, 36202449
175, 1, 21
2, 80752, 36202449, 36462503
176, 1, 21
3, 66332, 35604450, 35893626
177, 1, 21
1, 36050, 36747100, 37148149
178, 1, 21
2, 56288, 36462503, 36719538
179, 1, 21
3, 34608, 35893626, 36144345
180, 1, 21
1, 20188, 37148149, 37439752
181, 1, 21
2, 102407, 36719538, 36971148
182, 1, 21
3, 87962, 36144345, 36395557
183, 1, 21
1, 24514, 37439752, 37692918
184, 1, 21
2, 116852, 36971148, 37222535
185, 1, 21
3, 87962, 36395557, 36648549
186, 1, 21
1, 30282, 37692918, 37948469
187, 1, 21
2, 142808, 37222535, 37536697
188, 1, 21
3, 105266, 36648549, 36962408
189, 1, 21
1, 37492, 37948469, 38271115
190, 1, 21
2, 102407, 37536697, 37788502
191, 1, 21
3, 82194, 36962408, 37217861
192, 1, 21
2, 87987, 37788502, 38039803
193, 1, 21
3, 70658, 37217861, 37470808
194, 1, 21
1, 53354, 38271115, 38770564
195, 1, 21
2, 106758, 38039803, 38291436
196, 1, 21
3, 86520, 37470808, 37788371
197, 1, 21
2, 102407, 38291436, 38542933
198, 1, 21
1, 60564, 38770564, 39312495
199, 1, 21
2, 69241, 38542933, 38857129
200, 1, 21
1, 34608, 39312495, 39640730
201, 1, 21
2, 24539, 38857129, 39110427
202, 1, 21
1, 25956, 39640730, 39901269
203, 1, 21
2, 24539, 39110427, 39370364
204, 1, 21
1, 28840, 39901269, 40224403
205, 1, 21
2, 36075, 39370364, 39785724
206, 1, 21
1, 47586, 40224403, 40713957
207, 1, 21
1, 30282, 40713957, 40976744
208, 1, 21
2, 69266, 39785724, 40403902
209, 1, 21
1, 37492, 40976744, 41297529
210, 1, 21
3, 87962, 37788371, 40280655
211, 1, 21
2, 80802, 40403902, 40928469
212, 1, 21
1, 30282, 41297529, 41623821
213, 1, 21
3, 77868, 40280655, 40595026
214, 1, 21
2, 75034, 40928469, 41180749
215, 1, 21
1, 28840, 41623821, 41945722
216, 1, 21
2, 93755, 41180749, 41434179
217, 1, 21
3, 90846, 40595026, 40912707
218, 1, 21
2, 111059, 41434179, 41687496
219, 1, 21
1, 38934, 41945722, 42347994
220, 1, 21
3, 82194, 40912707, 41166327
221, 1, 21
1, 30282, 42347994, 42604862
222, 1, 21
2, 138507, 41687496, 42000244
223, 1, 21
3, 102382, 41166327, 41482550
224, 1, 21
2, 162971, 42000244, 42390882
225, 1, 21
1, 46144, 42604862, 43003912
226, 1, 21
3, 135548, 41482550, 41976174
227, 1, 21
2, 103874, 42390882, 42700258
228, 1, 21
3, 72100, 41976174, 42227537
229, 1, 21
1, 43260, 43003912, 43434652
230, 1, 21
2, 105316, 42700258, 42950940
231, 1, 21
3, 77868, 42227537, 42481838
232, 1, 21
1, 28840, 43434652, 43684900
233, 1, 21
2, 134156, 42950940, 43265926
234, 1, 21
3, 99498, 42481838, 42797521
235, 1, 21
1, 36050, 43684900, 43998572
236, 1, 21
2, 162996, 43265926, 43659738
237, 1, 21
3, 96614, 42797521, 43134794
238, 1, 21
1, 43260, 43998572, 44390201
239, 1, 21
2, 99548, 43659738, 43911986
240, 1, 21
3, 80752, 43134794, 43385710
241, 1, 21
1, 33166, 44390201, 44733343
242, 1, 21
2, 43310, 43911986, 44168092
243, 1, 21
1, 23072, 44733343, 44993649
244, 1, 21
2, 23097, 44168092, 44429582
245, 1, 21
1, 31724, 44993649, 45314789
246, 1, 21
2, 40401, 44429582, 44851924
247, 1, 21
1, 31724, 45314789, 45708342
248, 1, 21
1, 20188, 45708342, 45963064
249, 1, 21
2, 50520, 44851924, 45482888
250, 1, 21
1, 24514, 45963064, 46286906
251, 1, 21
1, 20188, 46286906, 46549519
252, 1, 21
1, 27398, 46549519, 46863226
253, 1, 21
1, 30282, 46863226, 47123783
254, 1, 21
1, 34608, 47123783, 47439543
255, 1, 21
1, 30282, 47439543, 47698681
256, 1, 21
1, 37492, 47698681, 48020043
257, 1, 21
1, 57680, 48020043, 48508844
258, 1, 21
2, 304462, 45482888, 48395665
259, 1, 21
1, 64890, 48508844, 49139795
260, 1, 21
2, 23097, 48395665, 48648582
261, 1, 21
1, 23072, 49139795, 49391803
262, 1, 21
2, 23097, 48648582, 48972931
263, 1, 21
1, 15862, 49391803, 49656694
264, 1, 21
1, 27398, 49656694, 49913152
265, 1, 21
2, 37542, 48972931, 49374988
266, 1, 21
1, 24514, 49913152, 50184465
267, 1, 21
1, 20188, 50184465, 50478556
268, 1, 21
2, 46194, 49374988, 49982016
269, 1, 21
1, 23072, 50478556, 50798656
270, 1, 21
2, 21655, 49982016, 50246501
271, 1, 21
1, 25956, 50798656, 51056685
272, 1, 21
2, 25981, 50246501, 50560501
273, 1, 21
1, 15862, 51056685, 51310995
274, 1, 21
2, 21655, 50560501, 50817532
275, 1, 21
1, 21630, 51310995, 51571076
276, 1, 21
2, 28865, 50817532, 51130169
277, 1, 21
1, 28840, 51571076, 51826502
278, 1, 21
2, 30307, 51130169, 51391957
279, 1, 21
1, 30282, 51826502, 52085756
280, 1, 21
2, 37517, 51391957, 51707875
281, 1, 21
1, 37492, 52085756, 52401908
282, 1, 21
2, 59147, 51707875, 52204593
283, 1, 21
1, 59122, 52401908, 52901297
284, 1, 21
3, 1442, 43385710, 53135611
285, 1, 21
2, 255284, 52204593, 53884303
286, 1, 21
3, 85078, 53135611, 53387949
287, 1, 21
2, 111059, 53884303, 54135714
288, 1, 21
3, 99498, 53387949, 53701445
289, 1, 21
2, 138457, 54135714, 54448214
290, 1, 21
3, 138432, 53701445, 54092375
291, 1, 21
2, 118269, 54448214, 54699856
292, 1, 21
2, 149968, 54699856, 55012865
293, 1, 21
2, 173040, 55012865, 55393832
294, 1, 21
3, 263886, 54092375, 54856302
295, 1, 21
3, 90846, 54856302, 55108972
296, 1, 21
2, 147134, 55393832, 55706709
297, 1, 21
3, 83636, 55108972, 55359829
298, 1, 21
2, 177391, 55706709, 56098946
299, 1, 21
3, 132664, 55359829, 55755521
300, 1, 21
3, 76426, 55755521, 56008587
301, 1, 21
2, 333152, 56098946, 56863952
302, 1, 21
3, 100940, 56008587, 56324786
303, 1, 21
3, 83636, 56324786, 56579493
304, 1, 21
3, 99498, 56579493, 56893502
305, 1, 21
3, 152852, 56893502, 57385631
306, 1, 21
2, 553828, 56863952, 58173054
307, 1, 21
2, 115360, 58173054, 58426767
308, 1, 21
3, 171598, 57385631, 57941943
309, 1, 21
2, 148551, 58426767, 58740991
310, 1, 21
3, 109592, 57941943, 58255920
311, 1, 21
2, 115385, 58740991, 59139677
312, 1, 21
2, 28840, 59139677, 59398632
313, 1, 21
2, 43260, 59398632, 59792894
314, 1, 21
2, 67774, 59792894, 60405913
315, 1, 21
1, 1159368, 52901297, 62911181
316, 1, 21
1, 43260, 62911181, 63316398
317, 1, 21
1, 34608, 63316398, 63638752
318, 1, 21
1, 40376, 63638752, 64032770
319, 1, 21
1, 82194, 64032770, 64799144
320, 1, 21
2, 543759, 60405913, 65338184
321, 1, 21
2, 36050, 65338184, 65660099
322, 1, 21
2, 43260, 65660099, 66060929
