0, 2, 21
2, 72100, 5572526, 6318705
1, 72104, 6197676, 6943452
1, 2, 21
2, 144200, 6318705, 7611490
1, 144204, 6943452, 8236504
2, 2, 21
2, 144200, 7611490, 8900576
1, 144204, 8236504, 9525178
3, 2, 21
2, 217742, 8900576, 16962504
1, 217746, 9525178, 17587486
4, 2, 21
2, 79310, 16962504, 17622004
1, 72104, 17587486, 18246671
5, 2, 21
2, 82194, 17622004, 17932003
1, 36054, 18246671, 18557087
6, 2, 21
2, 43260, 17932003, 18092461
1, 18750, 18557087, 18717545
7, 2, 21
2, 21630, 18092461, 18180327
1, 10098, 18717545, 18805400
8, 2, 21
2, 334544, 18180327, 19583801
1, 144204, 18805400, 20208832
9, 2, 21
2, 269654, 19583801, 20249747
1, 72104, 20208832, 20874792
10, 2, 21
2, 134106, 20249747, 20571570
1, 36054, 20874792, 21196291
11, 2, 21
2, 69216, 20571570, 20740009
1, 18750, 21196291, 21364638
12, 2, 21
2, 494606, 20740009, 22189049
1, 144204, 21364638, 22813900
13, 2, 21
2, 224952, 22189049, 22841269
1, 72104, 22813900, 23465769
14, 2, 21
2, 86520, 22841269, 23282726
1, 36054, 23465769, 23907031
15, 2, 21
2, 41818, 23282726, 23463265
1, 18750, 23907031, 24086568
16, 2, 21
2, 20188, 23463265, 23558350
1, 10098, 24086568, 24182416
17, 2, 21
2, 321566, 23558350, 25048652
1, 144204, 24182416, 25672114
18, 2, 21
2, 320124, 25048652, 26269024
1, 144204, 25672114, 26893624
19, 2, 21
2, 164388, 26269024, 26887356
1, 72104, 26893624, 27511964
20, 2, 21
2, 327334, 26887356, 28132560
1, 144204, 27511964, 28756134
21, 2, 21
2, 445578, 28132560, 29437232
1, 144204, 28756134, 30060877
22, 2, 21
2, 246582, 29437232, 30075325
1, 72104, 30060877, 30699928
23, 2, 21
2, 125454, 30075325, 30384549
1, 36054, 30699928, 31008452
24, 2, 21
2, 387898, 30384549, 31623197
1, 144204, 31008452, 32247639
25, 2, 21
2, 162946, 31623197, 32241986
1, 72104, 32247639, 32865903
26, 2, 21
2, 80752, 32241986, 32548362
1, 36054, 32865903, 33171978
27, 2, 21
2, 252350, 32548362, 34409052
1, 144204, 33171978, 35033118
28, 2, 21
2, 72100, 34409052, 35357183
1, 72104, 35033118, 35981990
29, 2, 21
2, 79310, 35357183, 35664019
1, 36054, 35981990, 36288778
30, 2, 21
2, 79310, 35664019, 35835025
1, 18750, 36288778, 36458846
31, 2, 21
2, 40376, 35835025, 35920248
1, 10098, 36458846, 36544300
32, 2, 21
2, 21630, 35920248, 35968818
1, 5772, 36544300, 36592849
33, 2, 21
2, 545076, 35968818, 37458029
1, 144204, 36592849, 38082005
34, 2, 21
2, 263886, 37458029, 38110075
1, 72104, 38082005, 38733924
35, 2, 21
2, 138432, 38110075, 38438618
1, 36054, 38733924, 39063272
36, 2, 21
2, 178808, 38438618, 39894005
1, 144204, 39063272, 40516454
37, 2, 21
2, 72100, 39894005, 40514151
1, 72104, 40516454, 41138281
38, 2, 21
2, 503258, 40514151, 41957901
1, 144204, 41138281, 42582572
39, 2, 21
2, 266770, 41957901, 42629072
1, 72104, 42582572, 43253817
40, 2, 21
2, 136990, 42629072, 42942585
1, 36054, 43253817, 43566440
41, 2, 21
2, 72100, 42942585, 43103782
1, 18750, 43566440, 43727305
42, 2, 21
2, 354732, 43103782, 44501836
1, 144204, 43727305, 45126595
43, 2, 21
2, 72100, 44501836, 45453169
1, 72104, 45126595, 46077974
44, 2, 21
2, 36050, 45453169, 45914841
1, 36054, 46077974, 46538731
45, 2, 21
2, 144200, 45914841, 47176096
1, 144204, 46538731, 47799920
46, 2, 21
2, 72100, 47176096, 47788149
1, 72104, 47799920, 48410462
47, 2, 21
2, 144200, 47788149, 49376382
1, 144204, 48410462, 50000958
48, 2, 21
2, 144200, 49376382, 51042503
1, 144204, 50000958, 51667021
49, 2, 21
2, 144200, 51042503, 52264523
1, 144204, 51667021, 52888247
50, 2, 21
2, 72100, 52264523, 52874334
1, 72104, 52888247, 53499034
51, 2, 21
2, 335986, 52874334, 54112958
1, 144204, 53499034, 54736738
52, 2, 21
2, 292726, 54112958, 54717266
1, 72104, 54736738, 55341714
53, 2, 21
2, 149968, 54717266, 55024094
1, 36054, 55341714, 55648657
54, 2, 21
2, 569590, 55024094, 56258972
1, 144204, 55648657, 56882642
55, 2, 21
2, 546518, 56258972, 57471970
1, 144204, 56882642, 58096175
56, 2, 21
2, 517678, 57471970, 58698154
1, 144204, 58096175, 59322659
57, 2, 21
2, 144200, 58698154, 60007864
1, 144204, 59322659, 60632169
58, 2, 21
2, 72100, 60007864, 60651707
1, 72104, 60632169, 61276213
59, 2, 21
2, 144200, 60651707, 61905529
1, 144204, 61276213, 62529693
60, 2, 21
2, 144200, 61905529, 63268585
1, 144204, 62529693, 63893135
61, 2, 21
2, 144200, 63268585, 64598558
1, 144204, 63893135, 65223354
