0, 2, 21
2, 27398, 5624253, 5882662
1, 27398, 6224577, 6482278
1, 2, 21
2, 27398, 5882662, 6210826
1, 28840, 6482278, 6798998
2, 1, 21
1, 24514, 6798998, 7058635
3, 1, 21
2, 25981, 6210826, 6470604
4, 1, 21
1, 28840, 7058635, 7311813
5, 1, 21
2, 28865, 6470604, 6723201
6, 1, 21
1, 28840, 7311813, 7568512
7, 1, 21
2, 28865, 6723201, 6980382
8, 1, 21
1, 28840, 7568512, 7825329
9, 1, 21
2, 28865, 6980382, 7237708
10, 1, 21
1, 27398, 7825329, 8079518
11, 1, 21
2, 27423, 7237708, 7493742
12, 1, 21
1, 27398, 8079518, 8330909
13, 1, 21
2, 28865, 7493742, 7754714
14, 1, 21
1, 27398, 8330909, 8584401
15, 1, 21
2, 27423, 7754714, 8008495
16, 1, 21
1, 28840, 8584401, 8842740
17, 1, 21
2, 28865, 8008495, 8270279
18, 1, 21
1, 28840, 8842740, 9102629
19, 1, 21
2, 28865, 8270279, 8529774
20, 1, 21
1, 28840, 9102629, 9355128
21, 1, 21
2, 30307, 8529774, 8794662
22, 1, 21
1, 28840, 9355128, 9615708
23, 1, 21
2, 28865, 8794662, 9054884
24, 1, 21
1, 28840, 9615708, 9875093
25, 1, 21
2, 27423, 9054884, 9304975
26, 1, 21
1, 27398, 9875093, 10129245
27, 1, 21
2, 28865, 9304975, 9564524
28, 2, 21
2, 10094, 9564524, 15772703
1, 14420, 10129245, 16372524
29, 2, 21
2, 27398, 15772703, 16030006
1, 27398, 16372524, 16629514
30, 1, 21
1, 27398, 16629514, 16879564
31, 1, 21
2, 28865, 16030006, 16291107
32, 1, 21
1, 30282, 16879564, 17135964
33, 1, 21
2, 30307, 16291107, 16548449
34, 1, 21
1, 30282, 17135964, 17396186
35, 1, 21
2, 30307, 16548449, 16807842
36, 1, 21
1, 28840, 17396186, 17648408
37, 1, 21
2, 28865, 16807842, 17060486
38, 2, 21
2, 27398, 17060486, 17314022
1, 28840, 17648408, 17913760
39, 2, 21
2, 27398, 17314022, 17570428
1, 27398, 17913760, 18170060
40, 1, 21
2, 64890, 17570428, 17828406
41, 1, 21
1, 30282, 18170060, 18433343
42, 1, 21
3, 38934, 16998706, 17249023
43, 1, 21
2, 67824, 17828406, 18080278
44, 1, 21
1, 30282, 18433343, 18693415
45, 1, 21
3, 38934, 17249023, 17506577
46, 1, 21
2, 64940, 18080278, 18330546
47, 1, 21
1, 30282, 18693415, 18952785
48, 1, 21
3, 36050, 17506577, 17761154
49, 1, 21
2, 60614, 18330546, 18587201
50, 1, 21
1, 30282, 18952785, 19212228
51, 1, 21
3, 28840, 17761154, 18069404
52, 1, 21
2, 40426, 18587201, 18849740
53, 1, 21
1, 18746, 19212228, 19472438
54, 1, 21
3, 30282, 18069404, 18328826
55, 1, 21
2, 62056, 18849740, 19100904
56, 1, 21
1, 24514, 19472438, 19727158
57, 1, 21
3, 40376, 18328826, 18586901
58, 1, 21
2, 66382, 19100904, 19350948
59, 1, 21
1, 27398, 19727158, 19983699
60, 1, 21
3, 38934, 18586901, 18837779
61, 1, 21
2, 69266, 19350948, 19602338
62, 1, 21
1, 28840, 19983699, 20239236
63, 1, 21
3, 40376, 18837779, 19094632
64, 1, 21
4, 40376, 18411640, 18666023
65, 1, 21
2, 105341, 19602338, 19858862
66, 1, 21
1, 28840, 20239236, 20496373
67, 1, 21
3, 37492, 19094632, 19345518
68, 1, 21
4, 36050, 18666023, 18920402
69, 1, 21
2, 101015, 19858862, 20113734
70, 1, 21
1, 28840, 20496373, 20756041
71, 1, 21
3, 36050, 19345518, 19599428
72, 1, 21
4, 40376, 18920402, 19175514
73, 1, 21
2, 102457, 20113734, 20367897
74, 1, 21
1, 24514, 20756041, 21008006
75, 1, 21
3, 37492, 19599428, 19853370
76, 1, 21
4, 38934, 19175514, 19428244
77, 1, 21
2, 105341, 20367897, 20620029
78, 1, 21
1, 27398, 21008006, 21261173
79, 1, 21
3, 38934, 19853370, 20109238
80, 1, 21
4, 37492, 19428244, 19681779
81, 1, 21
2, 102457, 20620029, 20875136
82, 1, 21
1, 27398, 21261173, 21513886
83, 1, 21
3, 37492, 20109238, 20359433
84, 1, 21
4, 25956, 19681779, 19932568
85, 1, 21
2, 80827, 20875136, 21127663
86, 1, 21
1, 28840, 21513886, 21776653
87, 1, 21
3, 24514, 20359433, 20618301
88, 2, 21
2, 62056, 21127663, 21382203
4, 18746, 19932568, 20196914
89, 1, 21
1, 23072, 21776653, 22037366
90, 1, 21
3, 18746, 20618301, 20874059
91, 1, 21
2, 79360, 21382203, 21638015
92, 1, 21
4, 30282, 20196914, 20456682
93, 1, 21
1, 18746, 22037366, 22298359
94, 1, 21
3, 31724, 20874059, 21132816
95, 2, 21
2, 95247, 21638015, 21895477
4, 38934, 20456682, 20709992
96, 1, 21
1, 24514, 22298359, 22552805
97, 1, 21
3, 38934, 21132816, 21391212
98, 1, 21
2, 105316, 21895477, 22150122
99, 1, 21
4, 38934, 20709992, 20971021
100, 1, 21
1, 30282, 22552805, 22811062
101, 1, 21
3, 37492, 21391212, 21644855
102, 1, 21
2, 103899, 22150122, 22403727
103, 1, 21
4, 37492, 20971021, 21223366
104, 1, 21
1, 27398, 22811062, 23061428
105, 1, 21
3, 38934, 21644855, 21910094
106, 2, 21
2, 96689, 22403727, 22661660
4, 37492, 21223366, 21476906
107, 1, 21
1, 27398, 23061428, 23313289
108, 2, 21
2, 54821, 22661660, 22916427
4, 25956, 21476906, 21731145
109, 1, 21
1, 28840, 23313289, 23574369
110, 2, 21
2, 53379, 22916427, 23169626
4, 33166, 21731145, 21984592
111, 1, 21
1, 18746, 23574369, 23830750
112, 2, 21
2, 60589, 23169626, 23426050
4, 37492, 21984592, 22240928
113, 1, 21
1, 24514, 23830750, 24083011
114, 1, 21
2, 49053, 23426050, 23686609
115, 1, 21
4, 21630, 22240928, 22513786
116, 1, 21
1, 27398, 24083011, 24337503
117, 1, 21
2, 46194, 23686609, 23942005
118, 1, 21
4, 28840, 22513786, 22769188
119, 1, 21
1, 15862, 24337503, 24603903
120, 1, 21
2, 51962, 23942005, 24195094
121, 1, 21
4, 30282, 22769188, 23025481
122, 1, 21
1, 24514, 24603903, 24867225
123, 1, 21
2, 59172, 24195094, 24449390
124, 1, 21
4, 37492, 23025481, 23284638
125, 1, 21
1, 25956, 24867225, 25130376
126, 1, 21
2, 66382, 24449390, 24704039
127, 1, 21
4, 36050, 23284638, 23534818
128, 1, 21
1, 27398, 25130376, 25386037
129, 1, 21
2, 64940, 24704039, 24960612
130, 1, 21
4, 37492, 23534818, 23785928
131, 1, 21
1, 28840, 25386037, 25640684
132, 1, 21
2, 64940, 24960612, 25213747
133, 1, 21
4, 36050, 23785928, 24037987
134, 1, 21
1, 30282, 25640684, 25901490
135, 1, 21
2, 69266, 25213747, 25471745
136, 1, 21
4, 37492, 24037987, 24299506
137, 1, 21
1, 30282, 25901490, 26161615
138, 1, 21
2, 63498, 25471745, 25721809
139, 1, 21
4, 37492, 24299506, 24557490
140, 1, 21
1, 30282, 26161615, 26422149
141, 1, 21
2, 66382, 25721809, 25972621
142, 1, 21
4, 37492, 24557490, 24815274
143, 1, 21
1, 30282, 26422149, 26680232
144, 1, 21
2, 67824, 25972621, 26227509
145, 1, 21
4, 37492, 24815274, 25066642
146, 1, 21
1, 30282, 26680232, 26936668
147, 1, 21
2, 66382, 26227509, 26487237
148, 1, 21
4, 36050, 25066642, 25317329
149, 1, 21
1, 30282, 26936668, 27193526
150, 1, 21
2, 66382, 26487237, 26739117
151, 1, 21
4, 36050, 25317329, 25572919
152, 1, 21
1, 28840, 27193526, 27446768
153, 1, 21
2, 66382, 26739117, 26991265
154, 1, 21
4, 37492, 25572919, 25829194
155, 1, 21
1, 30282, 27446768, 27704823
156, 1, 21
2, 64940, 26991265, 27249883
157, 1, 21
4, 36050, 25829194, 26089245
158, 1, 21
1, 28840, 27704823, 27964583
159, 1, 21
2, 66382, 27249883, 27501985
160, 1, 21
4, 38934, 26089245, 26342925
161, 1, 21
1, 30282, 27964583, 28225894
162, 1, 21
2, 69266, 27501985, 27764453
163, 1, 21
4, 37492, 26342925, 26593615
164, 1, 21
1, 30282, 28225894, 28486097
165, 1, 21
2, 67824, 27764453, 28021180
166, 1, 21
4, 36050, 26593615, 26847471
167, 1, 21
1, 30282, 28486097, 28745836
168, 1, 21
2, 69266, 28021180, 28279391
169, 1, 21
4, 38934, 26847471, 27103779
170, 1, 21
1, 30282, 28745836, 29002594
171, 1, 21
2, 64940, 28279391, 28529882
172, 1, 21
4, 34608, 27103779, 27354607
173, 1, 21
3, 17304, 21910094, 27954088
174, 1, 21
1, 28840, 29002594, 29262191
175, 1, 21
2, 98131, 28529882, 28786196
176, 1, 21
4, 36050, 27354607, 27613368
177, 1, 21
3, 36050, 27954088, 28219383
178, 1, 21
1, 28840, 29262191, 29515532
179, 1, 21
2, 76501, 28786196, 29038977
180, 1, 21
4, 25956, 27613368, 27871902
181, 1, 21
3, 27398, 28219383, 28474526
182, 1, 21
1, 27398, 29515532, 29774701
183, 1, 21
2, 98131, 29038977, 29290950
184, 1, 21
4, 38934, 27871902, 28129189
185, 1, 21
3, 38934, 28474526, 28726650
186, 1, 21
1, 24514, 29774701, 30028805
187, 1, 21
2, 98131, 29290950, 29545888
188, 1, 21
4, 34608, 28129189, 28381432
189, 1, 21
3, 33166, 28726650, 28979408
190, 1, 21
1, 28840, 30028805, 30288078
191, 1, 21
2, 101015, 29545888, 29796312
192, 1, 21
4, 34608, 28381432, 28636462
193, 1, 21
3, 38934, 28979408, 29229416
194, 1, 21
1, 27398, 30288078, 30544319
195, 1, 21
2, 98131, 29796312, 30047248
196, 1, 21
4, 36050, 28636462, 28895566
197, 1, 21
3, 37492, 29229416, 29486407
198, 1, 21
1, 30282, 30544319, 30805654
199, 1, 21
2, 103899, 30047248, 30303481
200, 1, 21
3, 37492, 29486407, 29742760
201, 1, 21
4, 37492, 28895566, 29156108
202, 1, 21
1, 30282, 30805654, 31064714
203, 1, 21
2, 99573, 30303481, 30553719
204, 1, 21
3, 34608, 29742760, 29994138
205, 1, 21
4, 36050, 29156108, 29407767
206, 1, 21
1, 30282, 31064714, 31322321
207, 1, 21
2, 99573, 30553719, 30805112
208, 1, 21
3, 37492, 29994138, 30245252
209, 1, 21
1, 30282, 31322321, 31582567
210, 1, 21
2, 67824, 30805112, 31055406
211, 1, 21
3, 37492, 30245252, 30497041
212, 1, 21
1, 30282, 31582567, 31839637
213, 1, 21
2, 66382, 31055406, 31308412
214, 1, 21
3, 37492, 30497041, 30753127
215, 1, 21
1, 30282, 31839637, 32094948
216, 1, 21
2, 67824, 31308412, 31561512
217, 1, 21
3, 37492, 30753127, 31003356
218, 1, 21
1, 30282, 32094948, 32350934
219, 1, 21
2, 64940, 31561512, 31811805
220, 1, 21
3, 36050, 31003356, 31255057
221, 1, 21
1, 30282, 32350934, 32608419
222, 1, 21
2, 67824, 31811805, 32067385
223, 1, 21
3, 38934, 31255057, 31505914
224, 1, 21
1, 30282, 32608419, 32864046
225, 1, 21
2, 66382, 32067385, 32322909
226, 1, 21
3, 36050, 31505914, 31758671
227, 1, 21
1, 30282, 32864046, 33125082
228, 1, 21
2, 66382, 32322909, 32574465
229, 1, 21
3, 38934, 31758671, 32015773
230, 1, 21
1, 30282, 33125082, 33378297
231, 1, 21
2, 64940, 32574465, 32826445
232, 1, 21
3, 33166, 32015773, 32274046
233, 1, 21
1, 30282, 33378297, 33636663
234, 1, 21
2, 59172, 32826445, 33080780
235, 1, 21
3, 31724, 32274046, 32525044
236, 1, 21
1, 25956, 33636663, 33892593
237, 1, 21
2, 56288, 33080780, 33341320
238, 1, 21
3, 23072, 32525044, 32807184
239, 1, 21
1, 27398, 33892593, 34153317
240, 1, 21
2, 31774, 33341320, 33606679
241, 2, 21
2, 8652, 33606679, 33979879
1, 12978, 34153317, 34579729
242, 2, 21
2, 18746, 33979879, 34240608
1, 18746, 34579729, 34840445
243, 2, 21
2, 14420, 34240608, 34503298
1, 14420, 34840445, 35103173
244, 2, 21
2, 21630, 34503298, 34756751
1, 21630, 35103173, 35356712
245, 2, 21
2, 14420, 34756751, 35009345
1, 14420, 35356712, 35608506
246, 2, 21
2, 18746, 35009345, 35270521
1, 18746, 35608506, 35869893
247, 1, 21
3, 5768, 32807184, 34906010
248, 2, 21
2, 30307, 35270521, 35520676
1, 23072, 35869893, 36120551
249, 1, 21
3, 82194, 34906010, 35156570
250, 1, 21
2, 112501, 35520676, 35773142
251, 1, 21
1, 30282, 36120551, 36377165
252, 2, 21
2, 103849, 35773142, 36035023
1, 28840, 36377165, 36634851
253, 1, 21
3, 82194, 35156570, 35464372
254, 1, 21
2, 89429, 36035023, 36288674
255, 1, 21
3, 67774, 35464372, 35717473
256, 1, 21
1, 30282, 36634851, 36959497
257, 1, 21
2, 56288, 36288674, 36555496
258, 1, 21
3, 28840, 35717473, 35975077
259, 1, 21
1, 25956, 36959497, 37215963
260, 1, 21
2, 92338, 36555496, 36806971
261, 1, 21
3, 80752, 35975077, 36225080
262, 1, 21
1, 12978, 37215963, 37469668
263, 1, 21
2, 115410, 36806971, 37060787
264, 1, 21
3, 90846, 36225080, 36478711
265, 1, 21
1, 28840, 37469668, 37726589
266, 1, 21
2, 116852, 37060787, 37312080
267, 1, 21
3, 86520, 36478711, 36733095
268, 1, 21
1, 30282, 37726589, 37982700
269, 1, 21
2, 109642, 37312080, 37563654
270, 1, 21
3, 80752, 36733095, 36984309
271, 1, 21
1, 28840, 37982700, 38234056
272, 1, 21
2, 102432, 37563654, 37816122
273, 1, 21
3, 76426, 36984309, 37237312
274, 1, 21
1, 28840, 38234056, 38494492
275, 1, 21
2, 100990, 37816122, 38066296
276, 1, 21
3, 69216, 37237312, 37488871
277, 1, 21
1, 27398, 38494492, 38746407
278, 1, 21
2, 100990, 38066296, 38318180
279, 1, 21
3, 77868, 37488871, 37740037
280, 1, 21
1, 27398, 38746407, 39002313
281, 1, 21
2, 92338, 38318180, 38576310
282, 1, 21
1, 30282, 39002313, 39266612
283, 1, 21
2, 28865, 38576310, 38831082
284, 1, 21
1, 28840, 39266612, 39522192
285, 1, 21
2, 25981, 38831082, 39091780
286, 1, 21
1, 24514, 39522192, 39773442
287, 1, 21
2, 24539, 39091780, 39355107
288, 1, 21
1, 23072, 39773442, 40026730
289, 1, 21
2, 24539, 39355107, 39614095
290, 1, 21
1, 23072, 40026730, 40300236
291, 1, 21
2, 21655, 39614095, 39870648
292, 1, 21
1, 24514, 40300236, 40551259
293, 1, 21
2, 28865, 39870648, 40125939
294, 1, 21
1, 30282, 40551259, 40810512
295, 1, 21
2, 30307, 40125939, 40383216
296, 1, 21
1, 30282, 40810512, 41067513
297, 1, 21
2, 30307, 40383216, 40643804
298, 1, 21
1, 28840, 41067513, 41332936
299, 1, 21
3, 59122, 37740037, 40143895
300, 1, 21
2, 76476, 40643804, 40896334
301, 1, 21
1, 21630, 41332936, 41629793
302, 1, 21
3, 77868, 40143895, 40457519
303, 1, 21
2, 67824, 40896334, 41147272
304, 1, 21
3, 74984, 40457519, 40710166
305, 1, 21
1, 28840, 41629793, 41957930
306, 1, 21
2, 100990, 41147272, 41399226
307, 1, 21
3, 83636, 40710166, 40964184
308, 1, 21
1, 30282, 41957930, 42220377
309, 1, 21
2, 111084, 41399226, 41650969
310, 1, 21
3, 80752, 40964184, 41214967
311, 1, 21
1, 30282, 42220377, 42476714
312, 1, 21
2, 112526, 41650969, 41901705
313, 1, 21
3, 82194, 41214967, 41466088
314, 1, 21
1, 28840, 42476714, 42726715
315, 1, 21
2, 111084, 41901705, 42155377
316, 1, 21
3, 72100, 41466088, 41739620
317, 1, 21
1, 30282, 42726715, 42985090
318, 1, 21
2, 92338, 42155377, 42405443
319, 1, 21
3, 76426, 41739620, 41993419
320, 1, 21
1, 24514, 42985090, 43236684
321, 1, 21
2, 100990, 42405443, 42656535
322, 1, 21
3, 79310, 41993419, 42245894
323, 1, 21
1, 28840, 43236684, 43494136
324, 1, 21
2, 109642, 42656535, 42908071
325, 1, 21
3, 83636, 42245894, 42496044
326, 1, 21
1, 28840, 43494136, 43744858
327, 1, 21
2, 112526, 42908071, 43161640
328, 1, 21
3, 82194, 42496044, 42749431
329, 1, 21
1, 30282, 43744858, 44003623
330, 1, 21
2, 109642, 43161640, 43414245
331, 1, 21
3, 67774, 42749431, 43001965
332, 1, 21
1, 27398, 44003623, 44255759
333, 1, 21
2, 98106, 43414245, 43673661
334, 1, 21
1, 25956, 44255759, 44508528
335, 1, 21
2, 60589, 43673661, 43935397
336, 1, 21
1, 27398, 44508528, 44766001
337, 1, 21
2, 25981, 43935397, 44202008
338, 1, 21
1, 20188, 44766001, 45021582
339, 1, 21
2, 23097, 44202008, 44459589
340, 1, 21
1, 28840, 45021582, 45284404
341, 1, 21
2, 27423, 44459589, 44711623
342, 2, 21
2, 18746, 44711623, 44986377
1, 21630, 45284404, 45585719
343, 2, 21
2, 20188, 44986377, 45238880
1, 20188, 45585719, 45836979
344, 2, 21
2, 23072, 45238880, 45509562
1, 23072, 45836979, 46108934
345, 2, 21
2, 17304, 45509562, 45770847
1, 17304, 46108934, 46369558
346, 2, 21
2, 18746, 45770847, 46026807
1, 18746, 46369558, 46625703
347, 2, 21
2, 28840, 46026807, 46283164
1, 28840, 46625703, 46882423
348, 2, 21
2, 28840, 46283164, 46533643
1, 28840, 46882423, 47132831
349, 2, 21
2, 28840, 46533643, 46792530
1, 28840, 47132831, 47391211
350, 2, 21
2, 30282, 46792530, 47052401
1, 30282, 47391211, 47651837
351, 2, 21
2, 30282, 47052401, 47312845
1, 30282, 47651837, 47911758
352, 2, 21
2, 30282, 47312845, 47571514
1, 30282, 47911758, 48170998
353, 2, 21
2, 30282, 47571514, 47824060
1, 30282, 48170998, 48423691
354, 2, 21
2, 30282, 47824060, 48083976
1, 30282, 48423691, 48683514
355, 2, 21
2, 24514, 48083976, 48337924
1, 24514, 48683514, 48936168
356, 2, 21
2, 23072, 48337924, 48592570
1, 23072, 48936168, 49189152
357, 2, 21
2, 18746, 48592570, 48868294
1, 18746, 49189152, 49467691
358, 2, 21
2, 24514, 48868294, 49121402
1, 24514, 49467691, 49721252
359, 2, 21
2, 24514, 49121402, 49387700
1, 24514, 49721252, 49986560
360, 2, 21
2, 21630, 49387700, 49654707
1, 21630, 49986560, 50253966
361, 2, 21
2, 15862, 49654707, 49908663
1, 15862, 50253966, 50507937
362, 2, 21
2, 21630, 49908663, 50168605
1, 21630, 50507937, 50767570
363, 2, 21
2, 23072, 50168605, 50450765
1, 23072, 50767570, 51050531
364, 2, 21
2, 23072, 50450765, 50712689
1, 23072, 51050531, 51311486
365, 2, 21
2, 24514, 50712689, 50973758
1, 24514, 51311486, 51572853
366, 2, 21
2, 30282, 50973758, 51231950
1, 30282, 51572853, 51830770
367, 2, 21
2, 30282, 51231950, 51489701
1, 30282, 51830770, 52088613
368, 2, 21
2, 30282, 51489701, 51745042
1, 30282, 52088613, 52343840
369, 2, 21
2, 30282, 51745042, 52003794
1, 30282, 52343840, 52601241
370, 2, 21
2, 30282, 52003794, 52258443
1, 30282, 52601241, 52858175
371, 2, 21
2, 30282, 52258443, 52519110
1, 30282, 52858175, 53118947
372, 2, 21
2, 30282, 52519110, 52780361
1, 30282, 53118947, 53377282
373, 2, 21
2, 30282, 52780361, 53034371
1, 30282, 53377282, 53633907
374, 2, 21
2, 28840, 53034371, 53287514
1, 28840, 53633907, 53887374
375, 1, 21
3, 57680, 43001965, 52910145
376, 1, 21
2, 41843, 53287514, 53541654
377, 1, 21
1, 30282, 53887374, 54148358
378, 1, 21
3, 85078, 52910145, 53162607
379, 1, 21
2, 109642, 53541654, 53792262
380, 1, 21
1, 30282, 54148358, 54410641
381, 1, 21
3, 82194, 53162607, 53417510
382, 1, 21
2, 112526, 53792262, 54042271
383, 1, 21
1, 30282, 54410641, 54666263
384, 1, 21
3, 85078, 53417510, 53671745
385, 1, 21
2, 115410, 54042271, 54292499
386, 1, 21
1, 30282, 54666263, 54926769
387, 1, 21
3, 93730, 53671745, 53924567
388, 1, 21
2, 122620, 54292499, 54544765
389, 1, 21
1, 30282, 54926769, 55184482
390, 1, 21
3, 92288, 53924567, 54174912
391, 1, 21
2, 122620, 54544765, 54797235
392, 1, 21
1, 30282, 55184482, 55439147
393, 1, 21
3, 92288, 54174912, 54427300
394, 1, 21
2, 121178, 54797235, 55048860
395, 1, 21
1, 30282, 55439147, 55695496
396, 1, 21
3, 82194, 54427300, 54681001
397, 1, 21
2, 111084, 55048860, 55302054
398, 1, 21
1, 30282, 55695496, 55949481
399, 1, 21
3, 83636, 54681001, 54934896
400, 1, 21
2, 111084, 55302054, 55552077
401, 1, 21
1, 28840, 55949481, 56200119
402, 1, 21
3, 76426, 54934896, 55187593
403, 1, 21
2, 105316, 55552077, 55802162
404, 1, 21
1, 30282, 56200119, 56462006
405, 1, 21
3, 85078, 55187593, 55439053
406, 1, 21
2, 112526, 55802162, 56054797
407, 1, 21
1, 28840, 56462006, 56722214
408, 1, 21
3, 83636, 55439053, 55691714
409, 1, 21
2, 113968, 56054797, 56310727
410, 1, 21
1, 30282, 56722214, 56973494
411, 1, 21
3, 86520, 55691714, 55945077
412, 1, 21
2, 116852, 56310727, 56565070
413, 1, 21
1, 28840, 56973494, 57228537
414, 1, 21
3, 86520, 55945077, 56198669
415, 1, 21
2, 115410, 56565070, 56815285
416, 1, 21
1, 28840, 57228537, 57478920
417, 1, 21
3, 85078, 56198669, 56452125
418, 1, 21
2, 113968, 56815285, 57067845
419, 1, 21
1, 28840, 57478920, 57730273
420, 1, 21
3, 85078, 56452125, 56708977
421, 1, 21
2, 111084, 57067845, 57325530
422, 1, 21
1, 28840, 57730273, 57986201
423, 1, 21
3, 82194, 56708977, 56963059
424, 1, 21
2, 112526, 57325530, 57579304
425, 1, 21
1, 30282, 57986201, 58244287
426, 1, 21
3, 77868, 56963059, 57213634
427, 1, 21
2, 108200, 57579304, 57831240
428, 1, 21
1, 28840, 58244287, 58496002
429, 1, 21
3, 82194, 57213634, 57464648
430, 1, 21
2, 112526, 57831240, 58082023
431, 1, 21
1, 30282, 58496002, 58756382
432, 1, 21
3, 90846, 57464648, 57718375
433, 1, 21
2, 121178, 58082023, 58335879
434, 1, 21
1, 30282, 58756382, 59009235
435, 1, 21
3, 87962, 57718375, 57970668
436, 1, 21
2, 116852, 58335879, 58586845
437, 1, 21
1, 28840, 59009235, 59260968
438, 1, 21
2, 43285, 58586845, 58844542
439, 1, 21
1, 30282, 59260968, 59522387
440, 1, 21
2, 27423, 58844542, 59102663
441, 1, 21
1, 27398, 59522387, 59780040
442, 1, 21
2, 28865, 59102663, 59360830
443, 1, 21
1, 28840, 59780040, 60039864
444, 1, 21
2, 28865, 59360830, 59622037
445, 1, 21
1, 27398, 60039864, 60290060
446, 1, 21
2, 27423, 59622037, 59882980
447, 1, 21
1, 27398, 60290060, 60549088
448, 1, 21
2, 28865, 59882980, 60140965
449, 1, 21
1, 28840, 60549088, 60803969
450, 1, 21
2, 28865, 60140965, 60398938
451, 1, 21
1, 28840, 60803969, 61065785
452, 1, 21
2, 28865, 60398938, 60660329
453, 1, 21
1, 28840, 61065785, 61320420
454, 1, 21
2, 28865, 60660329, 60913425
455, 1, 21
1, 28840, 61320420, 61573679
456, 1, 21
2, 28865, 60913425, 61167749
457, 1, 21
1, 28840, 61573679, 61828614
458, 1, 21
2, 30307, 61167749, 61425641
459, 1, 21
1, 30282, 61828614, 62089232
460, 1, 21
2, 28865, 61425641, 61679925
461, 1, 21
1, 30282, 62089232, 62354042
462, 1, 21
2, 30307, 61679925, 61936969
463, 1, 21
1, 30282, 62354042, 62610828
464, 1, 21
2, 28865, 61936969, 62190895
465, 1, 21
1, 28840, 62610828, 62870202
466, 1, 21
2, 28865, 62190895, 62454295
467, 1, 21
1, 27398, 62870202, 63126358
468, 1, 21
2, 27423, 62454295, 62718488
469, 1, 21
1, 27398, 63126358, 63386422
470, 1, 21
2, 27423, 62718488, 62972394
471, 1, 21
1, 27398, 63386422, 63647308
472, 1, 21
2, 25981, 62972394, 63227021
473, 1, 21
1, 27398, 63647308, 63903783
474, 1, 21
2, 27423, 63227021, 63486430
475, 1, 21
1, 25956, 63903783, 64156693
476, 1, 21
2, 27423, 63486430, 63744395
477, 1, 21
1, 27398, 64156693, 64413114
478, 1, 21
2, 27423, 63744395, 64001118
479, 1, 21
1, 27398, 64413114, 64665414
480, 1, 21
2, 27423, 64001118, 64253729
481, 1, 21
1, 27398, 64665414, 64920670
482, 1, 21
2, 28865, 64253729, 64513869
483, 1, 21
1, 28840, 64920670, 65179295
484, 1, 21
2, 27423, 64513869, 64770724
485, 1, 21
1, 27398, 65179295, 65434876
486, 1, 21
2, 30307, 64770724, 65028482
487, 1, 21
1, 30282, 65434876, 65695635
488, 1, 21
2, 27423, 65028482, 65279702
489, 1, 21
1, 27398, 65695635, 65948088
490, 1, 21
2, 28865, 65279702, 65538790
491, 1, 21
1, 28840, 65948088, 66203795
492, 1, 21
2, 28865, 65538790, 65800866
493, 1, 21
1, 28840, 66203795, 66465419
494, 1, 21
2, 27423, 65800866, 66053841
495, 1, 21
1, 27398, 66465419, 66716308
