0, 2, 21
2, 54796, 5524861, 6087591
1, 54796, 6094997, 6656867
1, 2, 21
2, 53354, 6087591, 6590822
1, 53354, 6656867, 7159750
2, 2, 21
2, 57680, 6590822, 7101791
1, 57680, 7159750, 7671608
3, 2, 21
2, 54796, 7101791, 7607803
1, 54796, 7671608, 8177433
4, 2, 21
2, 69216, 7607803, 8240328
1, 69216, 8177433, 8810075
5, 2, 21
2, 57680, 8240328, 8749514
1, 57680, 8810075, 9319212
6, 2, 21
2, 69216, 8749514, 9387969
1, 69216, 9319212, 9957627
7, 2, 21
2, 18746, 9387969, 15669235
1, 18746, 9957627, 16238318
8, 2, 21
2, 54796, 15669235, 16175454
1, 54796, 16238318, 16745058
9, 2, 21
2, 73542, 16175454, 16800622
1, 73542, 16745058, 17370663
10, 2, 21
2, 95172, 16800622, 17589203
1, 86520, 17370663, 18158658
11, 1, 21
3, 76426, 16971374, 17473839
12, 1, 21
2, 134131, 17589203, 18090115
13, 1, 21
3, 64890, 17473839, 17978474
14, 1, 21
2, 113943, 18090115, 18595982
15, 1, 21
1, 124012, 18158658, 19320652
16, 1, 21
3, 59122, 17978474, 18480911
17, 1, 21
2, 109642, 18595982, 19096920
18, 1, 21
1, 64890, 19320652, 19956384
19, 1, 21
3, 77868, 18480911, 18981920
20, 1, 21
2, 137040, 19096920, 19598625
21, 1, 21
3, 73542, 18981920, 19485311
22, 1, 21
4, 72100, 18466863, 18969998
23, 1, 21
2, 197604, 19598625, 20103769
24, 1, 21
1, 86520, 19956384, 20746396
25, 1, 21
3, 76426, 19485311, 19989750
26, 1, 21
4, 76426, 18969998, 19471196
27, 1, 21
2, 207723, 20103769, 20605897
28, 1, 21
3, 67774, 19989750, 20506070
29, 1, 21
4, 66332, 19471196, 19982983
30, 1, 21
2, 184626, 20605897, 21107860
31, 1, 21
1, 118244, 20746396, 21871552
32, 1, 21
3, 51912, 20506070, 21007799
33, 1, 21
4, 46144, 19982983, 20486384
34, 1, 21
2, 134181, 21107860, 21614324
35, 1, 21
1, 41818, 21871552, 22376793
36, 1, 21
3, 69216, 21007799, 21517364
37, 1, 21
2, 186068, 21614324, 22115979
38, 1, 21
4, 60564, 20486384, 20994046
39, 1, 21
1, 59122, 22376793, 22888849
40, 2, 21
2, 193278, 22115979, 22620035
4, 72100, 20994046, 21500379
41, 1, 21
1, 70658, 22888849, 23526132
42, 2, 21
2, 111059, 22620035, 23127947
4, 63448, 21500379, 22007782
43, 1, 21
1, 43260, 23526132, 24034218
44, 1, 21
2, 124037, 23127947, 23635295
45, 1, 21
4, 72100, 22007782, 22530717
46, 1, 21
1, 51912, 24034218, 24671025
47, 1, 21
4, 44702, 22530717, 23032157
48, 1, 21
2, 101015, 23635295, 24256143
49, 1, 21
4, 66332, 23032157, 23541107
50, 1, 21
2, 128363, 24256143, 24762053
51, 1, 21
1, 80752, 24671025, 25434254
52, 1, 21
4, 74984, 23541107, 24044953
53, 1, 21
2, 165880, 24762053, 25391483
54, 1, 21
1, 73542, 25434254, 26065067
55, 1, 21
4, 92288, 24044953, 24676078
56, 1, 21
2, 210582, 25391483, 26179497
57, 1, 21
1, 90846, 26065067, 26846747
58, 1, 21
4, 79310, 24676078, 25181915
59, 1, 21
4, 93730, 25181915, 25814170
60, 1, 21
2, 399509, 26179497, 27709543
61, 1, 21
1, 171598, 26846747, 28376520
62, 1, 21
4, 144200, 25814170, 26790912
63, 1, 21
3, 70658, 21517364, 27930645
64, 1, 21
2, 312989, 27709543, 28790902
65, 1, 21
3, 57680, 27930645, 28435960
66, 1, 21
4, 167272, 26790912, 28099713
67, 1, 21
2, 174532, 28790902, 29293404
68, 1, 21
1, 177366, 28376520, 29962587
69, 1, 21
3, 72100, 28435960, 28939182
70, 1, 21
4, 74984, 28099713, 28603844
71, 1, 21
2, 196187, 29293404, 29794872
72, 1, 21
1, 56238, 29962587, 30475944
73, 1, 21
3, 89404, 28939182, 29566814
74, 1, 21
4, 64890, 28603844, 29109669
75, 1, 21
2, 246657, 29794872, 30420773
76, 1, 21
1, 72100, 30475944, 31107436
77, 1, 21
4, 85078, 29109669, 29736750
78, 1, 21
3, 113918, 29566814, 30351675
79, 1, 21
2, 278381, 30420773, 31203452
80, 1, 21
1, 92288, 31107436, 31899495
81, 1, 21
2, 132689, 31203452, 31709023
82, 1, 21
2, 129780, 31709023, 32210413
83, 1, 21
3, 222068, 30351675, 31880127
84, 1, 21
1, 174482, 31899495, 33433343
85, 1, 21
2, 193278, 32210413, 32992579
86, 1, 21
3, 76426, 31880127, 32480771
87, 1, 21
2, 118269, 32992579, 33940169
88, 1, 21
1, 85078, 33433343, 34549374
89, 1, 21
1, 33166, 34549374, 35059197
90, 1, 21
2, 43310, 33940169, 34569370
91, 1, 21
1, 46144, 35059197, 35686479
92, 1, 21
2, 53379, 34569370, 35351449
93, 1, 21
3, 46144, 32480771, 34978517
94, 1, 21
1, 44702, 35686479, 36186928
95, 1, 21
2, 219234, 35351449, 35972200
96, 1, 21
3, 164388, 34978517, 35541414
97, 1, 21
1, 57680, 36186928, 36688092
98, 1, 21
2, 144250, 35972200, 36472498
99, 1, 21
1, 43260, 36688092, 37197108
100, 1, 21
3, 96614, 35541414, 36066433
101, 1, 21
2, 170206, 36472498, 36974061
102, 1, 21
3, 170156, 36066433, 36567101
103, 1, 21
1, 46144, 37197108, 37706662
104, 1, 21
2, 230770, 36974061, 37477180
105, 1, 21
1, 59122, 37706662, 38214353
106, 1, 21
3, 206206, 36567101, 37193158
107, 1, 21
2, 212024, 37477180, 37977920
108, 1, 21
3, 142758, 37193158, 37697846
109, 1, 21
1, 69216, 38214353, 38841940
110, 1, 21
2, 201930, 37977920, 38483560
111, 1, 21
2, 86520, 38483560, 38992323
112, 1, 21
1, 103824, 38841940, 39833966
113, 1, 21
2, 47611, 38992323, 39496917
114, 1, 21
1, 44702, 39833966, 40338283
115, 1, 21
2, 63473, 39496917, 40124465
116, 1, 21
1, 72100, 40338283, 40963561
117, 1, 21
2, 59147, 40124465, 40632535
118, 1, 21
3, 102382, 37697846, 40232995
119, 1, 21
1, 51912, 40963561, 41476959
120, 1, 21
2, 128388, 40632535, 41136599
121, 1, 21
1, 41818, 41476959, 41978494
122, 1, 21
3, 170156, 40232995, 40859495
123, 1, 21
2, 207698, 41136599, 41640665
124, 1, 21
1, 59122, 41978494, 42481563
125, 1, 21
3, 165830, 40859495, 41360026
126, 1, 21
2, 223560, 41640665, 42142959
127, 1, 21
1, 59122, 42481563, 42991998
128, 1, 21
3, 178808, 41360026, 41990503
129, 1, 21
2, 191836, 42142959, 42644761
130, 1, 21
3, 162946, 41990503, 42493724
131, 1, 21
1, 67774, 42991998, 43628239
132, 1, 21
2, 220676, 42644761, 43146644
133, 1, 21
3, 157178, 42493724, 43004020
134, 1, 21
2, 262469, 43146644, 43773671
135, 1, 21
1, 108150, 43628239, 44612229
136, 1, 21
2, 62031, 43773671, 44278024
137, 1, 21
2, 49028, 44278024, 44789853
138, 1, 21
1, 96614, 44612229, 45732202
139, 1, 21
2, 49053, 44789853, 45417640
140, 1, 21
1, 47586, 45732202, 46359368
141, 1, 21
1, 49028, 46359368, 46860024
142, 1, 21
2, 88012, 45417640, 46402396
143, 1, 21
1, 57680, 46860024, 47367657
144, 1, 21
1, 73542, 47367657, 48000532
145, 1, 21
1, 106708, 48000532, 48984384
146, 1, 21
1, 38934, 48984384, 49494544
147, 1, 21
2, 284174, 46402396, 49109673
148, 1, 21
1, 60564, 49494544, 50126074
149, 1, 21
2, 51937, 49109673, 49780593
150, 1, 21
2, 44702, 49780593, 50283547
151, 1, 21
1, 73542, 50126074, 51107049
152, 1, 21
2, 53379, 50283547, 50910794
153, 1, 21
1, 73542, 51107049, 51798654
154, 1, 21
2, 59147, 50910794, 51415023
155, 1, 21
1, 74984, 51798654, 52429451
156, 1, 21
2, 60589, 51415023, 51921127
157, 1, 21
2, 73542, 51921127, 52547939
158, 1, 21
1, 92288, 52429451, 53216025
159, 1, 21
2, 115385, 52547939, 53534872
160, 1, 21
3, 83636, 43004020, 53003454
161, 1, 21
2, 214883, 53534872, 54039491
162, 1, 21
3, 165830, 53003454, 53506519
163, 1, 21
1, 177366, 53216025, 54750055
164, 1, 21
2, 233654, 54039491, 54539746
165, 1, 21
3, 220626, 53506519, 54132530
166, 1, 21
2, 240839, 54539746, 55041772
167, 1, 21
3, 271096, 54132530, 54914351
168, 1, 21
2, 281215, 55041772, 55669063
169, 1, 21
3, 168714, 54914351, 55418077
170, 1, 21
2, 227861, 55669063, 56169654
171, 1, 21
2, 222068, 56169654, 56683298
172, 1, 21
3, 252350, 55418077, 56202093
173, 1, 21
2, 284099, 56683298, 57311649
174, 1, 21
3, 399434, 56202093, 57424038
175, 1, 21
2, 346105, 57311649, 58093923
176, 1, 21
2, 337428, 58093923, 59200305
177, 1, 21
2, 69216, 59200305, 59834476
178, 1, 21
2, 87962, 59834476, 60619139
179, 1, 21
2, 175924, 60619139, 62161613
180, 1, 21
1, 1133412, 54750055, 64752082
