0, 2, 21
2, 211974, 5481690, 7483336
1, 211974, 6047303, 8048128
1, 2, 21
2, 223510, 7483336, 15609325
1, 223510, 8048128, 16174412
2, 1, 21
2, 243698, 15609325, 17609364
3, 1, 21
1, 224952, 16174412, 18184334
4, 1, 21
3, 278306, 16956194, 18956866
5, 1, 21
2, 506192, 17609364, 19613794
6, 1, 21
1, 211974, 18184334, 20185644
7, 1, 21
3, 266770, 18956866, 20960264
8, 1, 21
4, 268212, 18413323, 20465053
9, 1, 21
2, 726843, 19613794, 21617579
10, 1, 21
1, 207648, 20185644, 22192574
11, 1, 21
2, 595571, 21617579, 23627281
12, 1, 21
1, 201880, 22192574, 24244537
13, 1, 21
4, 321566, 20465053, 22966978
14, 1, 21
2, 487446, 23627281, 25627443
15, 1, 21
1, 217742, 24244537, 26256043
16, 1, 21
4, 295610, 22966978, 24969424
17, 1, 21
2, 527822, 25627443, 27631744
18, 1, 21
1, 233604, 26256043, 28259207
19, 1, 21
4, 285516, 24969424, 26971537
20, 1, 21
3, 142758, 20960264, 27895453
21, 1, 21
2, 661953, 27631744, 29635854
22, 1, 21
1, 222068, 28259207, 30262914
23, 1, 21
4, 278306, 26971537, 28973866
24, 1, 21
3, 279748, 27895453, 29895811
25, 1, 21
2, 806153, 29635854, 32141597
26, 1, 21
1, 292726, 30262914, 32767384
27, 1, 21
3, 292726, 29895811, 31895906
28, 1, 21
2, 317290, 32141597, 34151037
29, 1, 21
1, 165830, 32767384, 34789017
30, 1, 21
3, 105266, 31895906, 34848843
31, 1, 21
2, 398042, 34151037, 36152098
32, 1, 21
1, 181692, 34789017, 36795152
33, 1, 21
3, 576800, 34848843, 36849730
34, 1, 21
2, 793150, 36152098, 38156344
35, 1, 21
1, 209090, 36795152, 38796660
36, 1, 21
2, 284099, 38156344, 40160965
37, 1, 21
3, 305704, 36849730, 40076720
38, 1, 21
1, 253792, 38796660, 41312206
39, 1, 21
2, 676348, 40160965, 42161314
40, 1, 21
3, 594104, 40076720, 42077141
41, 1, 21
2, 661903, 42161314, 44171087
42, 1, 21
1, 412412, 41312206, 45261897
43, 1, 21
2, 175949, 44171087, 46176792
44, 1, 21
1, 190344, 45261897, 47273624
45, 1, 21
2, 224977, 46176792, 48186826
46, 1, 21
1, 204764, 47273624, 49277162
47, 1, 21
2, 164413, 48186826, 50224084
48, 1, 21
1, 173040, 49277162, 51283145
49, 2, 21
2, 286983, 50224084, 52730110
1, 237930, 51283145, 53295283
50, 1, 21
3, 324450, 42077141, 52838710
51, 2, 21
2, 710931, 52730110, 54731919
1, 235046, 53295283, 55296671
52, 1, 21
3, 697928, 52838710, 54839842
53, 1, 21
2, 927231, 54731919, 56732634
54, 1, 21
1, 295610, 55296671, 57802864
55, 1, 21
3, 847896, 54839842, 57343347
56, 1, 21
2, 852272, 56732634, 59240853
57, 1, 21
1, 445578, 57802864, 61717664
58, 1, 21
2, 226419, 59240853, 61249969
59, 1, 21
2, 217742, 61249969, 63258959
