0, 2, 21
2, 72100, 5514010, 6259834
1, 72104, 6074853, 6820308
1, 2, 21
2, 144200, 6259834, 7551502
1, 144204, 6820308, 8112413
2, 2, 21
2, 144200, 7551502, 8837665
1, 144204, 8112413, 9398689
3, 2, 21
2, 217742, 8837665, 16898303
1, 217746, 9398689, 17459336
4, 2, 21
2, 73542, 16898303, 17555285
1, 72104, 17459336, 18116271
5, 2, 21
2, 82194, 17555285, 17865663
1, 36054, 18116271, 18426640
6, 2, 21
2, 43260, 17865663, 18025973
1, 18750, 18426640, 18586932
7, 2, 21
2, 23072, 18025973, 18113707
1, 10098, 18586932, 18674682
8, 2, 21
2, 330218, 18113707, 19515629
1, 144204, 18674682, 20076553
9, 2, 21
2, 266770, 19515629, 20180728
1, 72104, 20076553, 20741290
10, 2, 21
2, 134106, 20180728, 20501400
1, 36054, 20741290, 21062488
11, 2, 21
2, 69216, 20501400, 20670485
1, 18750, 21062488, 21230691
12, 2, 21
2, 493164, 20670485, 22117056
1, 144204, 21230691, 22678117
13, 2, 21
2, 232162, 22117056, 22759223
1, 72104, 22678117, 23320228
14, 2, 21
2, 83636, 22759223, 23200056
1, 36054, 23320228, 23761065
15, 2, 21
2, 43260, 23200056, 23372367
1, 18750, 23761065, 23933457
16, 2, 21
2, 23072, 23372367, 23468259
1, 10098, 23933457, 24029115
17, 2, 21
2, 323008, 23468259, 24951527
1, 144204, 24029115, 25512274
18, 2, 21
2, 320124, 24951527, 26171804
1, 144204, 25512274, 26732503
19, 2, 21
2, 164388, 26171804, 26789601
1, 72104, 26732503, 27350338
20, 2, 21
2, 325892, 26789601, 28032364
1, 144204, 27350338, 28593044
21, 2, 21
2, 426832, 28032364, 29336056
1, 144204, 28593044, 29896722
22, 2, 21
2, 249466, 29336056, 29974245
1, 72104, 29896722, 30534973
23, 2, 21
2, 124012, 29974245, 30282248
1, 36054, 30534973, 30842934
24, 2, 21
2, 385014, 30282248, 31498842
1, 144204, 30842934, 32059565
25, 2, 21
2, 162946, 31498842, 32110566
1, 72104, 32059565, 32671347
26, 2, 21
2, 79310, 32110566, 32416147
1, 36054, 32671347, 32976894
27, 2, 21
2, 276864, 32416147, 34275471
1, 144204, 32976894, 34836229
28, 2, 21
2, 72100, 34275471, 35223635
1, 72104, 34836229, 35784479
29, 2, 21
2, 36050, 35223635, 35530261
1, 36054, 35784479, 36091132
30, 2, 21
2, 64890, 35530261, 35700348
1, 18750, 36091132, 36261184
31, 2, 21
2, 37492, 35700348, 35786242
1, 10098, 36261184, 36346497
32, 2, 21
2, 23072, 35786242, 35833961
1, 5772, 36346497, 36394782
33, 2, 21
2, 550844, 35833961, 37319618
1, 144204, 36394782, 37879749
34, 2, 21
2, 272538, 37319618, 37971294
1, 72104, 37879749, 38531231
35, 2, 21
2, 126896, 37971294, 38298111
1, 36054, 38531231, 38858197
36, 2, 21
2, 235046, 38298111, 39746678
1, 144204, 38858197, 40307524
37, 2, 21
2, 72100, 39746678, 40367873
1, 72104, 40307524, 40928548
38, 2, 21
2, 442694, 40367873, 41810821
1, 144204, 40928548, 42371578
39, 2, 21
2, 272538, 41810821, 42479815
1, 72104, 42371578, 43039960
40, 2, 21
2, 129780, 42479815, 42791583
1, 36054, 43039960, 43352340
41, 2, 21
2, 72100, 42791583, 42952244
1, 18750, 43352340, 43513026
42, 2, 21
2, 416738, 42952244, 44351824
1, 144204, 43513026, 44911814
43, 2, 21
2, 72100, 44351824, 45301826
1, 72104, 44911814, 45862744
44, 2, 21
2, 36050, 45301826, 45753912
1, 36054, 45862744, 46314771
45, 2, 21
2, 144200, 45753912, 47014152
1, 144204, 46314771, 47574421
46, 2, 21
2, 72100, 47014152, 47616309
1, 72104, 47574421, 48177128
47, 2, 21
2, 144200, 47616309, 49205300
1, 144204, 48177128, 49765358
48, 2, 21
2, 144200, 49205300, 50868945
1, 144204, 49765358, 51429088
49, 2, 21
2, 144200, 50868945, 52088199
1, 144204, 51429088, 52648276
50, 2, 21
2, 72100, 52088199, 52698103
1, 72104, 52648276, 53258212
51, 2, 21
2, 269654, 52698103, 53934339
1, 144204, 53258212, 54495122
52, 2, 21
2, 282632, 53934339, 54539681
1, 72104, 54495122, 55099801
53, 2, 21
2, 148526, 54539681, 54845307
1, 36054, 55099801, 55406019
54, 2, 21
2, 576800, 54845307, 56119326
1, 144204, 55406019, 56680110
55, 2, 21
2, 562380, 56119326, 57355098
1, 144204, 56680110, 57915747
56, 2, 21
2, 549402, 57355098, 58580961
1, 144204, 57915747, 59141781
57, 2, 21
2, 168714, 58580961, 59889955
1, 144204, 59141781, 60450282
58, 2, 21
2, 72100, 59889955, 60533795
1, 72104, 60450282, 61093668
59, 2, 21
2, 144200, 60533795, 61788217
1, 144204, 61093668, 62346030
60, 2, 21
2, 144200, 61788217, 63148068
1, 144204, 62346030, 63708508
61, 2, 21
2, 144200, 63148068, 64478043
1, 144204, 63708508, 65038842
