0, 2, 21
2, 211974, 5513088, 7515840
1, 211974, 6039031, 8041265
1, 2, 21
2, 223510, 7515840, 15641751
1, 223510, 8041265, 16167313
2, 1, 21
2, 248024, 15641751, 17647110
3, 1, 21
1, 224952, 16167313, 18175959
4, 1, 21
3, 279748, 16948643, 18953146
5, 1, 21
2, 514844, 17647110, 19647589
6, 1, 21
1, 213416, 18175959, 20183351
7, 1, 21
3, 266770, 18953146, 20956806
8, 1, 21
4, 268212, 18403366, 20443427
9, 1, 21
2, 726843, 19647589, 21651606
10, 1, 21
1, 207648, 20183351, 22185505
11, 1, 21
4, 268212, 20443427, 22446960
12, 1, 21
2, 588386, 21651606, 23662224
13, 1, 21
1, 200438, 22185505, 24222168
14, 1, 21
4, 275422, 22446960, 24448626
15, 1, 21
2, 496098, 23662224, 25662389
16, 1, 21
1, 217742, 24222168, 26233113
17, 1, 21
4, 301378, 24448626, 26450600
18, 1, 21
2, 535032, 25662389, 27669673
19, 1, 21
1, 233604, 26233113, 28235111
20, 1, 21
3, 141316, 20956806, 27882977
21, 1, 21
4, 279748, 26450600, 28455952
22, 1, 21
2, 674931, 27669673, 29675259
23, 1, 21
1, 223510, 28235111, 30237769
24, 1, 21
3, 279748, 27882977, 29886765
25, 1, 21
2, 650392, 29675259, 31677518
26, 1, 21
1, 236488, 30237769, 32241047
27, 1, 21
3, 297052, 29886765, 31887256
28, 1, 21
2, 406694, 31677518, 33692522
29, 1, 21
1, 191786, 32241047, 34257393
30, 1, 21
3, 100940, 31887256, 34813271
31, 1, 21
2, 278356, 33692522, 35696085
32, 1, 21
1, 165830, 34257393, 36258686
33, 1, 21
3, 575358, 34813271, 36814680
34, 1, 21
2, 767194, 35696085, 37697808
35, 1, 21
1, 201880, 36258686, 38259417
36, 1, 21
2, 408111, 37697808, 39706122
37, 1, 21
1, 206206, 38259417, 40268402
38, 1, 21
3, 305704, 36814680, 40040563
39, 1, 21
2, 545126, 39706122, 41706227
40, 1, 21
1, 209090, 40268402, 42271116
41, 1, 21
3, 595546, 40040563, 42041028
42, 1, 21
2, 804686, 41706227, 43716923
43, 1, 21
1, 222068, 42271116, 44285098
44, 1, 21
2, 165855, 43716923, 45723668
45, 1, 21
1, 165830, 44285098, 46288561
46, 1, 21
2, 232187, 45723668, 47727192
47, 1, 21
1, 232162, 46288561, 48289717
48, 1, 21
2, 167297, 47727192, 49733220
49, 1, 21
1, 167272, 48289717, 50299692
50, 1, 21
2, 211999, 49733220, 51738529
51, 1, 21
1, 211974, 50299692, 52302160
52, 1, 21
3, 323008, 42041028, 52798563
53, 1, 21
2, 366318, 51738529, 53740124
54, 1, 21
1, 235046, 52302160, 54311097
55, 1, 21
3, 699370, 52798563, 54802614
56, 1, 21
2, 938792, 53740124, 55743662
57, 1, 21
1, 235046, 54311097, 56312840
58, 1, 21
3, 684950, 54802614, 56804828
59, 1, 21
2, 915720, 55743662, 57744254
60, 1, 21
1, 237930, 56312840, 58318662
61, 1, 21
2, 442719, 57744254, 59752766
62, 1, 21
1, 226394, 58318662, 60319340
63, 1, 21
2, 229303, 59752766, 61766123
64, 1, 21
1, 229278, 60319340, 62332216
65, 1, 21
2, 213441, 61766123, 63770094
66, 1, 21
1, 213416, 62332216, 64339389
