0, 2, 21
2, 54796, 5523035, 6082533
1, 54796, 6058147, 6617260
1, 2, 21
2, 53354, 6082533, 6584438
1, 53354, 6617260, 7119277
2, 2, 21
2, 57680, 6584438, 7092966
1, 57680, 7119277, 7628320
3, 2, 21
2, 54796, 7092966, 7597816
1, 54796, 7628320, 8132341
4, 2, 21
2, 56238, 7597816, 8106964
1, 56238, 8132341, 8642322
5, 2, 21
2, 57680, 8106964, 8618088
1, 57680, 8642322, 9153605
6, 2, 21
2, 56238, 8618088, 9122709
1, 56238, 9153605, 9658182
7, 2, 21
2, 44702, 9122709, 15646263
1, 44702, 9658182, 16181759
8, 2, 21
2, 54796, 15646263, 16152762
1, 54796, 16181759, 16688151
9, 2, 21
2, 74984, 16152762, 16789054
1, 74984, 16688151, 17324794
10, 2, 21
2, 99498, 16789054, 17576801
1, 86520, 17324794, 18112460
11, 1, 21
3, 77868, 16920811, 17429796
12, 1, 21
2, 134131, 17576801, 18085489
13, 1, 21
3, 64890, 17429796, 17993625
14, 1, 21
2, 113943, 18085489, 18586657
15, 1, 21
1, 122570, 18112460, 19257233
16, 1, 21
3, 69216, 17993625, 18495925
17, 1, 21
2, 112526, 18586657, 19086784
18, 1, 21
1, 64890, 19257233, 19889159
19, 1, 21
3, 79310, 18495925, 19002054
20, 1, 21
2, 145692, 19086784, 19587887
21, 1, 21
4, 76426, 18403910, 18909257
22, 1, 21
3, 73542, 19002054, 19504637
23, 1, 21
2, 201930, 19587887, 20090736
24, 1, 21
1, 86520, 19889159, 20676654
25, 1, 21
4, 79310, 18909257, 19416769
26, 1, 21
3, 76426, 19504637, 20011986
27, 1, 21
2, 210607, 20090736, 20593678
28, 1, 21
4, 63448, 19416769, 19918849
29, 1, 21
3, 62006, 20011986, 20512700
30, 1, 21
2, 197604, 20593678, 21209564
31, 1, 21
1, 118244, 20676654, 21776734
32, 1, 21
4, 49028, 19918849, 20441104
33, 1, 21
3, 47586, 20512700, 21013743
34, 1, 21
2, 164463, 21209564, 21713875
35, 1, 21
1, 40376, 21776734, 22279446
36, 1, 21
4, 77868, 20441104, 20951728
37, 1, 21
3, 74984, 21013743, 21514394
38, 1, 21
2, 206281, 21713875, 22215874
39, 1, 21
1, 59122, 22279446, 22790338
40, 1, 21
4, 74984, 20951728, 21454268
41, 1, 21
2, 174532, 22215874, 22719190
42, 1, 21
1, 70658, 22790338, 23422725
43, 1, 21
4, 59122, 21454268, 21958483
44, 1, 21
2, 102432, 22719190, 23223680
45, 1, 21
1, 43260, 23422725, 23932225
46, 1, 21
4, 70658, 21958483, 22583565
47, 1, 21
2, 118294, 23223680, 23849585
48, 1, 21
1, 51912, 23932225, 24559663
49, 1, 21
4, 62006, 22583565, 23084622
50, 1, 21
2, 186068, 23849585, 24635083
51, 1, 21
4, 72100, 23084622, 23586616
52, 1, 21
1, 76426, 24559663, 25311309
53, 1, 21
2, 132714, 24635083, 25143620
54, 1, 21
4, 92288, 23586616, 24214770
55, 1, 21
1, 72100, 25311309, 25941323
56, 1, 21
2, 207698, 25143620, 25926015
57, 1, 21
4, 122570, 24214770, 25005273
58, 1, 21
1, 90846, 25941323, 26729299
59, 1, 21
2, 320174, 25926015, 27147361
60, 1, 21
1, 173040, 26729299, 28262273
61, 1, 21
4, 282632, 25005273, 26912853
62, 1, 21
3, 62006, 21514394, 27860111
63, 1, 21
2, 460073, 27147361, 28759892
64, 1, 21
3, 82194, 27860111, 28494449
65, 1, 21
2, 188927, 28759892, 29260211
66, 1, 21
1, 180250, 28262273, 29871002
67, 1, 21
3, 72100, 28494449, 28996316
68, 1, 21
2, 242306, 29260211, 29887312
69, 1, 21
1, 69216, 29871002, 30498359
70, 1, 21
3, 93730, 28996316, 29630822
71, 1, 21
2, 301428, 29887312, 30670532
72, 1, 21
1, 89404, 30498359, 31286871
73, 1, 21
2, 134131, 30670532, 31172713
74, 1, 21
3, 144200, 29630822, 30612336
75, 1, 21
2, 132689, 31172713, 31674993
76, 1, 21
1, 181692, 31286871, 32822734
77, 1, 21
2, 209115, 31674993, 32457435
78, 1, 21
3, 256676, 30612336, 32408187
79, 1, 21
2, 188927, 32457435, 33305548
80, 1, 21
1, 124012, 32822734, 33928655
81, 1, 21
2, 27423, 33305548, 33852954
82, 1, 21
1, 20188, 33928655, 34439685
83, 1, 21
1, 33166, 34439685, 34967212
84, 1, 21
2, 43310, 33852954, 34481085
85, 1, 21
1, 47586, 34967212, 35594208
86, 1, 21
2, 53379, 34481085, 35263610
87, 1, 21
3, 28840, 32408187, 34784492
88, 1, 21
1, 46144, 35594208, 36101350
89, 1, 21
2, 233654, 35263610, 35870986
90, 1, 21
3, 164388, 34784492, 35341068
91, 1, 21
1, 59122, 36101350, 36612273
92, 1, 21
2, 141366, 35870986, 36373262
93, 1, 21
3, 96614, 35341068, 35850907
94, 1, 21
1, 41818, 36612273, 37120987
95, 1, 21
2, 197604, 36373262, 36875154
96, 1, 21
3, 171598, 35850907, 36353115
97, 1, 21
1, 47586, 37120987, 37630254
98, 1, 21
2, 225002, 36875154, 37379941
99, 1, 21
3, 207648, 36353115, 36983114
100, 1, 21
1, 57680, 37630254, 38131156
101, 1, 21
2, 209140, 37379941, 37881366
102, 1, 21
3, 141316, 36983114, 37483925
103, 1, 21
1, 69216, 38131156, 38761879
104, 1, 21
2, 216350, 37881366, 38506401
105, 1, 21
2, 53354, 38506401, 39011880
106, 1, 21
1, 103824, 38761879, 39752995
107, 1, 21
2, 56263, 39011880, 39648844
108, 1, 21
1, 46144, 39752995, 40264674
109, 1, 21
1, 73542, 40264674, 40897435
110, 1, 21
2, 88012, 39648844, 40413594
111, 1, 21
3, 100940, 37483925, 40011950
112, 1, 21
1, 46144, 40897435, 41422016
113, 1, 21
2, 124062, 40413594, 40913721
114, 1, 21
3, 224952, 40011950, 40794954
115, 1, 21
1, 49028, 41422016, 41925653
116, 1, 21
2, 207698, 40913721, 41415249
117, 1, 21
3, 162946, 40794954, 41296475
118, 1, 21
1, 59122, 41925653, 42432090
119, 1, 21
2, 225002, 41415249, 41919054
120, 1, 21
1, 59122, 42432090, 42936490
121, 1, 21
2, 199021, 41919054, 42421948
122, 1, 21
3, 180250, 41296475, 41923317
123, 1, 21
2, 216325, 42421948, 42924908
124, 1, 21
3, 164388, 41923317, 42426864
125, 1, 21
1, 67774, 42936490, 43571295
126, 1, 21
3, 151410, 42426864, 42927459
127, 1, 21
2, 265403, 42924908, 43550930
128, 1, 21
1, 106708, 43571295, 44554048
129, 1, 21
2, 64915, 43550930, 44053885
130, 1, 21
1, 47586, 44554048, 45058413
131, 1, 21
2, 50495, 44053885, 44563848
132, 1, 21
1, 44702, 45058413, 45641803
133, 1, 21
2, 49053, 44563848, 45190620
134, 1, 21
1, 49028, 45641803, 46267620
135, 1, 21
2, 82219, 45190620, 46177591
136, 1, 21
1, 49028, 46267620, 46773722
137, 1, 21
1, 57680, 46773722, 47280945
138, 1, 21
1, 73542, 47280945, 47914013
139, 1, 21
1, 106708, 47914013, 48913036
140, 1, 21
1, 40376, 48913036, 49422344
141, 1, 21
2, 300061, 46177591, 49019829
142, 1, 21
1, 57680, 49422344, 50061532
143, 1, 21
2, 51937, 49019829, 49690500
144, 1, 21
1, 37492, 50061532, 50566090
145, 1, 21
2, 44727, 49690500, 50200534
146, 1, 21
1, 40376, 50566090, 51066286
147, 1, 21
2, 53379, 50200534, 50827748
148, 1, 21
1, 67774, 51066286, 51692751
149, 1, 21
2, 59147, 50827748, 51327763
150, 1, 21
1, 60564, 51692751, 52201178
151, 1, 21
2, 60589, 51327763, 51835106
152, 1, 21
1, 92288, 52201178, 52985234
153, 1, 21
2, 73567, 51835106, 52461396
154, 1, 21
3, 34608, 42927459, 52770284
155, 1, 21
2, 148551, 52461396, 53441058
156, 1, 21
1, 142758, 52985234, 54207631
157, 1, 21
2, 222093, 53441058, 53945465
158, 1, 21
3, 261002, 52770284, 53552261
159, 1, 21
2, 243723, 53945465, 54448911
160, 1, 21
2, 239372, 54448911, 54952772
161, 1, 21
3, 438368, 53552261, 54775555
162, 1, 21
2, 235071, 54952772, 55456771
163, 1, 21
2, 363384, 55456771, 56240695
164, 1, 21
2, 559496, 56240695, 57464616
165, 1, 21
2, 439810, 57464616, 58587657
166, 1, 21
2, 56238, 58587657, 59101684
167, 1, 21
2, 69216, 59101684, 59734400
168, 1, 21
2, 87962, 59734400, 60515974
169, 1, 21
2, 175924, 60515974, 62049446
170, 1, 21
1, 1142064, 54207631, 64214027
