0, 2, 21
2, 72100, 5534030, 6279595
1, 72104, 6080934, 6826432
1, 2, 21
2, 144200, 6279595, 7572872
1, 144204, 6826432, 8119294
2, 2, 21
2, 144200, 7572872, 8859422
1, 144204, 8119294, 9405751
3, 2, 21
2, 217742, 8859422, 16919988
1, 217746, 9405751, 17466370
4, 2, 21
2, 83636, 16919988, 17576682
1, 72104, 17466370, 18123227
5, 2, 21
2, 82194, 17576682, 17886948
1, 36054, 18123227, 18433423
6, 2, 21
2, 41818, 17886948, 18047296
1, 18750, 18433423, 18593717
7, 2, 21
2, 23072, 18047296, 18134973
1, 10098, 18593717, 18681444
8, 2, 21
2, 334544, 18134973, 19539288
1, 144204, 18681444, 20084049
9, 2, 21
2, 266770, 19539288, 20202302
1, 72104, 20084049, 20748838
10, 2, 21
2, 135548, 20202302, 20523586
1, 36054, 20748838, 21070290
11, 2, 21
2, 70658, 20523586, 20692316
1, 18750, 21070290, 21238566
12, 2, 21
2, 496048, 20692316, 22139613
1, 144204, 21238566, 22686312
13, 2, 21
2, 220626, 22139613, 22781786
1, 72104, 22686312, 23328539
14, 2, 21
2, 90846, 22781786, 23222634
1, 36054, 23328539, 23769427
15, 2, 21
2, 43260, 23222634, 23395147
1, 18750, 23769427, 23941846
16, 2, 21
2, 17304, 23395147, 23490706
1, 10098, 23941846, 24037442
17, 2, 21
2, 334544, 23490706, 24975200
1, 144204, 24037442, 25520963
18, 2, 21
2, 331660, 24975200, 26208948
1, 144204, 25520963, 26755399
19, 2, 21
2, 162946, 26208948, 26827036
1, 72104, 26755399, 27373280
20, 2, 21
2, 327334, 26827036, 28069953
1, 144204, 27373280, 28616313
21, 2, 21
2, 444136, 28069953, 29374969
1, 144204, 28616313, 29921369
22, 2, 21
2, 252350, 29374969, 30013491
1, 72104, 29921369, 30559767
23, 2, 21
2, 124012, 30013491, 30322201
1, 36054, 30559767, 30867762
24, 2, 21
2, 357616, 30322201, 31538112
1, 144204, 30867762, 32084648
25, 2, 21
2, 162946, 31538112, 32149815
1, 72104, 32084648, 32696255
26, 2, 21
2, 80752, 32149815, 32455452
1, 36054, 32696255, 33001851
27, 2, 21
2, 253792, 32455452, 34314791
1, 144204, 33001851, 34861363
28, 2, 21
2, 72100, 34314791, 35263605
1, 72104, 34861363, 35809590
29, 2, 21
2, 76426, 35263605, 35569921
1, 36054, 35809590, 36116055
30, 2, 21
2, 77868, 35569921, 35739529
1, 18750, 36116055, 36286030
31, 2, 21
2, 40376, 35739529, 35825652
1, 10098, 36286030, 36371411
32, 2, 21
2, 24514, 35825652, 35873324
1, 5772, 36371411, 36419662
33, 2, 21
2, 543634, 35873324, 37358226
1, 144204, 36419662, 37904059
34, 2, 21
2, 269654, 37358226, 38009186
1, 72104, 37904059, 38555555
35, 2, 21
2, 135548, 38009186, 38336045
1, 36054, 38555555, 38882505
36, 2, 21
2, 181692, 38336045, 39785472
1, 144204, 38882505, 40331916
37, 2, 21
2, 72100, 39785472, 40407030
1, 72104, 40331916, 40953005
38, 2, 21
2, 497490, 40407030, 41849824
1, 144204, 40953005, 42396131
39, 2, 21
2, 268212, 41849824, 42518534
1, 72104, 42396131, 43064692
40, 2, 21
2, 135548, 42518534, 42831240
1, 36054, 43064692, 43376929
41, 2, 21
2, 72100, 42831240, 42991126
1, 18750, 43376929, 43537570
42, 2, 21
2, 360500, 42991126, 44390718
1, 144204, 43537570, 44936638
43, 2, 21
2, 72100, 44390718, 45340850
1, 72104, 44936638, 45887391
44, 2, 21
2, 36050, 45340850, 45792715
1, 36054, 45887391, 46339310
45, 2, 21
2, 144200, 45792715, 47052505
1, 144204, 46339310, 47599083
46, 2, 21
2, 72100, 47052505, 47655163
1, 72104, 47599083, 48201716
47, 2, 21
2, 144200, 47655163, 49244083
1, 144204, 48201716, 49789967
48, 2, 21
2, 144200, 49244083, 50907841
1, 144204, 49789967, 51453822
49, 2, 21
2, 144200, 50907841, 52126176
1, 144204, 51453822, 52672763
50, 2, 21
2, 72100, 52126176, 52736457
1, 72104, 52672763, 53282802
51, 2, 21
2, 323008, 52736457, 53972978
1, 144204, 53282802, 54519496
52, 2, 21
2, 289842, 53972978, 54577764
1, 72104, 54519496, 55124124
53, 2, 21
2, 149968, 54577764, 54884164
1, 36054, 55124124, 55430538
54, 2, 21
2, 571032, 54884164, 56116984
1, 144204, 55430538, 56663331
55, 2, 21
2, 556612, 56116984, 57328897
1, 144204, 56663331, 57874950
56, 2, 21
2, 523446, 57328897, 58554228
1, 144204, 57874950, 59100715
57, 2, 21
2, 144200, 58554228, 59863022
1, 144204, 59100715, 60408917
58, 2, 21
2, 72100, 59863022, 60505975
1, 72104, 60408917, 61052711
59, 2, 21
2, 144200, 60505975, 61758244
1, 144204, 61052711, 62304886
60, 2, 21
2, 144200, 61758244, 63121624
1, 144204, 62304886, 63667704
61, 2, 21
2, 144200, 63121624, 64451125
1, 144204, 63667704, 64997765
