0, 2, 21
2, 54796, 5514065, 6074100
1, 54796, 6088172, 6647556
1, 2, 21
2, 53354, 6074100, 6576433
1, 53354, 6647556, 7149810
2, 2, 21
2, 57680, 6576433, 7085789
1, 57680, 7149810, 7659257
3, 2, 21
2, 54796, 7085789, 7589819
1, 54796, 7659257, 8163341
4, 2, 21
2, 56238, 7589819, 8099891
1, 56238, 8163341, 8673350
5, 2, 21
2, 57680, 8099891, 8611001
1, 57680, 8673350, 9184722
6, 2, 21
2, 56238, 8611001, 9115661
1, 56238, 9184722, 9688943
7, 2, 21
2, 44702, 9115661, 15639156
1, 44702, 9688943, 16212563
8, 2, 21
2, 54796, 15639156, 16145233
1, 54796, 16212563, 16719024
9, 2, 21
2, 59122, 16145233, 16648076
1, 59122, 16719024, 17221702
10, 2, 21
2, 57680, 16648076, 17160379
1, 57680, 17221702, 17734095
11, 1, 21
2, 74984, 17160379, 17661811
12, 1, 21
1, 56238, 17734095, 18243399
13, 1, 21
3, 76426, 16977074, 17481146
14, 1, 21
2, 132714, 17661811, 18167444
15, 1, 21
1, 59122, 18243399, 18754307
16, 1, 21
3, 64890, 17481146, 17983298
17, 1, 21
2, 106758, 18167444, 18669251
18, 1, 21
1, 51912, 18754307, 19293328
19, 1, 21
3, 60564, 17983298, 18492026
20, 1, 21
2, 118294, 18669251, 19169935
21, 1, 21
1, 51912, 19293328, 19802267
22, 1, 21
3, 77868, 18492026, 18993107
23, 1, 21
2, 158670, 19169935, 19674409
24, 1, 21
1, 56238, 19802267, 20303517
25, 1, 21
4, 76426, 18416234, 18922104
26, 1, 21
3, 73542, 18993107, 19497809
27, 1, 21
2, 201955, 19674409, 20175363
28, 1, 21
1, 54796, 20303517, 20811322
29, 1, 21
4, 79310, 18922104, 19425908
30, 1, 21
3, 76426, 19497809, 20000729
31, 1, 21
2, 209165, 20175363, 20677748
32, 1, 21
1, 56238, 20811322, 21313003
33, 1, 21
4, 63448, 19425908, 19926535
34, 1, 21
3, 66332, 20000729, 20507190
35, 1, 21
2, 163021, 20677748, 21182453
36, 1, 21
1, 51912, 21313003, 21828597
37, 1, 21
4, 49028, 19926535, 20448848
38, 1, 21
3, 51912, 20507190, 21008270
39, 1, 21
2, 155811, 21182453, 21684767
40, 1, 21
1, 41818, 21828597, 22329459
41, 1, 21
4, 77868, 20448848, 20960239
42, 1, 21
3, 67774, 21008270, 21511651
43, 1, 21
2, 203397, 21684767, 22185384
44, 1, 21
1, 59122, 22329459, 22841263
45, 1, 21
4, 74984, 20960239, 21462367
46, 1, 21
2, 186068, 22185384, 22686020
47, 1, 21
1, 56238, 22841263, 23343526
48, 1, 21
4, 59122, 21462367, 21967041
49, 1, 21
2, 102432, 22686020, 23187141
50, 1, 21
1, 43260, 23343526, 23849171
51, 1, 21
4, 59122, 21967041, 22493598
52, 1, 21
2, 96664, 23187141, 23692285
53, 1, 21
1, 43260, 23849171, 24368430
54, 1, 21
4, 57680, 22493598, 22994123
55, 1, 21
2, 105316, 23692285, 24194074
56, 1, 21
1, 49028, 24368430, 24878125
57, 1, 21
4, 73542, 22994123, 23494305
58, 1, 21
2, 128388, 24194074, 24694394
59, 1, 21
1, 56238, 24878125, 25386961
60, 1, 21
4, 73542, 23494305, 23997362
61, 1, 21
2, 134156, 24694394, 25202993
62, 1, 21
1, 59122, 25386961, 25887327
63, 1, 21
4, 74984, 23997362, 24499942
64, 1, 21
2, 134156, 25202993, 25706099
65, 1, 21
1, 59122, 25887327, 26392968
66, 1, 21
4, 79310, 24499942, 25005362
67, 1, 21
2, 138482, 25706099, 26208933
68, 1, 21
1, 59122, 26392968, 26894864
69, 1, 21
4, 74984, 25005362, 25509676
70, 1, 21
2, 132714, 26208933, 26710623
71, 1, 21
1, 57680, 26894864, 27399167
72, 1, 21
4, 72100, 25509676, 26011241
73, 1, 21
2, 128388, 26710623, 27212037
74, 1, 21
1, 57680, 27399167, 27910395
75, 1, 21
4, 76426, 26011241, 26514813
76, 1, 21
2, 131272, 27212037, 27717422
77, 1, 21
1, 59122, 27910395, 28417084
78, 1, 21
4, 73542, 26514813, 27016657
79, 1, 21
2, 128388, 27717422, 28227711
80, 1, 21
1, 59122, 28417084, 28924374
81, 1, 21
3, 72100, 21511651, 27926060
82, 1, 21
4, 70658, 27016657, 27524948
83, 1, 21
2, 171673, 28227711, 28733315
84, 1, 21
1, 59122, 28924374, 29434850
85, 1, 21
3, 62006, 27926060, 28431423
86, 1, 21
4, 64890, 27524948, 28030147
87, 1, 21
2, 184651, 28733315, 29234955
88, 1, 21
1, 50470, 29434850, 29940168
89, 1, 21
3, 72100, 28431423, 28935384
90, 1, 21
4, 70658, 28030147, 28530994
91, 1, 21
2, 196187, 29234955, 29736783
92, 1, 21
1, 56238, 29940168, 30447116
93, 1, 21
3, 76426, 28935384, 29440334
94, 1, 21
4, 73542, 28530994, 29038955
95, 1, 21
2, 206281, 29736783, 30241123
96, 1, 21
1, 59122, 30447116, 30953008
97, 1, 21
3, 72100, 29440334, 29942128
98, 1, 21
2, 175974, 30241123, 30741616
99, 1, 21
1, 60564, 30953008, 31463230
100, 1, 21
3, 74984, 29942128, 30443665
101, 1, 21
2, 134156, 30741616, 31242820
102, 1, 21
1, 60564, 31463230, 31972675
103, 1, 21
3, 74984, 30443665, 30949111
104, 1, 21
2, 132714, 31242820, 31743323
105, 1, 21
1, 59122, 31972675, 32474640
106, 1, 21
3, 74984, 30949111, 31450806
107, 1, 21
2, 134156, 31743323, 32248646
108, 1, 21
1, 59122, 32474640, 32977530
109, 1, 21
3, 73542, 31450806, 31951115
110, 1, 21
2, 132714, 32248646, 32754702
111, 1, 21
1, 57680, 32977530, 33478448
112, 1, 21
3, 64890, 31951115, 32455548
113, 1, 21
2, 111084, 32754702, 33259826
114, 1, 21
1, 49028, 33478448, 34031961
115, 1, 21
2, 25981, 33259826, 33772146
116, 1, 21
1, 21630, 34031961, 34543196
117, 1, 21
2, 33191, 33772146, 34281184
118, 1, 21
1, 34608, 34543196, 35044563
119, 1, 21
2, 36075, 34281184, 34786544
120, 1, 21
1, 37492, 35044563, 35595903
121, 1, 21
2, 41843, 34786544, 35296343
122, 1, 21
3, 31724, 32455548, 34850427
123, 1, 21
1, 53354, 35595903, 36101879
124, 1, 21
2, 191836, 35296343, 35797662
125, 1, 21
3, 164388, 34850427, 35406893
126, 1, 21
1, 57680, 36101879, 36604925
127, 1, 21
2, 158670, 35797662, 36305808
128, 1, 21
3, 96614, 35406893, 35916842
129, 1, 21
1, 34608, 36604925, 37111224
130, 1, 21
2, 168764, 36305808, 36806865
131, 1, 21
3, 171598, 35916842, 36419107
132, 1, 21
1, 54796, 37111224, 37618992
133, 1, 21
2, 232212, 36806865, 37309479
134, 1, 21
3, 167272, 36419107, 36923079
135, 1, 21
1, 57680, 37618992, 38124533
136, 1, 21
2, 210582, 37309479, 37811135
137, 1, 21
3, 145642, 36923079, 37424849
138, 1, 21
1, 56238, 38124533, 38632035
139, 1, 21
2, 203372, 37811135, 38313357
140, 1, 21
1, 57680, 38632035, 39146737
141, 1, 21
2, 87987, 38313357, 38815510
142, 1, 21
1, 49028, 39146737, 39648350
143, 1, 21
2, 47611, 38815510, 39319894
144, 1, 21
1, 44702, 39648350, 40151764
145, 1, 21
2, 49053, 39319894, 39821416
146, 1, 21
1, 57680, 40151764, 40655103
147, 1, 21
2, 59147, 39821416, 40327201
148, 1, 21
1, 54796, 40655103, 41160814
149, 1, 21
3, 136990, 37424849, 40077816
150, 1, 21
2, 111084, 40327201, 40830873
151, 1, 21
1, 38934, 41160814, 41664748
152, 1, 21
3, 134106, 40077816, 40579523
153, 1, 21
2, 180300, 40830873, 41333898
154, 1, 21
1, 59122, 41664748, 42171142
155, 1, 21
3, 160062, 40579523, 41079829
156, 1, 21
2, 222118, 41333898, 41834023
157, 1, 21
1, 59122, 42171142, 42678738
158, 1, 21
3, 165830, 41079829, 41580680
159, 1, 21
2, 194720, 41834023, 42334666
160, 1, 21
1, 53354, 42678738, 43187655
161, 1, 21
3, 136990, 41580680, 42082858
162, 1, 21
2, 216350, 42334666, 42835982
163, 1, 21
1, 59122, 43187655, 43696360
164, 1, 21
3, 164388, 42082858, 42582880
165, 1, 21
2, 219234, 42835982, 43337949
166, 1, 21
1, 53354, 43696360, 44198817
167, 1, 21
3, 155736, 42582880, 43086258
168, 1, 21
2, 147134, 43337949, 43839240
169, 1, 21
1, 47586, 44198817, 44708839
170, 1, 21
2, 47611, 43839240, 44346881
171, 1, 21
1, 51912, 44708839, 45286959
172, 1, 21
2, 41843, 44346881, 44846922
173, 1, 21
1, 43260, 45286959, 45809176
174, 1, 21
2, 36075, 44846922, 45349484
175, 1, 21
1, 34608, 45809176, 46309545
176, 1, 21
2, 41843, 45349484, 45853668
177, 1, 21
1, 57680, 46309545, 46818508
178, 1, 21
2, 56263, 45853668, 46353725
179, 1, 21
1, 57680, 46818508, 47322457
180, 1, 21
2, 59147, 46353725, 46858604
181, 1, 21
1, 59122, 47322457, 47829580
182, 1, 21
2, 59147, 46858604, 47363899
183, 1, 21
1, 60564, 47829580, 48340056
184, 1, 21
2, 57705, 47363899, 47869344
185, 1, 21
1, 47586, 48340056, 48840847
186, 1, 21
2, 47611, 47869344, 48381268
187, 1, 21
1, 40376, 48840847, 49350121
188, 1, 21
2, 41843, 48381268, 48885087
189, 1, 21
1, 47586, 49350121, 49854601
190, 1, 21
2, 43285, 48885087, 49390673
191, 1, 21
1, 33166, 49854601, 50360514
192, 1, 21
2, 37517, 49390673, 49894748
193, 1, 21
1, 43260, 50360514, 50871903
194, 1, 21
2, 41843, 49894748, 50399198
195, 1, 21
1, 51912, 50871903, 51379085
196, 1, 21
2, 53379, 50399198, 50904041
197, 1, 21
1, 59122, 51379085, 51879260
198, 1, 21
2, 60589, 50904041, 51414180
199, 1, 21
1, 60564, 51879260, 52389571
200, 1, 21
2, 60589, 51414180, 51925744
201, 1, 21
1, 59122, 52389571, 52892673
202, 1, 21
2, 59147, 51925744, 52428587
203, 1, 21
1, 59122, 52892673, 53396931
204, 1, 21
2, 59147, 52428587, 52934669
205, 1, 21
1, 59122, 53396931, 53902443
206, 1, 21
3, 1442, 43086258, 52836263
207, 1, 21
2, 73592, 52934669, 53435213
208, 1, 21
1, 59122, 53902443, 54411127
209, 1, 21
3, 165830, 52836263, 53336960
210, 1, 21
2, 223560, 53435213, 53938811
211, 1, 21
1, 60564, 54411127, 54921000
212, 1, 21
3, 177366, 53336960, 53839105
213, 1, 21
2, 240864, 53938811, 54441750
214, 1, 21
1, 60564, 54921000, 55431871
215, 1, 21
3, 186018, 53839105, 54343265
216, 1, 21
2, 242306, 54441750, 54942142
217, 1, 21
1, 60564, 55431871, 55942202
218, 1, 21
3, 171598, 54343265, 54844724
219, 1, 21
2, 232212, 54942142, 55445610
220, 1, 21
1, 57680, 55942202, 56449358
221, 1, 21
3, 174482, 54844724, 55348235
222, 1, 21
2, 232212, 55445610, 55947870
223, 1, 21
1, 60564, 56449358, 56955681
224, 1, 21
3, 174482, 55348235, 55849804
225, 1, 21
2, 233654, 55947870, 56448319
226, 1, 21
1, 60564, 56955681, 57464323
227, 1, 21
3, 171598, 55849804, 56352807
228, 1, 21
2, 230770, 56448319, 56950054
229, 1, 21
1, 60564, 57464323, 57973934
230, 1, 21
3, 167272, 56352807, 56855572
231, 1, 21
2, 226444, 56950054, 57451834
232, 1, 21
1, 59122, 57973934, 58477601
233, 1, 21
3, 164388, 56855572, 57356406
234, 1, 21
2, 225002, 57451834, 57952460
235, 1, 21
1, 60564, 58477601, 58982065
236, 1, 21
2, 220651, 57952460, 58457012
237, 1, 21
1, 56238, 58982065, 59490452
238, 1, 21
2, 54821, 58457012, 58958961
239, 1, 21
1, 54796, 59490452, 59998790
240, 1, 21
2, 54821, 58958961, 59461734
241, 1, 21
1, 56238, 59998790, 60499368
242, 1, 21
2, 56263, 59461734, 59965172
243, 1, 21
1, 50470, 60499368, 61010422
244, 1, 21
2, 50495, 59965172, 60475892
245, 1, 21
1, 57680, 61010422, 61516463
246, 1, 21
2, 57705, 60475892, 60978746
247, 1, 21
1, 59122, 61516463, 62028284
248, 1, 21
2, 59147, 60978746, 61489686
249, 1, 21
1, 57680, 62028284, 62531447
250, 1, 21
2, 57705, 61489686, 61995856
251, 1, 21
1, 53354, 62531447, 63035858
252, 1, 21
2, 53379, 61995856, 62501501
253, 1, 21
1, 53354, 63035858, 63540151
254, 1, 21
2, 53379, 62501501, 63014434
255, 1, 21
1, 53354, 63540151, 64048910
256, 1, 21
2, 53379, 63014434, 63518693
257, 1, 21
1, 54796, 64048910, 64555910
258, 1, 21
2, 56263, 63518693, 64030714
259, 1, 21
1, 54796, 64555910, 65057486
260, 1, 21
2, 54821, 64030714, 64531363
261, 1, 21
1, 57680, 65057486, 65569730
262, 1, 21
2, 56263, 64531363, 65034631
263, 1, 21
1, 56238, 65569730, 66073972
264, 1, 21
2, 56263, 65034631, 65539006
