0, 2, 21
2, 211974, 5595142, 7600579
1, 211974, 6697779, 8702757
1, 2, 21
2, 223510, 7600579, 15726819
1, 223510, 8702757, 16829019
2, 1, 21
2, 240814, 15726819, 17734993
3, 1, 21
1, 224952, 16829019, 18841286
4, 1, 21
3, 275422, 17071720, 19073151
5, 1, 21
2, 510518, 17734993, 19735455
6, 1, 21
1, 213416, 18841286, 20851141
7, 1, 21
4, 261002, 18455999, 20459573
8, 1, 21
3, 266770, 19073151, 21078193
9, 1, 21
2, 716749, 19735455, 21737808
10, 1, 21
1, 207648, 20851141, 22853026
11, 1, 21
4, 262444, 20459573, 22463531
12, 1, 21
2, 595596, 21737808, 23756342
13, 1, 21
1, 200438, 22853026, 24895297
14, 1, 21
4, 249466, 22463531, 24470557
15, 1, 21
2, 473026, 23756342, 25763843
16, 1, 21
1, 214858, 24895297, 26907450
17, 1, 21
4, 292726, 24470557, 26478147
18, 1, 21
3, 145642, 21078193, 28068356
19, 1, 21
2, 800385, 25763843, 28772831
20, 1, 21
4, 276864, 26478147, 28479274
21, 1, 21
1, 454230, 26907450, 30933367
22, 1, 21
3, 266770, 28068356, 30070998
23, 1, 21
2, 765777, 28772831, 30772881
24, 1, 21
3, 295610, 30070998, 32073395
25, 1, 21
2, 560963, 30772881, 32776949
26, 1, 21
1, 431158, 30933367, 34999939
27, 1, 21
2, 240839, 32776949, 34802876
28, 1, 21
3, 115360, 32073395, 35092278
29, 1, 21
1, 164388, 34999939, 37003236
30, 1, 21
2, 464374, 34802876, 36804836
31, 1, 21
3, 576800, 35092278, 37095736
32, 1, 21
1, 203322, 37003236, 39018010
33, 1, 21
2, 820548, 36804836, 38810644
34, 1, 21
1, 204764, 39018010, 41036680
35, 1, 21
2, 204789, 38810644, 40818779
36, 1, 21
3, 305704, 37095736, 40323407
37, 1, 21
2, 787357, 40818779, 42819158
38, 1, 21
3, 595546, 40323407, 42324620
39, 1, 21
2, 553753, 42819158, 44954744
40, 1, 21
1, 523446, 41036680, 46084403
41, 1, 21
2, 193253, 44954744, 46976362
42, 1, 21
1, 191786, 46084403, 48091256
43, 1, 21
1, 207648, 48091256, 50119262
44, 1, 21
1, 173040, 50119262, 52123264
45, 1, 21
1, 236488, 52123264, 54128662
46, 1, 21
3, 323008, 42324620, 53082114
47, 1, 21
2, 863883, 46976362, 54028472
48, 1, 21
3, 695044, 53082114, 55082448
49, 1, 21
2, 934441, 54028472, 56031372
50, 1, 21
2, 917112, 56031372, 58039772
51, 1, 21
2, 447020, 58039772, 60040966
52, 1, 21
1, 1147832, 54128662, 64138728
