0, 2, 21
2, 72100, 5575075, 6321459
1, 72104, 6118852, 6865081
1, 2, 21
2, 144200, 6321459, 7613849
1, 144204, 6865081, 8157376
2, 2, 21
2, 144200, 7613849, 8900261
1, 144204, 8157376, 9443778
3, 2, 21
2, 217742, 8900261, 16962884
1, 217746, 9443778, 17506526
4, 2, 21
2, 82194, 16962884, 17621366
1, 72104, 17506526, 18164710
5, 2, 21
2, 82194, 17621366, 17933262
1, 36054, 18164710, 18476470
6, 2, 21
2, 43260, 17933262, 18093523
1, 18750, 18476470, 18636874
7, 2, 21
2, 23072, 18093523, 18181825
1, 10098, 18636874, 18725173
8, 2, 21
2, 337428, 18181825, 19585284
1, 144204, 18725173, 20128490
9, 2, 21
2, 269654, 19585284, 20250779
1, 72104, 20128490, 20793801
10, 2, 21
2, 134106, 20250779, 20571408
1, 36054, 20793801, 21115118
11, 2, 21
2, 69216, 20571408, 20741354
1, 18750, 21115118, 21283726
12, 2, 21
2, 493164, 20741354, 22188336
1, 144204, 21283726, 22731860
13, 2, 21
2, 220626, 22188336, 22831107
1, 72104, 22731860, 23374554
14, 2, 21
2, 93730, 22831107, 23272409
1, 36054, 23374554, 23815580
15, 2, 21
2, 43260, 23272409, 23444953
1, 18750, 23815580, 23988112
16, 2, 21
2, 14420, 23444953, 23540324
1, 10098, 23988112, 24083705
17, 2, 21
2, 335986, 23540324, 25025292
1, 144204, 24083705, 25567753
18, 2, 21
2, 330218, 25025292, 26245164
1, 144204, 25567753, 26788418
19, 2, 21
2, 162946, 26245164, 26864244
1, 72104, 26788418, 27406901
20, 2, 21
2, 324450, 26864244, 28107314
1, 144204, 27406901, 28650513
21, 2, 21
2, 434042, 28107314, 29411891
1, 144204, 28650513, 29954523
22, 2, 21
2, 261002, 29411891, 30070884
1, 72104, 29954523, 30614152
23, 2, 21
2, 131222, 30070884, 30396479
1, 36054, 30614152, 30939381
24, 2, 21
2, 364826, 30396479, 31633055
1, 144204, 30939381, 32176360
25, 2, 21
2, 162946, 31633055, 32244865
1, 72104, 32176360, 32788243
26, 2, 21
2, 79310, 32244865, 32550669
1, 36054, 32788243, 33094030
27, 2, 21
2, 246582, 32550669, 34411296
1, 144204, 33094030, 34954745
28, 2, 21
2, 72100, 34411296, 35361797
1, 72104, 34954745, 35904877
29, 2, 21
2, 95172, 35361797, 35673844
1, 36054, 35904877, 36217132
30, 2, 21
2, 77868, 35673844, 35843722
1, 18750, 36217132, 36387097
31, 2, 21
2, 41818, 35843722, 35929176
1, 10098, 36387097, 36472478
32, 2, 21
2, 17304, 35929176, 35977612
1, 5772, 36472478, 36520814
33, 2, 21
2, 543634, 35977612, 37465898
1, 144204, 36520814, 38009232
34, 2, 21
2, 262444, 37465898, 38117896
1, 72104, 38009232, 38660643
35, 2, 21
2, 138432, 38117896, 38444740
1, 36054, 38660643, 38988055
36, 2, 21
2, 171598, 38444740, 39895642
1, 144204, 38988055, 40439092
37, 2, 21
2, 72100, 39895642, 40518231
1, 72104, 40439092, 41060938
38, 2, 21
2, 501816, 40518231, 41961538
1, 144204, 41060938, 42504378
39, 2, 21
2, 265328, 41961538, 42632050
1, 72104, 42504378, 43174382
40, 2, 21
2, 135548, 42632050, 42945400
1, 36054, 43174382, 43488000
41, 2, 21
2, 73542, 42945400, 43107884
1, 18750, 43488000, 43650521
42, 2, 21
2, 357616, 43107884, 44519423
1, 144204, 43650521, 45062943
43, 2, 21
2, 72100, 44519423, 45470273
1, 72104, 45062943, 46013806
44, 2, 21
2, 36050, 45470273, 45924485
1, 36054, 46013806, 46466095
45, 2, 21
2, 144200, 45924485, 47183053
1, 144204, 46466095, 47725998
46, 2, 21
2, 72100, 47183053, 47786641
1, 72104, 47725998, 48329355
47, 2, 21
2, 144200, 47786641, 49378440
1, 144204, 48329355, 49921433
48, 2, 21
2, 144200, 49378440, 51045285
1, 144204, 49921433, 51588825
49, 2, 21
2, 144200, 51045285, 52273825
1, 144204, 51588825, 52816001
50, 2, 21
2, 72100, 52273825, 52882704
1, 72104, 52816001, 53426157
51, 2, 21
2, 333102, 52882704, 54120814
1, 144204, 53426157, 54664015
52, 2, 21
2, 292726, 54120814, 54726062
1, 72104, 54664015, 55269460
53, 2, 21
2, 149968, 54726062, 55033205
1, 36054, 55269460, 55576215
54, 2, 21
2, 569590, 55033205, 56266131
1, 144204, 55576215, 56809563
55, 2, 21
2, 556612, 56266131, 57478304
1, 144204, 56809563, 58021654
56, 2, 21
2, 511910, 57478304, 58703408
1, 144204, 58021654, 59246954
57, 2, 21
2, 144200, 58703408, 60011410
1, 144204, 59246954, 60555156
58, 2, 21
2, 72100, 60011410, 60655001
1, 72104, 60555156, 61198724
59, 2, 21
2, 144200, 60655001, 61907170
1, 144204, 61198724, 62450865
60, 2, 21
2, 144200, 61907170, 63275673
1, 144204, 62450865, 63818347
61, 2, 21
2, 144200, 63275673, 64605349
1, 144204, 63818347, 65148282
