0, 2, 21
2, 213416, 5514139, 7528160
1, 213416, 6111265, 8125013
1, 2, 21
2, 222068, 7528160, 15643661
1, 222068, 8125013, 16240464
2, 1, 21
2, 245140, 15643661, 17646143
3, 1, 21
1, 224952, 16240464, 18249060
4, 1, 21
3, 278306, 16941604, 18947430
5, 1, 21
2, 513402, 17646143, 19646177
6, 1, 21
1, 213416, 18249060, 20258440
7, 1, 21
3, 266770, 18947430, 20951694
8, 1, 21
4, 268212, 18376902, 20412305
9, 1, 21
2, 726843, 19646177, 21646985
10, 1, 21
1, 207648, 20258440, 22260300
11, 1, 21
4, 268212, 20412305, 22414494
12, 1, 21
2, 592712, 21646985, 23648415
13, 1, 21
1, 200438, 22260300, 24296343
14, 1, 21
4, 275422, 22414494, 24416429
15, 1, 21
2, 493214, 23648415, 25648953
16, 1, 21
1, 217742, 24296343, 26307755
17, 1, 21
4, 301378, 24416429, 26421873
18, 1, 21
2, 533590, 25648953, 27650714
19, 1, 21
1, 233604, 26307755, 28310978
20, 1, 21
3, 142758, 20951694, 27888352
21, 1, 21
4, 279748, 26421873, 28428622
22, 1, 21
2, 667721, 27650714, 29654952
23, 1, 21
1, 223510, 28310978, 30314224
24, 1, 21
3, 281190, 27888352, 29895707
25, 1, 21
2, 656160, 29654952, 31660082
26, 1, 21
1, 236488, 30314224, 32319065
27, 1, 21
3, 297052, 29895707, 31895847
28, 1, 21
2, 413904, 31660082, 33700736
29, 1, 21
1, 191786, 32319065, 34336494
30, 1, 21
3, 99498, 31895847, 34813298
31, 1, 21
2, 271146, 33700736, 35701294
32, 1, 21
1, 165830, 34336494, 36338942
33, 1, 21
3, 575358, 34813298, 36815536
34, 1, 21
2, 767194, 35701294, 37702918
35, 1, 21
1, 201880, 36338942, 38340397
36, 1, 21
2, 408111, 37702918, 39714617
37, 1, 21
1, 198996, 38340397, 40349527
38, 1, 21
3, 307146, 36815536, 40046910
39, 1, 21
2, 537916, 39714617, 41715628
40, 1, 21
1, 209090, 40349527, 42354199
41, 1, 21
3, 595546, 40046910, 42049757
42, 1, 21
2, 811896, 41715628, 43726527
43, 1, 21
1, 222068, 42354199, 44362772
44, 1, 21
2, 168739, 43726527, 45759192
45, 1, 21
1, 165830, 44362772, 46374776
46, 1, 21
2, 232187, 45759192, 47768271
47, 1, 21
1, 232162, 46374776, 48379531
48, 1, 21
2, 168739, 47768271, 49779800
49, 1, 21
1, 168714, 48379531, 50408742
50, 1, 21
2, 209115, 49779800, 51782810
51, 1, 21
1, 211974, 50408742, 52416639
52, 1, 21
3, 323008, 42049757, 52806937
53, 1, 21
2, 370644, 51782810, 53783230
54, 1, 21
1, 235046, 52416639, 54422027
55, 1, 21
3, 697928, 52806937, 54807453
56, 1, 21
2, 937350, 53783230, 55783374
57, 1, 21
1, 235046, 54422027, 56425579
58, 1, 21
3, 683508, 54807453, 56809191
59, 1, 21
2, 914278, 55783374, 57784404
60, 1, 21
1, 236488, 56425579, 58426474
61, 1, 21
2, 439835, 57784404, 59789932
62, 1, 21
1, 227836, 58426474, 60436605
63, 1, 21
2, 227861, 59789932, 61791399
64, 1, 21
1, 227836, 60436605, 62437695
65, 1, 21
2, 213441, 61791399, 63796179
66, 1, 21
1, 213416, 62437695, 64441778
