0, 2, 21
2, 53354, 5567650, 6069913
1, 53354, 6144975, 6647026
1, 2, 21
2, 47586, 6069913, 6574508
1, 47586, 6647026, 7150741
2, 2, 21
2, 57680, 6574508, 7084206
1, 57680, 7150741, 7661327
3, 2, 21
2, 54796, 7084206, 7594292
1, 54796, 7661327, 8171455
4, 2, 21
2, 56238, 7594292, 8105074
1, 56238, 8171455, 8681604
5, 2, 21
2, 70658, 8105074, 8732498
1, 70658, 8681604, 9309904
6, 2, 21
2, 56238, 8732498, 9242268
1, 56238, 9309904, 9819738
7, 2, 21
2, 38934, 9242268, 15709942
1, 38934, 9819738, 16287126
8, 2, 21
2, 54796, 15709942, 16217144
1, 54796, 16287126, 16793908
9, 2, 21
2, 74984, 16217144, 16854517
1, 74984, 16793908, 17430942
10, 2, 21
2, 96614, 16854517, 17641703
1, 86520, 17430942, 18219138
11, 1, 21
3, 76426, 17038693, 17542420
12, 1, 21
2, 134131, 17641703, 18150028
13, 1, 21
3, 64890, 17542420, 18044612
14, 1, 21
2, 112501, 18150028, 18653223
15, 1, 21
1, 122570, 18219138, 19364310
16, 1, 21
3, 60564, 18044612, 18553579
17, 1, 21
2, 112526, 18653223, 19155937
18, 1, 21
1, 64890, 19364310, 19996512
19, 1, 21
3, 79310, 18553579, 19059788
20, 1, 21
2, 147134, 19155937, 19656338
21, 1, 21
4, 69216, 18460731, 18970633
22, 1, 21
3, 73542, 19059788, 19562734
23, 1, 21
2, 193278, 19656338, 20156786
24, 1, 21
1, 86520, 19996512, 20784027
25, 1, 21
4, 77868, 18970633, 19481889
26, 1, 21
3, 76426, 19562734, 20067850
27, 1, 21
2, 207723, 20156786, 20661310
28, 1, 21
4, 67774, 19481889, 19996441
29, 1, 21
3, 66332, 20067850, 20583020
30, 1, 21
2, 177416, 20661310, 21169063
31, 1, 21
1, 112476, 20784027, 21901835
32, 1, 21
4, 51912, 19996441, 20501380
33, 1, 21
3, 50470, 20583020, 21088471
34, 1, 21
2, 134181, 21169063, 21676154
35, 1, 21
1, 54796, 21901835, 22539224
36, 1, 21
4, 70658, 20501380, 21007275
37, 1, 21
3, 64890, 21088471, 21588700
38, 1, 21
2, 200513, 21676154, 22180582
39, 1, 21
1, 57680, 22539224, 23049213
40, 1, 21
4, 73542, 21007275, 21509930
41, 1, 21
2, 197604, 22180582, 22684655
42, 1, 21
4, 59122, 21509930, 22014091
43, 1, 21
1, 66332, 23049213, 23733501
44, 1, 21
2, 100990, 22684655, 23192122
45, 1, 21
4, 60564, 22014091, 22534443
46, 1, 21
1, 50470, 23733501, 24236061
47, 1, 21
2, 105316, 23192122, 23697480
48, 1, 21
4, 47586, 22534443, 23054959
49, 1, 21
2, 106733, 23697480, 24281054
50, 1, 21
1, 49028, 24236061, 24872700
51, 1, 21
4, 64890, 23054959, 23554960
52, 1, 21
2, 111084, 24281054, 24781760
53, 1, 21
1, 59122, 24872700, 25464951
54, 1, 21
4, 86520, 23554960, 24188171
55, 1, 21
2, 158670, 24781760, 25412331
56, 1, 21
1, 72100, 25464951, 26092456
57, 1, 21
4, 106708, 24188171, 24971115
58, 1, 21
2, 200488, 25412331, 26198447
59, 1, 21
1, 90846, 26092456, 26876137
60, 1, 21
4, 149968, 24971115, 26084388
61, 1, 21
2, 369202, 26198447, 27726519
62, 1, 21
4, 79310, 26084388, 26716667
63, 1, 21
1, 173040, 26876137, 28406466
64, 1, 21
4, 66332, 26716667, 27220354
65, 1, 21
3, 74984, 21588700, 28048514
66, 1, 21
2, 294268, 27726519, 28817848
67, 1, 21
4, 79310, 27220354, 27848994
68, 1, 21
3, 56238, 28048514, 28553616
69, 1, 21
2, 203372, 28817848, 29445610
70, 1, 21
4, 56238, 27848994, 28349361
71, 1, 21
3, 66332, 28553616, 29059235
72, 1, 21
4, 69216, 28349361, 28979017
73, 2, 21
2, 269729, 29445610, 30231691
3, 82194, 29059235, 29689608
74, 1, 21
4, 57680, 28979017, 29488880
75, 1, 21
2, 183159, 30231691, 30732012
76, 1, 21
3, 106708, 29689608, 30482918
77, 1, 21
4, 86520, 29488880, 30117609
78, 1, 21
2, 237980, 30732012, 31331101
79, 1, 21
2, 165830, 31331101, 31834757
80, 1, 21
2, 129780, 31834757, 32335822
81, 1, 21
3, 222068, 30482918, 32011440
82, 1, 21
2, 161529, 32335822, 32962625
83, 1, 21
3, 138432, 32011440, 33145240
84, 1, 21
2, 167297, 32962625, 33751507
85, 1, 21
1, 664762, 28406466, 34599556
86, 1, 21
2, 27423, 33751507, 34297641
87, 1, 21
1, 21630, 34599556, 35112105
88, 1, 21
2, 31749, 34297641, 34808771
89, 1, 21
1, 34608, 35112105, 35617283
90, 1, 21
2, 56263, 34808771, 35595845
91, 1, 21
1, 43260, 35617283, 36244698
92, 1, 21
3, 5768, 33145240, 35242608
93, 1, 21
2, 158670, 35595845, 36100106
94, 1, 21
1, 54796, 36244698, 36748703
95, 1, 21
3, 164388, 35242608, 35806922
96, 1, 21
2, 184626, 36100106, 36602100
97, 1, 21
1, 62006, 36748703, 37379933
98, 1, 21
3, 96614, 35806922, 36323860
99, 1, 21
2, 139924, 36602100, 37105251
100, 1, 21
1, 38934, 37379933, 37886220
101, 1, 21
3, 168714, 36323860, 36824461
102, 1, 21
2, 219234, 37105251, 37606627
103, 1, 21
1, 57680, 37886220, 38391746
104, 1, 21
3, 206206, 36824461, 37453548
105, 1, 21
2, 216350, 37606627, 38108776
106, 1, 21
1, 67774, 38391746, 39024017
107, 1, 21
3, 139874, 37453548, 37956652
108, 1, 21
2, 199046, 38108776, 38612220
109, 1, 21
2, 125454, 38612220, 39120776
110, 1, 21
1, 105266, 39024017, 40004244
111, 1, 21
2, 51937, 39120776, 39625179
112, 1, 21
1, 66332, 40004244, 40745295
113, 1, 21
2, 54821, 39625179, 40256957
114, 1, 21
1, 56238, 40745295, 41250980
115, 1, 21
3, 105266, 37956652, 40526266
116, 1, 21
2, 165880, 40256957, 41234104
117, 1, 21
1, 67774, 41250980, 41879178
118, 1, 21
3, 170156, 40526266, 41156007
119, 1, 21
2, 167322, 41234104, 41735648
120, 1, 21
1, 38934, 41879178, 42382850
121, 1, 21
3, 162946, 41156007, 41658809
122, 1, 21
2, 220676, 41735648, 42240326
123, 1, 21
1, 59122, 42382850, 42891772
124, 1, 21
2, 201905, 42240326, 42749727
125, 1, 21
3, 178808, 41658809, 42285664
126, 1, 21
1, 59122, 42891772, 43404388
127, 1, 21
2, 209140, 42749727, 43252035
128, 1, 21
1, 51912, 43404388, 43905800
129, 1, 21
3, 161504, 42285664, 42788269
130, 1, 21
2, 219234, 43252035, 43755010
131, 1, 21
1, 57680, 43905800, 44409654
132, 1, 21
3, 158620, 42788269, 43293431
133, 1, 21
2, 171648, 43755010, 44380049
134, 1, 21
1, 67774, 44409654, 45047745
135, 1, 21
2, 47611, 44380049, 44890290
136, 1, 21
1, 46144, 45047745, 45550842
137, 1, 21
2, 46169, 44890290, 45416123
138, 1, 21
1, 53354, 45550842, 46194859
139, 1, 21
1, 40376, 46194859, 46734523
140, 1, 21
2, 60614, 45416123, 46198561
141, 1, 21
1, 57680, 46734523, 47338299
142, 1, 21
1, 57680, 47338299, 47845674
143, 1, 21
2, 129830, 46198561, 47431244
144, 1, 21
1, 73542, 47845674, 48479480
145, 1, 21
1, 87962, 48479480, 49260737
146, 1, 21
2, 178858, 47431244, 49062978
147, 1, 21
1, 44702, 49260737, 49771339
148, 1, 21
2, 41843, 49062978, 49577222
149, 1, 21
1, 43260, 49771339, 50274317
150, 2, 21
2, 50495, 49577222, 50204533
1, 40376, 50274317, 50780668
151, 2, 21
2, 41818, 50204533, 50709829
1, 41818, 50780668, 51286217
152, 1, 21
1, 38934, 51286217, 51790970
153, 1, 21
2, 53379, 50709829, 51348455
154, 2, 21
2, 59122, 51348455, 51850821
1, 73542, 51790970, 52427117
155, 2, 21
2, 60564, 51850821, 52358875
1, 60564, 52427117, 52935384
156, 1, 21
2, 73542, 52358875, 52987020
157, 1, 21
1, 92288, 52935384, 53721842
158, 1, 21
3, 86520, 43293431, 53313957
159, 1, 21
2, 152902, 52987020, 53964507
160, 1, 21
3, 165830, 53313957, 53816849
161, 1, 21
1, 142758, 53721842, 54945772
162, 1, 21
2, 219234, 53964507, 54468215
163, 1, 21
2, 242256, 54468215, 54969387
164, 1, 21
3, 220626, 53816849, 54445013
165, 1, 21
2, 223535, 54969387, 55471311
166, 1, 21
3, 256676, 54445013, 55230280
167, 1, 21
2, 224977, 55471311, 55972444
168, 1, 21
2, 224952, 55972444, 56473600
169, 1, 21
2, 229278, 56473600, 56975738
170, 1, 21
3, 509026, 55230280, 56756576
171, 1, 21
2, 275447, 56975738, 57602453
172, 1, 21
2, 418180, 57602453, 58584275
173, 1, 21
2, 295610, 58584275, 59679834
174, 1, 21
2, 69216, 59679834, 60314548
175, 1, 21
2, 87962, 60314548, 61102904
176, 1, 21
2, 174482, 61102904, 62629681
177, 1, 21
1, 1136296, 54945772, 64953559
