0, 2, 21
2, 72100, 5499559, 6247775
1, 72104, 6072786, 6821442
1, 2, 21
2, 144200, 6247775, 7541702
1, 144204, 6821442, 8115335
2, 2, 21
2, 144200, 7541702, 8829957
1, 144204, 8115335, 9403444
3, 2, 21
2, 217742, 8829957, 16897409
1, 217746, 9403444, 17470840
4, 2, 21
2, 79310, 16897409, 17556617
1, 72104, 17470840, 18130022
5, 2, 21
2, 82194, 17556617, 17866895
1, 36054, 18130022, 18440653
6, 2, 21
2, 43260, 17866895, 18028196
1, 18750, 18440653, 18601244
7, 2, 21
2, 21630, 18028196, 18116419
1, 10098, 18601244, 18689368
8, 2, 21
2, 343196, 18116419, 19537817
1, 144204, 18689368, 20110448
9, 2, 21
2, 285516, 19537817, 20247526
1, 72104, 20110448, 20819874
10, 2, 21
2, 144200, 20247526, 20610815
1, 36054, 20819874, 21184079
11, 2, 21
2, 72100, 20610815, 20787820
1, 18750, 21184079, 21360967
12, 2, 21
2, 504700, 20787820, 22273476
1, 144204, 21360967, 22845527
13, 2, 21
2, 191786, 22273476, 22937884
1, 72104, 22845527, 23510142
14, 2, 21
2, 100940, 22937884, 23390665
1, 36054, 23510142, 23962898
15, 2, 21
2, 30282, 23390665, 23566865
1, 18750, 23962898, 24138881
16, 2, 21
2, 17304, 23566865, 23662587
1, 10098, 24138881, 24234383
17, 2, 21
2, 350406, 23662587, 25164661
1, 144204, 24234383, 25736546
18, 2, 21
2, 320124, 25164661, 26384968
1, 144204, 25736546, 26958087
19, 2, 21
2, 161504, 26384968, 27004836
1, 72104, 26958087, 27577433
20, 2, 21
2, 325892, 27004836, 28261614
1, 144204, 27577433, 28834635
21, 2, 21
2, 471534, 28261614, 29584891
1, 144204, 28834635, 30158000
22, 2, 21
2, 263886, 29584891, 30242498
1, 72104, 30158000, 30815787
23, 2, 21
2, 126896, 30242498, 30578065
1, 36054, 30815787, 31151245
24, 2, 21
2, 351848, 30578065, 31812634
1, 144204, 31151245, 32384989
25, 2, 21
2, 161504, 31812634, 32424524
1, 72104, 32384989, 32997213
26, 2, 21
2, 79310, 32424524, 32729125
1, 36054, 32997213, 33302427
27, 2, 21
2, 210532, 32729125, 34591115
1, 144204, 33302427, 35163998
28, 2, 21
2, 103824, 34591115, 35540057
1, 72104, 35163998, 36113162
29, 2, 21
2, 131222, 35540057, 35846967
1, 36054, 36113162, 36420200
30, 2, 21
2, 56238, 35846967, 36017794
1, 18750, 36420200, 36590373
31, 2, 21
2, 27398, 36017794, 36102416
1, 10098, 36590373, 36675816
32, 2, 21
2, 12978, 36102416, 36150810
1, 5772, 36675816, 36724239
33, 2, 21
2, 556612, 36150810, 37637401
1, 144204, 36724239, 38210081
34, 2, 21
2, 259560, 37637401, 38288604
1, 72104, 38210081, 38861978
35, 2, 21
2, 129780, 38288604, 38616857
1, 36054, 38861978, 39189346
36, 2, 21
2, 144200, 38616857, 40068674
1, 144204, 39189346, 40641007
37, 2, 21
2, 72100, 40068674, 40690871
1, 72104, 40641007, 41262928
38, 2, 21
2, 547960, 40690871, 42135108
1, 144204, 41262928, 42707947
39, 2, 21
2, 262444, 42135108, 42804778
1, 72104, 42707947, 43377234
40, 2, 21
2, 138432, 42804778, 43116925
1, 36054, 43377234, 43690091
41, 2, 21
2, 69216, 43116925, 43282149
1, 18750, 43690091, 43850960
42, 2, 21
2, 312914, 43282149, 44678297
1, 144204, 43850960, 45251608
43, 2, 21
2, 72100, 44678297, 45630543
1, 72104, 45251608, 46203533
44, 2, 21
2, 36050, 45630543, 46082582
1, 36054, 46203533, 46655933
45, 2, 21
2, 144200, 46082582, 47344172
1, 144204, 46655933, 47917267
46, 2, 21
2, 72100, 47344172, 47950580
1, 72104, 47917267, 48523544
47, 2, 21
2, 144200, 47950580, 49540968
1, 144204, 48523544, 50113889
48, 2, 21
2, 144200, 49540968, 51207011
1, 144204, 50113889, 51780364
49, 2, 21
2, 144200, 51207011, 52430336
1, 144204, 51780364, 53002899
50, 2, 21
2, 72100, 52430336, 53040768
1, 72104, 53002899, 53613923
51, 2, 21
2, 366268, 53040768, 54279403
1, 144204, 53613923, 54852390
52, 2, 21
2, 284074, 54279403, 54885275
1, 72104, 54852390, 55458192
53, 2, 21
2, 142758, 54885275, 55192537
1, 36054, 55458192, 55765188
54, 2, 21
2, 565264, 55192537, 56426539
1, 144204, 55765188, 56999199
55, 2, 21
2, 550844, 56426539, 57638484
1, 144204, 56999199, 58211541
56, 2, 21
2, 501816, 57638484, 58864044
1, 144204, 58211541, 59437557
57, 2, 21
2, 144200, 58864044, 60172887
1, 144204, 59437557, 60746282
58, 2, 21
2, 72100, 60172887, 60817766
1, 72104, 60746282, 61390747
59, 2, 21
2, 144200, 60817766, 62071433
1, 144204, 61390747, 62645040
60, 2, 21
2, 144200, 62071433, 63435669
1, 144204, 62645040, 64008918
61, 2, 21
2, 144200, 63435669, 64766806
1, 144204, 64008918, 65340244
