0, 2, 21
2, 72100, 5635481, 6381536
1, 72104, 6211754, 6957656
1, 2, 21
2, 144200, 6381536, 7674809
1, 144204, 6957656, 8250663
2, 2, 21
2, 144200, 7674809, 8962207
1, 144204, 8250663, 9538106
3, 2, 21
2, 217742, 8962207, 17026380
1, 217746, 9538106, 17602573
4, 2, 21
2, 82194, 17026380, 17686386
1, 72104, 17602573, 18261536
5, 2, 21
2, 82194, 17686386, 17995537
1, 36054, 18261536, 18571918
6, 2, 21
2, 43260, 17995537, 18156149
1, 18750, 18571918, 18732352
7, 2, 21
2, 23072, 18156149, 18243677
1, 10098, 18732352, 18820067
8, 2, 21
2, 343196, 18243677, 19647222
1, 144204, 18820067, 20223039
9, 2, 21
2, 269654, 19647222, 20311920
1, 72104, 20223039, 20888145
10, 2, 21
2, 132664, 20311920, 20633306
1, 36054, 20888145, 21209622
11, 2, 21
2, 70658, 20633306, 20801659
1, 18750, 21209622, 21378038
12, 2, 21
2, 497490, 20801659, 22251759
1, 144204, 21378038, 22826355
13, 2, 21
2, 213416, 22251759, 22894086
1, 72104, 22826355, 23469360
14, 2, 21
2, 98056, 22894086, 23335027
1, 36054, 23469360, 23910661
15, 2, 21
2, 37492, 23335027, 23514353
1, 18750, 23910661, 24090235
16, 2, 21
2, 15862, 23514353, 23604971
1, 10098, 24090235, 24179096
17, 2, 21
2, 344638, 23604971, 25098840
1, 144204, 24179096, 25674301
18, 2, 21
2, 333102, 25098840, 26344801
1, 144204, 25674301, 26920160
19, 2, 21
2, 164388, 26344801, 26978971
1, 72104, 26920160, 27553731
20, 2, 21
2, 334544, 26978971, 28267637
1, 144204, 27553731, 28841637
21, 2, 21
2, 481628, 28267637, 29659236
1, 144204, 28841637, 30233975
22, 2, 21
2, 272538, 29659236, 30346436
1, 72104, 30233975, 30922309
23, 2, 21
2, 119686, 30346436, 30666585
1, 36054, 30922309, 31242508
24, 2, 21
2, 330218, 30666585, 31922948
1, 144204, 31242508, 32497340
25, 2, 21
2, 161504, 31922948, 32533378
1, 72104, 32497340, 33109539
26, 2, 21
2, 79310, 32533378, 32843569
1, 36054, 33109539, 33419696
27, 2, 21
2, 207648, 32843569, 34710467
1, 144204, 33419696, 35285851
28, 2, 21
2, 124012, 34710467, 35658833
1, 72104, 35285851, 36234837
29, 2, 21
2, 145642, 35658833, 35966496
1, 36054, 36234837, 36541517
30, 2, 21
2, 46144, 35966496, 36136243
1, 18750, 36541517, 36711657
31, 2, 21
2, 31724, 36136243, 36220966
1, 10098, 36711657, 36797042
32, 2, 21
2, 14420, 36220966, 36269425
1, 5772, 36797042, 36845351
33, 2, 21
2, 579684, 36269425, 37755340
1, 144204, 36845351, 38330494
34, 2, 21
2, 262444, 37755340, 38406988
1, 72104, 38330494, 38982278
35, 2, 21
2, 70658, 38406988, 38733333
1, 36054, 38982278, 39309477
36, 2, 21
2, 144200, 38733333, 40184859
1, 144204, 39309477, 40760962
37, 2, 21
2, 98056, 40184859, 40805496
1, 72104, 40760962, 41381620
38, 2, 21
2, 584010, 40805496, 42249554
1, 144204, 41381620, 42825562
39, 2, 21
2, 263886, 42249554, 42919194
1, 72104, 42825562, 43494652
40, 2, 21
2, 136990, 42919194, 43231858
1, 36054, 43494652, 43807145
41, 2, 21
2, 70658, 43231858, 43392233
1, 18750, 43807145, 43967880
42, 2, 21
2, 250908, 43392233, 44791319
1, 144204, 43967880, 45367436
43, 2, 21
2, 72100, 44791319, 45742975
1, 72104, 45367436, 46318973
44, 2, 21
2, 36050, 45742975, 46195338
1, 36054, 46318973, 46771302
45, 2, 21
2, 144200, 46195338, 47455433
1, 144204, 46771302, 48031624
46, 2, 21
2, 72100, 47455433, 48058671
1, 72104, 48031624, 48634684
47, 2, 21
2, 144200, 48058671, 49647960
1, 144204, 48634684, 50224065
48, 2, 21
2, 144200, 49647960, 51314613
1, 144204, 50224065, 51890495
49, 2, 21
2, 144200, 51314613, 52545315
1, 144204, 51890495, 53121179
50, 2, 21
2, 72100, 52545315, 53158148
1, 72104, 53121179, 53734006
51, 2, 21
2, 454230, 53158148, 54410428
1, 144204, 53734006, 54986112
52, 2, 21
2, 297052, 54410428, 55027923
1, 72104, 54986112, 55603014
53, 2, 21
2, 139874, 55027923, 55335411
1, 36054, 55603014, 55910537
54, 2, 21
2, 569590, 55335411, 56569880
1, 144204, 55910537, 57145753
55, 2, 21
2, 546518, 56569880, 57786393
1, 144204, 57145753, 58361960
56, 2, 21
2, 403760, 57786393, 59012440
1, 144204, 58361960, 59588492
57, 2, 21
2, 144200, 59012440, 60323696
1, 144204, 59588492, 60899925
58, 2, 21
2, 72100, 60323696, 60972792
1, 72104, 60899925, 61548923
59, 2, 21
2, 144200, 60972792, 62227922
1, 144204, 61548923, 62803211
60, 2, 21
2, 144200, 62227922, 63590423
1, 144204, 62803211, 64166509
61, 2, 21
2, 144200, 63590423, 64921264
1, 144204, 64166509, 65496752
