0, 1, 21
1, 100940, 6186167, 7186388
1, 1, 21
2, 102407, 5621024, 6624225
2, 1, 21
1, 111034, 7186388, 8191626
3, 1, 21
2, 111059, 6624225, 7628970
4, 1, 21
1, 111034, 8191626, 9195961
5, 1, 21
2, 111059, 7628970, 8633671
6, 1, 21
1, 111034, 9195961, 10201940
7, 2, 21
2, 111059, 8633671, 15757292
1, 1442, 10201940, 16332248
8, 2, 21
2, 113918, 15757292, 16767577
1, 113918, 16332248, 17342706
9, 1, 21
2, 142758, 16767577, 17770634
10, 1, 21
1, 112476, 17342706, 18353808
11, 1, 21
3, 141316, 16985971, 17988221
12, 1, 21
2, 237980, 17770634, 18774403
13, 1, 21
1, 112476, 18353808, 19411798
14, 1, 21
3, 138432, 17988221, 18993568
15, 1, 21
2, 287008, 18774403, 19774761
16, 1, 21
1, 108150, 19411798, 20422437
17, 1, 21
4, 154294, 18421921, 19427885
18, 1, 21
3, 149968, 18993568, 19999912
19, 1, 21
2, 411045, 19774761, 20776393
20, 1, 21
1, 111034, 20422437, 21431618
21, 1, 21
3, 118244, 19999912, 21007818
22, 1, 21
4, 113918, 19427885, 20481459
23, 1, 21
2, 312989, 20776393, 21778268
24, 1, 21
1, 92288, 21431618, 22436297
25, 1, 21
4, 145642, 20481459, 21482176
26, 1, 21
2, 373528, 21778268, 22786501
27, 1, 21
1, 115360, 22436297, 23449259
28, 1, 21
4, 118244, 21482176, 22518736
29, 1, 21
2, 196162, 22786501, 23787607
30, 1, 21
1, 86520, 23449259, 24470538
31, 1, 21
4, 126896, 22518736, 23525322
32, 1, 21
2, 229328, 23787607, 24794630
33, 1, 21
1, 100940, 24470538, 25484297
34, 1, 21
4, 147084, 23525322, 24532206
35, 1, 21
2, 265378, 24794630, 25802361
36, 1, 21
1, 118244, 25484297, 26492320
37, 1, 21
4, 151410, 24532206, 25535029
38, 1, 21
2, 269704, 25802361, 26806328
39, 1, 21
1, 118244, 26492320, 27497613
40, 1, 21
4, 148526, 25535029, 26542874
41, 1, 21
2, 263936, 26806328, 27812440
42, 1, 21
1, 116802, 27497613, 28507832
43, 1, 21
3, 139874, 21007818, 27935623
44, 1, 21
4, 145642, 26542874, 27550682
45, 1, 21
2, 298569, 27812440, 28812657
46, 1, 21
1, 118244, 28507832, 29514699
47, 1, 21
3, 134106, 27935623, 28945805
48, 1, 21
4, 132664, 27550682, 28558815
49, 1, 21
2, 379321, 28812657, 29812835
50, 1, 21
1, 105266, 29514699, 30515813
51, 1, 21
3, 148526, 28945805, 29953135
52, 1, 21
4, 144200, 28558815, 29559852
53, 1, 21
2, 396625, 29812835, 30818180
54, 1, 21
1, 118244, 30515813, 31518606
55, 1, 21
3, 149968, 29953135, 30961382
56, 1, 21
2, 266820, 30818180, 31820892
57, 1, 21
1, 118244, 31518606, 32518809
58, 1, 21
3, 148526, 30961382, 31964059
59, 1, 21
2, 262494, 31820892, 32822547
60, 1, 21
1, 118244, 32518809, 33527560
61, 1, 21
2, 137015, 32822547, 33850250
62, 1, 21
1, 72100, 33527560, 34565207
63, 1, 21
2, 66357, 33850250, 34852728
64, 1, 21
1, 69216, 34565207, 35566439
65, 1, 21
3, 96614, 31964059, 34863888
66, 1, 21
2, 236538, 34852728, 35853662
67, 1, 21
1, 102382, 35566439, 36575372
68, 1, 21
3, 250908, 34863888, 35865382
69, 1, 21
2, 323058, 35853662, 36854498
70, 1, 21
1, 87962, 36575372, 37580509
71, 1, 21
3, 325892, 35865382, 36867627
72, 1, 21
2, 442744, 36854498, 37855630
73, 1, 21
1, 113918, 37580509, 38587564
74, 1, 21
3, 302820, 36867627, 37869828
75, 1, 21
2, 289892, 37855630, 38856408
76, 1, 21
1, 109592, 38587564, 39595759
77, 1, 21
2, 96639, 38856408, 39866719
78, 1, 21
1, 98056, 39595759, 40604582
79, 1, 21
3, 2884, 37869828, 40095230
80, 1, 21
2, 167322, 39866719, 40868395
81, 1, 21
1, 102382, 40604582, 41615174
82, 1, 21
3, 294168, 40095230, 41098542
83, 1, 21
2, 400926, 40868395, 41871318
84, 1, 21
1, 108150, 41615174, 42617143
85, 1, 21
3, 301378, 41098542, 42098958
86, 1, 21
2, 412462, 41871318, 42874158
87, 1, 21
1, 111034, 42617143, 43621268
88, 1, 21
3, 318682, 42098958, 43099494
89, 1, 21
2, 369202, 42874158, 43878030
90, 1, 21
1, 106708, 43621268, 44627845
91, 1, 21
2, 89429, 43878030, 44888033
92, 1, 21
1, 87962, 44627845, 45640168
93, 1, 21
2, 77893, 44888033, 45901080
94, 1, 21
1, 82194, 45640168, 46644021
95, 1, 21
2, 115385, 45901080, 46910418
96, 1, 21
1, 115360, 46644021, 47644252
97, 1, 21
2, 118269, 46910418, 47915839
98, 1, 21
1, 113918, 47644252, 48649525
99, 1, 21
2, 87987, 47915839, 48927384
100, 1, 21
1, 87962, 48649525, 49653826
101, 1, 21
2, 80777, 48927384, 49939826
102, 1, 21
1, 80752, 49653826, 50654695
103, 1, 21
2, 93755, 49939826, 50944668
104, 1, 21
1, 95172, 50654695, 51656523
105, 1, 21
2, 119711, 50944668, 51956430
106, 1, 21
1, 119686, 51656523, 52665465
107, 1, 21
2, 118269, 51956430, 52963023
108, 1, 21
1, 118244, 52665465, 53675386
109, 1, 21
3, 4326, 43099494, 52857456
110, 1, 21
2, 288450, 52963023, 53964123
111, 1, 21
1, 118244, 53675386, 54686924
112, 1, 21
3, 341754, 52857456, 53857998
113, 1, 21
2, 483120, 53964123, 54966612
114, 1, 21
1, 119686, 54686924, 55693940
115, 1, 21
3, 356174, 53857998, 54860170
116, 1, 21
2, 461490, 54966612, 55968171
117, 1, 21
1, 116802, 55693940, 56700350
118, 1, 21
3, 347522, 54860170, 55862549
119, 1, 21
2, 462932, 55968171, 56970780
120, 1, 21
1, 119686, 56700350, 57704081
121, 1, 21
3, 337428, 55862549, 56864880
122, 1, 21
2, 447070, 56970780, 57972222
123, 1, 21
1, 118244, 57704081, 58705167
124, 1, 21
3, 340312, 56864880, 57866400
125, 1, 21
2, 289892, 57972222, 58972602
126, 1, 21
1, 113918, 58705167, 59706198
127, 1, 21
2, 111059, 58972602, 59976465
128, 1, 21
1, 111034, 59706198, 60709565
129, 1, 21
2, 113943, 59976465, 60987228
130, 1, 21
1, 115360, 60709565, 61720807
131, 1, 21
2, 115385, 60987228, 61990900
132, 1, 21
1, 115360, 61720807, 62734948
133, 1, 21
2, 106733, 61990900, 62998656
134, 1, 21
1, 105266, 62734948, 63741315
135, 1, 21
2, 106733, 62998656, 64003293
136, 1, 21
1, 108150, 63741315, 64745153
137, 1, 21
2, 111059, 64003293, 65005533
138, 1, 21
1, 111034, 64745153, 65750113
