0, 2, 21
2, 102382, 5664217, 6674476
1, 102382, 6230689, 7240388
1, 2, 21
2, 111034, 6674476, 7675607
1, 111034, 7240388, 8241572
2, 2, 21
2, 112476, 7675607, 8688330
1, 112476, 8241572, 9254525
3, 2, 21
2, 109592, 8688330, 15789862
1, 109592, 9254525, 16355727
4, 2, 21
2, 113918, 15789862, 16798773
1, 113918, 16355727, 17364938
5, 1, 21
2, 134106, 16798773, 17803219
6, 1, 21
1, 112476, 17364938, 18374552
7, 1, 21
3, 139874, 17075283, 18075706
8, 1, 21
2, 237980, 17803219, 18817476
9, 1, 21
1, 129780, 18374552, 19624652
10, 1, 21
3, 134106, 18075706, 19081397
11, 1, 21
2, 279798, 18817476, 19818911
12, 1, 21
1, 112476, 19624652, 20632316
13, 1, 21
4, 154294, 18494786, 19500334
14, 1, 21
3, 149968, 19081397, 20088037
15, 1, 21
2, 411045, 19818911, 20822868
16, 1, 21
1, 109592, 20632316, 21634234
17, 1, 21
3, 118244, 20088037, 21095229
18, 1, 21
4, 113918, 19500334, 20533900
19, 1, 21
2, 314431, 20822868, 21824800
20, 1, 21
1, 89404, 21634234, 22641068
21, 1, 21
3, 139874, 21095229, 22095643
22, 1, 21
4, 151410, 20533900, 21538850
23, 1, 21
2, 385089, 21824800, 22830200
24, 1, 21
1, 111034, 22641068, 23651036
25, 1, 21
4, 118244, 21538850, 22548252
26, 1, 21
2, 204814, 22830200, 23831521
27, 1, 21
1, 83636, 23651036, 24653638
28, 1, 21
4, 128338, 22548252, 23552348
29, 1, 21
2, 226444, 23831521, 24834876
30, 1, 21
1, 103824, 24653638, 25659495
31, 1, 21
4, 148526, 23552348, 24559255
32, 1, 21
2, 263936, 24834876, 25836823
33, 1, 21
1, 116802, 25659495, 26664894
34, 1, 21
4, 154294, 24559255, 25565062
35, 1, 21
2, 334594, 25836823, 27092679
36, 1, 21
1, 144200, 26664894, 27916981
37, 1, 21
4, 148526, 25565062, 26573563
38, 1, 21
3, 5768, 22095643, 28059977
39, 1, 21
2, 415371, 27092679, 28659542
40, 1, 21
4, 144200, 26573563, 27575919
41, 1, 21
1, 184576, 27916981, 29490616
42, 1, 21
3, 134106, 28059977, 29072644
43, 1, 21
2, 366343, 28659542, 29662742
44, 1, 21
4, 125454, 27575919, 28581488
45, 1, 21
1, 106708, 29490616, 30503138
46, 1, 21
3, 148526, 29072644, 30082307
47, 1, 21
2, 402393, 29662742, 30665698
48, 1, 21
4, 144200, 28581488, 29584329
49, 1, 21
1, 142758, 30503138, 31761110
50, 1, 21
3, 147084, 30082307, 31083723
51, 1, 21
2, 331735, 30665698, 31870756
52, 1, 21
1, 186018, 31761110, 33336073
53, 1, 21
3, 183134, 31083723, 32345437
54, 1, 21
2, 323058, 31870756, 33124434
55, 1, 21
1, 99498, 33336073, 34556650
56, 1, 21
2, 109617, 33124434, 34130064
57, 1, 21
1, 66332, 34556650, 35559435
58, 1, 21
2, 69241, 34130064, 35130716
59, 1, 21
3, 64890, 32345437, 35006675
60, 1, 21
1, 98056, 35559435, 36560036
61, 1, 21
2, 266820, 35130716, 36139041
62, 1, 21
3, 250908, 35006675, 36007572
63, 1, 21
2, 351873, 36139041, 37139795
64, 1, 21
1, 118244, 36560036, 37819883
65, 1, 21
3, 325892, 36007572, 37008559
66, 1, 21
2, 429766, 37139795, 38140260
67, 1, 21
1, 113918, 37819883, 38830995
68, 1, 21
3, 302820, 37008559, 38009604
69, 1, 21
2, 246632, 38140260, 39147313
70, 1, 21
1, 131222, 38830995, 40106675
71, 1, 21
2, 98081, 39147313, 40156167
72, 1, 21
1, 108150, 40106675, 41115749
73, 1, 21
3, 2884, 38009604, 40235110
74, 1, 21
2, 190394, 40156167, 41160168
75, 1, 21
1, 122570, 41115749, 42373823
76, 1, 21
3, 294168, 40235110, 41237447
77, 1, 21
2, 429766, 41160168, 42161546
78, 1, 21
3, 385014, 41237447, 42490250
79, 1, 21
2, 523471, 42161546, 43411913
80, 1, 21
1, 219184, 42373823, 44329336
81, 1, 21
2, 224977, 43411913, 44423037
82, 1, 21
1, 118244, 44329336, 45619621
83, 1, 21
2, 87987, 44423037, 45444824
84, 1, 21
1, 77868, 45619621, 46630107
85, 1, 21
2, 118269, 45444824, 46702354
86, 1, 21
1, 115360, 46630107, 47639108
87, 1, 21
2, 118269, 46702354, 47710238
88, 1, 21
1, 142758, 47639108, 48896663
89, 1, 21
2, 116827, 47710238, 48963064
90, 1, 21
1, 86520, 48896663, 49900005
91, 1, 21
1, 98056, 49900005, 51156002
92, 1, 21
2, 167322, 48963064, 50923729
93, 1, 21
1, 111034, 51156002, 52160878
94, 1, 21
1, 118244, 52160878, 53162358
95, 1, 21
3, 239372, 42490250, 52994653
96, 1, 21
1, 147084, 53162358, 54422467
97, 1, 21
2, 548060, 50923729, 54101811
98, 1, 21
3, 343196, 52994653, 53998478
99, 1, 21
2, 481653, 54101811, 55103631
100, 1, 21
1, 230720, 54422467, 56376961
101, 1, 21
3, 441252, 53998478, 55250419
102, 1, 21
2, 460048, 55103631, 56104723
103, 1, 21
2, 576800, 56104723, 57359129
104, 1, 21
3, 534982, 55250419, 56813005
105, 1, 21
2, 455697, 57359129, 58360818
106, 1, 21
2, 196112, 58360818, 59367184
107, 1, 21
2, 111034, 59367184, 60373763
108, 1, 21
2, 144200, 60373763, 61634375
109, 1, 21
2, 210532, 61634375, 63588113
110, 1, 21
1, 1127644, 56376961, 66385949
