0, 2, 21
2, 72100, 5614944, 6364110
1, 72104, 6182733, 6931840
1, 2, 21
2, 144200, 6364110, 7661004
1, 144204, 6931840, 8228348
2, 2, 21
2, 144200, 7661004, 8947614
1, 144204, 8228348, 9514865
3, 2, 21
2, 217742, 8947614, 17008336
1, 217746, 9514865, 17575936
4, 2, 21
2, 80752, 17008336, 17665379
1, 72104, 17575936, 18233106
5, 2, 21
2, 82194, 17665379, 17976466
1, 36054, 18233106, 18543799
6, 2, 21
2, 43260, 17976466, 18138452
1, 18750, 18543799, 18705667
7, 2, 21
2, 21630, 18138452, 18226216
1, 10098, 18705667, 18793382
8, 2, 21
2, 337428, 18226216, 19634275
1, 144204, 18793382, 20201954
9, 2, 21
2, 269654, 19634275, 20299503
1, 72104, 20201954, 20866953
10, 2, 21
2, 134106, 20299503, 20620788
1, 36054, 20866953, 21188214
11, 2, 21
2, 70658, 20620788, 20791012
1, 18750, 21188214, 21358616
12, 2, 21
2, 497490, 20791012, 22250214
1, 144204, 21358616, 22817931
13, 2, 21
2, 219184, 22250214, 22911918
1, 72104, 22817931, 23479561
14, 2, 21
2, 98056, 22911918, 23361765
1, 36054, 23479561, 23929434
15, 2, 21
2, 38934, 23361765, 23535397
1, 18750, 23929434, 24103098
16, 2, 21
2, 14420, 23535397, 23630957
1, 10098, 24103098, 24198648
17, 2, 21
2, 343196, 23630957, 25115370
1, 144204, 24198648, 25682776
18, 2, 21
2, 330218, 25115370, 26336343
1, 144204, 25682776, 26903783
19, 2, 21
2, 162946, 26336343, 26955345
1, 72104, 26903783, 27521943
20, 2, 21
2, 328776, 26955345, 28198267
1, 144204, 27521943, 28765573
21, 2, 21
2, 444136, 28198267, 29503556
1, 144204, 28765573, 30070921
22, 2, 21
2, 258118, 29503556, 30146127
1, 72104, 30070921, 30712204
23, 2, 21
2, 125454, 30146127, 30458678
1, 36054, 30712204, 31025943
24, 2, 21
2, 348964, 30458678, 31675745
1, 144204, 31025943, 32243283
25, 2, 21
2, 162946, 31675745, 32287639
1, 72104, 32243283, 32855143
26, 2, 21
2, 80752, 32287639, 32593283
1, 36054, 32855143, 33160780
27, 2, 21
2, 245140, 32593283, 34453480
1, 144204, 33160780, 35020687
28, 2, 21
2, 72100, 34453480, 35401739
1, 72104, 35020687, 35969307
29, 2, 21
2, 96614, 35401739, 35708528
1, 36054, 35969307, 36275906
30, 2, 21
2, 80752, 35708528, 35884525
1, 18750, 36275906, 36451874
31, 2, 21
2, 38934, 35884525, 35964821
1, 10098, 36451874, 36531343
32, 2, 21
2, 15862, 35964821, 36013344
1, 5772, 36531343, 36579669
33, 2, 21
2, 547960, 36013344, 37497413
1, 144204, 36579669, 38064834
34, 2, 21
2, 262444, 37497413, 38148973
1, 72104, 38064834, 38716297
35, 2, 21
2, 138432, 38148973, 38475859
1, 36054, 38716297, 39043345
36, 2, 21
2, 161504, 38475859, 39925873
1, 144204, 39043345, 40493275
37, 2, 21
2, 72100, 39925873, 40547683
1, 72104, 40493275, 41114529
38, 2, 21
2, 519120, 40547683, 41990715
1, 144204, 41114529, 42558129
39, 2, 21
2, 262444, 41990715, 42659969
1, 72104, 42558129, 43226753
40, 2, 21
2, 136990, 42659969, 42972711
1, 36054, 43226753, 43539217
41, 2, 21
2, 72100, 42972711, 43133570
1, 18750, 43539217, 43699901
42, 2, 21
2, 341754, 43133570, 44531355
1, 144204, 43699901, 45098943
43, 2, 21
2, 72100, 44531355, 45482483
1, 72104, 45098943, 46050014
44, 2, 21
2, 36050, 45482483, 45934581
1, 36054, 46050014, 46502156
45, 2, 21
2, 144200, 45934581, 47195199
1, 144204, 46502156, 47762029
46, 2, 21
2, 72100, 47195199, 47798255
1, 72104, 47762029, 48364965
47, 2, 21
2, 144200, 47798255, 49386258
1, 144204, 48364965, 49953799
48, 2, 21
2, 144200, 49386258, 51051241
1, 144204, 49953799, 51618052
49, 2, 21
2, 144200, 51051241, 52270122
1, 144204, 51618052, 52837684
50, 2, 21
2, 72100, 52270122, 52880514
1, 72104, 52837684, 53448015
51, 2, 21
2, 341754, 52880514, 54118615
1, 144204, 53448015, 54685145
52, 2, 21
2, 294168, 54118615, 54722668
1, 72104, 54685145, 55289984
53, 2, 21
2, 148526, 54722668, 55029012
1, 36054, 55289984, 55596304
54, 2, 21
2, 571032, 55029012, 56262035
1, 144204, 55596304, 56829449
55, 2, 21
2, 556612, 56262035, 57474269
1, 144204, 56829449, 58041378
56, 2, 21
2, 501816, 57474269, 58699285
1, 144204, 58041378, 59266889
57, 2, 21
2, 144200, 58699285, 60006722
1, 144204, 59266889, 60574482
58, 2, 21
2, 72100, 60006722, 60650778
1, 72104, 60574482, 61218036
59, 2, 21
2, 144200, 60650778, 61902333
1, 144204, 61218036, 62470092
60, 2, 21
2, 144200, 61902333, 63264472
1, 144204, 62470092, 63832162
61, 2, 21
2, 144200, 63264472, 64593850
1, 144204, 63832162, 65161603
