0, 2, 21
2, 102382, 5593766, 6603941
1, 102382, 6181706, 7191675
1, 2, 21
2, 111034, 6603941, 7604855
1, 111034, 7191675, 8192430
2, 2, 21
2, 112476, 7604855, 8617708
1, 112476, 8192430, 9205331
3, 2, 21
2, 109592, 8617708, 15719099
1, 109592, 9205331, 16306500
4, 2, 21
2, 113918, 15719099, 16728230
1, 113918, 16306500, 17315767
5, 1, 21
2, 134106, 16728230, 17733793
6, 1, 21
1, 112476, 17315767, 18325428
7, 1, 21
3, 142758, 17012557, 18081637
8, 1, 21
2, 239422, 17733793, 18738833
9, 1, 21
1, 112476, 18325428, 19386607
10, 1, 21
3, 148526, 18081637, 19090401
11, 1, 21
2, 276914, 18738833, 19749432
12, 1, 21
1, 108150, 19386607, 20398474
13, 1, 21
4, 152852, 18460806, 19467166
14, 1, 21
3, 148526, 19090401, 20093549
15, 1, 21
2, 409603, 19749432, 20752929
16, 1, 21
1, 111034, 20398474, 21409884
17, 1, 21
4, 115360, 19467166, 20506404
18, 1, 21
3, 109592, 20093549, 21095942
19, 1, 21
2, 315873, 20752929, 21755546
20, 1, 21
1, 92288, 21409884, 22416551
21, 1, 21
4, 151410, 20506404, 21510983
22, 1, 21
2, 385064, 21755546, 22756530
23, 1, 21
1, 113918, 22416551, 23418249
24, 1, 21
4, 118244, 21510983, 22519826
25, 1, 21
2, 201930, 22756530, 23765973
26, 1, 21
1, 86520, 23418249, 24423589
27, 1, 21
4, 128338, 22519826, 23523366
28, 1, 21
2, 232212, 23765973, 24767695
29, 1, 21
1, 100940, 24423589, 25429670
30, 1, 21
4, 148526, 23523366, 24528653
31, 1, 21
2, 265378, 24767695, 25767935
32, 1, 21
1, 116802, 25429670, 26429936
33, 1, 21
4, 154294, 24528653, 25534477
34, 1, 21
2, 269704, 25767935, 26769678
35, 1, 21
1, 118244, 26429936, 27435850
36, 1, 21
4, 148526, 25534477, 26541796
37, 1, 21
2, 263936, 26769678, 27777238
38, 1, 21
1, 115360, 27435850, 28437022
39, 1, 21
3, 138432, 21095942, 27951384
40, 1, 21
4, 144200, 26541796, 27543484
41, 1, 21
2, 295685, 27777238, 28780874
42, 1, 21
1, 118244, 28437022, 29441977
43, 1, 21
3, 134106, 27951384, 28961300
44, 1, 21
4, 135548, 27543484, 28549787
45, 1, 21
2, 382205, 28780874, 29785763
46, 1, 21
1, 106708, 29441977, 30452988
47, 1, 21
3, 148526, 28961300, 29968353
48, 1, 21
2, 387948, 29785763, 30791579
49, 1, 21
1, 118244, 30452988, 31456665
50, 1, 21
3, 149968, 29968353, 30975778
51, 1, 21
2, 266820, 30791579, 31795346
52, 1, 21
1, 118244, 31456665, 32456803
53, 1, 21
3, 147084, 30975778, 31978351
54, 1, 21
2, 263936, 31795346, 32795756
55, 1, 21
1, 118244, 32456803, 33457735
56, 1, 21
2, 138457, 32795756, 33799844
57, 1, 21
1, 72100, 33457735, 34463841
58, 1, 21
2, 66357, 33799844, 34802125
59, 1, 21
1, 67774, 34463841, 35487290
60, 1, 21
3, 98056, 31978351, 34887106
61, 1, 21
2, 212024, 34802125, 35804437
62, 1, 21
1, 100940, 35487290, 36490107
63, 1, 21
3, 250908, 34887106, 35888758
64, 1, 21
2, 323058, 35804437, 36807704
65, 1, 21
1, 87962, 36490107, 37497591
66, 1, 21
3, 325892, 35888758, 36889776
67, 1, 21
2, 444186, 36807704, 37809049
68, 1, 21
1, 113918, 37497591, 38502802
69, 1, 21
3, 302820, 36889776, 37890997
70, 1, 21
2, 312964, 37809049, 38823329
71, 1, 21
1, 109592, 38502802, 39504098
72, 1, 21
2, 96639, 38823329, 39829944
73, 1, 21
1, 96614, 39504098, 40507865
74, 1, 21
3, 2884, 37890997, 40116371
75, 1, 21
2, 148576, 39829944, 40831343
76, 1, 21
1, 102382, 40507865, 41511978
77, 1, 21
3, 291284, 40116371, 41118956
78, 1, 21
2, 398042, 40831343, 41834963
79, 1, 21
1, 106708, 41511978, 42513609
80, 1, 21
3, 298494, 41118956, 42121585
81, 1, 21
2, 398042, 41834963, 42835125
82, 1, 21
1, 109592, 42513609, 43525230
83, 1, 21
3, 307146, 42121585, 43124207
84, 1, 21
2, 402368, 42835125, 43844407
85, 1, 21
1, 109592, 43525230, 44528286
86, 1, 21
2, 90871, 43844407, 44867473
87, 1, 21
1, 89404, 44528286, 45537217
88, 1, 21
2, 77893, 44867473, 45879708
89, 1, 21
1, 77868, 45537217, 46544287
90, 1, 21
2, 115385, 45879708, 46888577
91, 1, 21
1, 115360, 46544287, 47549462
92, 1, 21
2, 118269, 46888577, 47893899
93, 1, 21
1, 116802, 47549462, 48560562
94, 1, 21
2, 87987, 47893899, 48904581
95, 1, 21
1, 89404, 48560562, 49576770
96, 1, 21
2, 80777, 48904581, 49916641
97, 1, 21
1, 80752, 49576770, 50586752
98, 1, 21
2, 93755, 49916641, 50921241
99, 1, 21
1, 95172, 50586752, 51595999
100, 1, 21
2, 119711, 50921241, 51932713
101, 1, 21
1, 119686, 51595999, 52606077
102, 1, 21
2, 118269, 51932713, 52939382
103, 1, 21
1, 118244, 52606077, 53613078
104, 1, 21
3, 21630, 43124207, 52933292
105, 1, 21
2, 258168, 52939382, 53940245
106, 1, 21
1, 116802, 53613078, 54613471
107, 1, 21
3, 340312, 52933292, 53934711
108, 1, 21
2, 474468, 53940245, 54942286
109, 1, 21
1, 119686, 54613471, 55622985
110, 1, 21
3, 354732, 53934711, 54935746
111, 1, 21
2, 458606, 54942286, 55943631
112, 1, 21
1, 116802, 55622985, 56628529
113, 1, 21
3, 343196, 54935746, 55936259
114, 1, 21
2, 462932, 55943631, 56947268
115, 1, 21
1, 119686, 56628529, 57632012
116, 1, 21
3, 334544, 55936259, 56942451
117, 1, 21
2, 448512, 56947268, 57949459
118, 1, 21
1, 118244, 57632012, 58632645
119, 1, 21
3, 337428, 56942451, 57945142
120, 1, 21
2, 333152, 57949459, 58960211
121, 1, 21
1, 115360, 58632645, 59638345
122, 1, 21
2, 111059, 58960211, 59963196
123, 1, 21
1, 111034, 59638345, 60646461
124, 1, 21
2, 113943, 59963196, 60973460
125, 1, 21
1, 113918, 60646461, 61646677
126, 1, 21
2, 115385, 60973460, 61976879
127, 1, 21
1, 115360, 61646677, 62652593
128, 1, 21
2, 106733, 61976879, 62983986
129, 1, 21
1, 105266, 62652593, 63658651
130, 1, 21
2, 106733, 62983986, 63988193
131, 1, 21
1, 108150, 63658651, 64663226
132, 1, 21
2, 112501, 63988193, 64998397
133, 1, 21
1, 111034, 64663226, 65667112
