0, 2, 21
2, 27398, 5614635, 5869576
1, 27398, 6181517, 6436277
1, 2, 21
2, 28840, 5869576, 6187921
1, 28840, 6436277, 6754804
2, 2, 21
2, 25956, 6187921, 6449305
1, 25956, 6754804, 7015885
3, 2, 21
2, 28840, 6449305, 6701190
1, 28840, 7015885, 7268606
4, 2, 21
2, 36050, 6701190, 7020556
1, 36050, 7268606, 7587967
5, 2, 21
2, 43260, 7020556, 7415354
1, 43260, 7587967, 7982421
6, 2, 21
2, 27398, 7415354, 7667579
1, 27398, 7982421, 8233956
7, 1, 21
2, 27398, 7667579, 7918549
8, 1, 21
1, 43260, 8233956, 8625614
9, 1, 21
2, 28865, 7918549, 8175419
10, 1, 21
2, 44702, 8175419, 8575659
11, 1, 21
1, 69216, 8625614, 9244273
12, 1, 21
2, 69241, 8575659, 9192200
13, 2, 21
2, 47586, 9192200, 15742103
1, 105266, 9244273, 16309051
14, 2, 21
2, 27398, 15742103, 15999184
1, 27398, 16309051, 16566161
15, 2, 21
2, 36050, 15999184, 16321892
1, 36050, 16566161, 16889160
16, 2, 21
2, 46144, 16321892, 16715033
1, 46144, 16889160, 17282410
17, 2, 21
2, 85078, 16715033, 17482241
1, 85078, 17282410, 18049392
18, 1, 21
2, 62006, 17482241, 17790483
19, 1, 21
1, 36050, 18049392, 18366194
20, 1, 21
3, 40376, 17046818, 17305441
21, 1, 21
2, 67824, 17790483, 18046114
22, 1, 21
1, 37492, 18366194, 18688711
23, 1, 21
3, 38934, 17305441, 17562590
24, 1, 21
2, 82244, 18046114, 18360132
25, 1, 21
3, 36050, 17562590, 17820187
26, 1, 21
1, 46144, 18688711, 19083562
27, 1, 21
2, 59172, 18360132, 18618661
28, 1, 21
3, 27398, 17820187, 18116371
29, 1, 21
1, 25956, 19083562, 19406884
30, 1, 21
2, 38984, 18618661, 18876549
31, 1, 21
3, 30282, 18116371, 18372770
32, 1, 21
1, 24514, 19406884, 19661549
33, 1, 21
2, 64940, 18876549, 19128155
34, 1, 21
3, 40376, 18372770, 18631065
35, 1, 21
2, 67799, 19128155, 19389370
36, 1, 21
1, 34608, 19661549, 19988274
37, 1, 21
3, 38934, 18631065, 18881094
38, 1, 21
2, 98106, 19389370, 19703530
39, 1, 21
3, 40376, 18881094, 19137997
40, 1, 21
1, 44702, 19988274, 20381488
41, 1, 21
4, 40376, 18498849, 18756956
42, 1, 21
2, 103899, 19703530, 19956082
43, 1, 21
3, 38934, 19137997, 19396815
44, 1, 21
4, 36050, 18756956, 19013000
45, 1, 21
2, 125504, 19956082, 20271549
46, 1, 21
3, 44702, 19396815, 19712753
47, 1, 21
1, 60564, 20381488, 20941206
48, 1, 21
4, 40376, 19013000, 19268970
49, 1, 21
1, 28840, 20941206, 21197538
50, 1, 21
4, 38934, 19268970, 19521333
51, 1, 21
3, 60564, 19712753, 20112473
52, 1, 21
2, 204914, 20271549, 20766913
53, 1, 21
4, 37492, 19521333, 19772971
54, 1, 21
1, 36050, 21197538, 21515692
55, 1, 21
2, 125504, 20766913, 21113531
56, 1, 21
4, 25956, 19772971, 20023521
57, 1, 21
3, 69216, 20112473, 20673904
58, 1, 21
1, 38934, 21515692, 21915044
59, 1, 21
2, 63523, 21113531, 21365527
60, 1, 21
4, 18746, 20023521, 20287352
61, 1, 21
3, 18746, 20673904, 20924377
62, 1, 21
1, 17304, 21915044, 22167207
63, 1, 21
2, 79385, 21365527, 21619862
64, 1, 21
4, 30282, 20287352, 20547718
65, 1, 21
3, 31724, 20924377, 21183221
66, 1, 21
1, 24514, 22167207, 22422636
67, 1, 21
2, 83711, 21619862, 21869870
68, 1, 21
4, 38934, 20547718, 20806168
69, 1, 21
3, 38934, 21183221, 21441464
70, 1, 21
1, 30282, 22422636, 22681021
71, 1, 21
2, 103899, 21869870, 22125206
72, 1, 21
4, 43260, 20806168, 21124093
73, 1, 21
3, 44702, 21441464, 21760474
74, 1, 21
1, 28840, 22681021, 22935033
75, 1, 21
2, 122645, 22125206, 22437967
76, 1, 21
4, 51912, 21124093, 21516941
77, 1, 21
1, 44702, 22935033, 23336096
78, 1, 21
2, 126946, 22437967, 22830661
79, 1, 21
2, 46144, 22830661, 23083808
80, 1, 21
1, 36050, 23336096, 23754951
81, 1, 21
4, 73542, 21516941, 22133255
82, 1, 21
2, 56288, 23083808, 23335654
83, 1, 21
1, 25956, 23754951, 24009288
84, 1, 21
4, 40376, 22133255, 22409467
85, 1, 21
2, 63498, 23335654, 23588029
86, 1, 21
4, 21630, 22409467, 22660537
87, 1, 21
1, 30282, 24009288, 24378452
88, 1, 21
2, 44752, 23588029, 23893807
89, 1, 21
4, 28840, 22660537, 22921334
90, 1, 21
1, 24514, 24378452, 24652157
91, 1, 21
2, 53404, 23893807, 24155165
92, 1, 21
1, 23072, 24652157, 24913376
93, 1, 21
4, 36050, 22921334, 23236272
94, 1, 21
2, 57730, 24155165, 24406032
95, 1, 21
1, 30282, 24913376, 25171816
96, 1, 21
4, 34608, 23236272, 23486741
97, 1, 21
2, 77918, 24406032, 24719633
98, 1, 21
1, 33166, 25171816, 25492467
99, 1, 21
4, 47586, 23486741, 23803289
100, 1, 21
2, 99548, 24719633, 25113748
101, 1, 21
1, 56238, 25492467, 25992561
102, 1, 21
4, 70658, 23803289, 24299320
103, 1, 21
2, 199046, 25113748, 25878276
104, 1, 21
1, 157178, 25992561, 27358509
105, 1, 21
1, 34608, 27358509, 27680545
106, 1, 21
1, 43260, 27680545, 28082198
107, 1, 21
4, 325892, 24299320, 26492732
108, 1, 21
4, 47586, 26492732, 26815789
109, 1, 21
1, 87962, 28082198, 28856330
110, 1, 21
4, 57680, 26815789, 27209475
111, 1, 21
1, 30282, 28856330, 29114765
112, 1, 21
3, 47586, 21760474, 28026142
113, 1, 21
2, 752949, 25878276, 28718093
114, 1, 21
3, 36050, 28026142, 28289303
115, 1, 21
1, 46144, 29114765, 29507139
116, 1, 21
2, 92338, 28718093, 28969922
117, 1, 21
4, 98056, 27209475, 27978015
118, 1, 21
3, 27398, 28289303, 28542175
119, 1, 21
2, 83686, 28969922, 29222351
120, 1, 21
4, 36050, 27978015, 28231045
121, 1, 21
3, 38934, 28542175, 28793543
122, 1, 21
1, 40376, 29507139, 29936862
123, 1, 21
2, 102457, 29222351, 29473283
124, 1, 21
4, 37492, 28231045, 28482896
125, 1, 21
3, 33166, 28793543, 29048667
126, 1, 21
1, 28840, 29936862, 30200700
127, 1, 21
2, 95247, 29473283, 29730178
128, 1, 21
3, 38934, 29048667, 29301330
129, 1, 21
1, 34608, 30200700, 30520062
130, 1, 21
2, 102432, 29730178, 29983341
131, 1, 21
4, 54796, 28482896, 28880740
132, 1, 21
3, 46144, 29301330, 29616173
133, 1, 21
1, 30282, 30520062, 30780171
134, 1, 21
2, 126971, 29983341, 30296299
135, 1, 21
1, 37492, 30780171, 31102169
136, 1, 21
3, 51912, 29616173, 30016630
137, 1, 21
4, 86520, 28880740, 29495039
138, 1, 21
2, 152927, 30296299, 30690030
139, 1, 21
3, 37492, 30016630, 30273306
140, 1, 21
1, 59122, 31102169, 31604333
141, 1, 21
3, 37492, 30273306, 30528919
142, 1, 21
2, 174557, 30690030, 31253570
143, 1, 21
3, 57680, 30528919, 30923727
144, 1, 21
2, 83661, 31253570, 31571554
145, 1, 21
2, 103824, 31571554, 31963657
146, 1, 21
3, 90846, 30923727, 31538249
147, 1, 21
2, 204789, 31963657, 32732360
148, 1, 21
2, 66332, 32732360, 33015420
149, 1, 21
1, 255234, 31604333, 33798655
150, 1, 21
2, 73567, 33015420, 33328981
151, 1, 21
3, 175924, 31538249, 32921802
152, 1, 21
1, 34608, 33798655, 34124906
153, 1, 21
2, 37542, 33328981, 33579457
154, 2, 21
2, 12978, 33579457, 33984069
1, 12978, 34124906, 34551139
155, 2, 21
2, 18746, 33984069, 34250254
1, 18746, 34551139, 34812122
156, 2, 21
2, 14420, 34250254, 34509220
1, 14420, 34812122, 35075334
157, 2, 21
2, 21630, 34509220, 34761601
1, 21630, 35075334, 35328656
158, 2, 21
2, 14420, 34761601, 35013853
1, 14420, 35328656, 35580506
159, 2, 21
2, 18746, 35013853, 35274760
1, 18746, 35580506, 35841696
160, 1, 21
1, 23072, 35841696, 36092165
161, 2, 21
2, 31749, 35274760, 35592433
3, 5768, 32921802, 35018867
162, 1, 21
1, 30282, 36092165, 36348605
163, 2, 21
2, 111059, 35592433, 35843890
3, 82194, 35018867, 35269621
164, 1, 21
1, 28840, 36348605, 36607353
165, 1, 21
2, 119711, 35843890, 36156797
166, 1, 21
3, 85078, 35269621, 35585545
167, 1, 21
1, 30282, 36607353, 36933750
168, 1, 21
2, 86570, 36156797, 36407395
169, 1, 21
3, 66332, 35585545, 35835792
170, 1, 21
1, 25956, 36933750, 37192082
171, 2, 21
2, 51962, 36407395, 36662881
3, 27398, 35835792, 36088905
172, 1, 21
1, 12978, 37192082, 37446626
173, 2, 21
2, 96639, 36662881, 36916356
3, 80752, 36088905, 36341988
174, 1, 21
1, 28840, 37446626, 37704228
175, 1, 21
2, 115385, 36916356, 37168567
176, 1, 21
3, 90846, 36341988, 36596077
177, 1, 21
2, 112501, 37168567, 37421893
178, 1, 21
3, 85078, 36596077, 36847343
179, 1, 21
1, 36050, 37704228, 38017300
180, 2, 21
2, 111084, 37421893, 37673358
3, 77868, 36847343, 37100003
181, 1, 21
1, 44702, 38017300, 38416918
182, 2, 21
2, 100965, 37673358, 37926976
3, 74984, 37100003, 37353513
183, 1, 21
2, 99498, 37926976, 38180852
184, 1, 21
3, 89404, 37353513, 37669211
185, 1, 21
2, 103849, 38180852, 38433513
186, 1, 21
1, 85078, 38416918, 39191918
187, 1, 21
2, 89429, 38433513, 38690996
188, 1, 21
1, 28840, 39191918, 39448499
189, 1, 21
2, 28865, 38690996, 38946541
190, 1, 21
1, 31724, 39448499, 39763509
191, 1, 21
2, 31749, 38946541, 39281520
192, 1, 21
1, 28840, 39763509, 40076216
193, 1, 21
2, 43285, 39281520, 39777533
194, 1, 21
1, 34608, 40076216, 40475422
195, 1, 21
1, 37492, 40475422, 40801949
196, 1, 21
1, 37492, 40801949, 41125862
197, 1, 21
3, 121128, 37669211, 40268925
198, 1, 21
2, 152952, 39777533, 40923002
199, 1, 21
1, 40376, 41125862, 41541708
200, 1, 21
3, 77868, 40268925, 40582864
201, 1, 21
2, 72150, 40923002, 41173892
202, 1, 21
1, 20188, 41541708, 41800680
203, 1, 21
2, 95197, 41173892, 41425787
204, 1, 21
3, 92288, 40582864, 40897153
205, 1, 21
1, 21630, 41800680, 42062550
206, 1, 21
2, 112526, 41425787, 41680779
207, 1, 21
1, 30282, 42062550, 42322531
208, 1, 21
3, 128338, 40897153, 41291202
209, 1, 21
2, 138482, 41680779, 41996291
210, 1, 21
1, 30282, 42322531, 42580906
211, 1, 21
1, 36050, 42580906, 42894113
212, 1, 21
2, 170206, 41996291, 42392177
213, 1, 21
3, 171598, 41291202, 41844463
214, 1, 21
2, 87987, 42392177, 42644862
215, 1, 21
3, 85078, 41844463, 42157245
216, 1, 21
1, 49028, 42894113, 43385427
217, 1, 21
3, 80752, 42157245, 42408947
218, 1, 21
2, 164463, 42644862, 43038988
219, 1, 21
1, 25956, 43385427, 43639777
220, 1, 21
3, 102382, 42408947, 42723325
221, 1, 21
1, 28840, 43639777, 43893194
222, 1, 21
1, 28840, 43893194, 44146110
223, 1, 21
2, 258218, 43038988, 43659008
224, 1, 21
3, 109592, 42723325, 43102071
225, 1, 21
2, 102407, 43659008, 43911397
226, 1, 21
1, 41818, 44146110, 44544748
227, 1, 21
2, 27423, 43911397, 44176938
228, 1, 21
1, 27398, 44544748, 44800712
229, 1, 21
2, 23097, 44176938, 44440056
230, 1, 21
1, 21630, 44800712, 45068597
231, 1, 21
1, 34608, 45068597, 45390205
232, 1, 21
2, 40426, 44440056, 44863311
233, 1, 21
1, 25956, 45390205, 45742908
234, 1, 21
1, 25956, 45742908, 46063033
235, 1, 21
2, 62056, 44863311, 45632147
236, 1, 21
1, 17304, 46063033, 46316071
237, 1, 21
1, 21630, 46316071, 46598892
238, 1, 21
1, 30282, 46598892, 46912123
239, 1, 21
1, 30282, 46912123, 47173710
240, 1, 21
1, 36050, 47173710, 47494266
241, 1, 21
1, 30282, 47494266, 47754690
242, 1, 21
1, 46144, 47754690, 48152247
243, 1, 21
1, 73542, 48152247, 48782388
244, 1, 21
2, 285716, 45632147, 48343329
245, 1, 21
1, 25956, 48782388, 49040586
246, 1, 21
2, 30307, 48343329, 48662838
247, 1, 21
1, 25956, 49040586, 49343385
248, 2, 21
2, 27423, 48662838, 49056358
1, 17304, 49343385, 49620907
249, 2, 21
2, 27398, 49056358, 49311406
1, 27398, 49620907, 49877599
250, 2, 21
2, 24514, 49311406, 49582617
1, 24514, 49877599, 50148795
251, 1, 21
1, 20188, 50148795, 50443198
252, 1, 21
2, 21655, 49582617, 49888408
253, 1, 21
1, 23072, 50443198, 50763361
254, 1, 21
2, 23097, 49888408, 50210015
255, 1, 21
1, 25956, 50763361, 51021300
256, 1, 21
2, 25981, 50210015, 50472432
257, 1, 21
1, 17304, 51021300, 51275756
258, 1, 21
2, 17329, 50472432, 50723193
259, 1, 21
1, 21630, 51275756, 51526354
260, 1, 21
2, 23097, 50723193, 50983445
261, 1, 21
1, 30282, 51526354, 51783263
262, 1, 21
2, 30307, 50983445, 51240286
263, 1, 21
1, 37492, 51783263, 52102691
264, 1, 21
2, 37517, 51240286, 51561447
265, 1, 21
1, 47586, 52102691, 52501398
266, 1, 21
2, 59147, 51561447, 52055619
267, 1, 21
1, 90846, 52501398, 53274951
268, 1, 21
3, 70658, 43102071, 53049069
269, 1, 21
2, 235096, 52055619, 53740853
270, 1, 21
3, 82194, 53049069, 53302695
271, 1, 21
2, 109617, 53740853, 53992261
272, 1, 21
3, 98056, 53302695, 53616563
273, 1, 21
2, 108175, 53992261, 54246041
274, 1, 21
2, 119686, 54246041, 54498543
275, 1, 21
3, 136990, 53616563, 54007324
276, 1, 21
2, 151435, 54498543, 54812091
277, 1, 21
3, 90846, 54007324, 54257593
278, 1, 21
2, 181717, 54812091, 55205020
279, 1, 21
3, 139874, 54257593, 54652337
280, 1, 21
3, 83636, 54652337, 54903741
281, 1, 21
3, 85078, 54903741, 55155289
282, 1, 21
2, 341829, 55205020, 55970659
283, 1, 21
3, 105266, 55155289, 55468650
284, 1, 21
3, 165830, 55468650, 55958320
285, 1, 21
2, 1289198, 55970659, 59044585
286, 1, 21
2, 34608, 59044585, 59365591
287, 1, 21
2, 43260, 59365591, 59758360
288, 1, 21
2, 85078, 59758360, 60528195
289, 1, 21
1, 1143506, 53274951, 63283170
290, 1, 21
2, 516261, 60528195, 65213835
291, 1, 21
2, 27398, 65213835, 65466944
292, 1, 21
2, 36050, 65466944, 65787092
293, 1, 21
2, 43260, 65787092, 66184646
