0, 2, 21
2, 72100, 5599381, 6347072
1, 72104, 6173038, 6920411
1, 2, 21
2, 144200, 6347072, 7641075
1, 144204, 6920411, 8214490
2, 2, 21
2, 144200, 7641075, 8930316
1, 144204, 8214490, 9503505
3, 2, 21
2, 217742, 8930316, 16996600
1, 217746, 9503505, 17568936
4, 2, 21
2, 80752, 16996600, 17653511
1, 72104, 17568936, 18227055
5, 2, 21
2, 82194, 17653511, 17965837
1, 36054, 18227055, 18538065
6, 2, 21
2, 44702, 17965837, 18125273
1, 18750, 18538065, 18698776
7, 2, 21
2, 21630, 18125273, 18214059
1, 10098, 18698776, 18786590
8, 2, 21
2, 335986, 18214059, 19618041
1, 144204, 18786590, 20191650
9, 2, 21
2, 272538, 19618041, 20305204
1, 72104, 20191650, 20876792
10, 2, 21
2, 135548, 20305204, 20626254
1, 36054, 20876792, 21198491
11, 2, 21
2, 64890, 20626254, 20793370
1, 18750, 21198491, 21366961
12, 2, 21
2, 487396, 20793370, 22245616
1, 144204, 21366961, 22817922
13, 2, 21
2, 220626, 22245616, 22891206
1, 72104, 22817922, 23463227
14, 2, 21
2, 85078, 22891206, 23333435
1, 36054, 23463227, 23905114
15, 2, 21
2, 43260, 23333435, 23507694
1, 18750, 23905114, 24078759
16, 2, 21
2, 24514, 23507694, 23602546
1, 10098, 24078759, 24174836
17, 2, 21
2, 328776, 23602546, 25097074
1, 144204, 24174836, 25668773
18, 2, 21
2, 323008, 25097074, 26318794
1, 144204, 25668773, 26890933
19, 2, 21
2, 162946, 26318794, 26936027
1, 72104, 26890933, 27509228
20, 2, 21
2, 325892, 26936027, 28182993
1, 144204, 27509228, 28752971
21, 2, 21
2, 451346, 28182993, 29492380
1, 144204, 28752971, 30065036
22, 2, 21
2, 253792, 29492380, 30139838
1, 72104, 30065036, 30712540
23, 2, 21
2, 124012, 30139838, 30461175
1, 36054, 30712540, 31033426
24, 2, 21
2, 380688, 30461175, 31679610
1, 144204, 31033426, 32251952
25, 2, 21
2, 164388, 31679610, 32299500
1, 72104, 32251952, 32870721
26, 2, 21
2, 79310, 32299500, 32604556
1, 36054, 32870721, 33177598
27, 2, 21
2, 245140, 32604556, 34468205
1, 144204, 33177598, 35041252
28, 2, 21
2, 72100, 34468205, 35417983
1, 72104, 35041252, 35990489
29, 2, 21
2, 100940, 35417983, 35730817
1, 36054, 35990489, 36303759
30, 2, 21
2, 82194, 35730817, 35908284
1, 18750, 36303759, 36481441
31, 2, 21
2, 41818, 35908284, 35998051
1, 10098, 36481441, 36571345
32, 2, 21
2, 10094, 35998051, 36049258
1, 5772, 36571345, 36622060
33, 2, 21
2, 563822, 36049258, 37555202
1, 144204, 36622060, 38128068
34, 2, 21
2, 262444, 37555202, 38209681
1, 72104, 38128068, 38781303
35, 2, 21
2, 139874, 38209681, 38535198
1, 36054, 38781303, 39108488
36, 2, 21
2, 148526, 38535198, 39986024
1, 144204, 39108488, 40559412
37, 2, 21
2, 72100, 39986024, 40608701
1, 72104, 40559412, 41181286
38, 2, 21
2, 532098, 40608701, 42054403
1, 144204, 41181286, 42627040
39, 2, 21
2, 263886, 42054403, 42723495
1, 72104, 42627040, 43296444
40, 2, 21
2, 136990, 42723495, 43037131
1, 36054, 43296444, 43609397
41, 2, 21
2, 69216, 43037131, 43197458
1, 18750, 43609397, 43770446
42, 2, 21
2, 327334, 43197458, 44603519
1, 144204, 43770446, 45175951
43, 2, 21
2, 72100, 44603519, 45557224
1, 72104, 45175951, 46128420
44, 2, 21
2, 36050, 45557224, 46007504
1, 36054, 46128420, 46580898
45, 2, 21
2, 144200, 46007504, 47269845
1, 144204, 46580898, 47843053
46, 2, 21
2, 72100, 47269845, 47874650
1, 72104, 47843053, 48446904
47, 2, 21
2, 144200, 47874650, 49465119
1, 144204, 48446904, 50037987
48, 2, 21
2, 144200, 49465119, 51133040
1, 144204, 50037987, 51704917
49, 2, 21
2, 144200, 51133040, 52351740
1, 144204, 51704917, 52925055
50, 2, 21
2, 72100, 52351740, 52962154
1, 72104, 52925055, 53535498
51, 2, 21
2, 357616, 52962154, 54201766
1, 144204, 53535498, 54774495
52, 2, 21
2, 289842, 54201766, 54807817
1, 72104, 54774495, 55380238
53, 2, 21
2, 145642, 54807817, 55114517
1, 36054, 55380238, 55686481
54, 2, 21
2, 566706, 55114517, 56353980
1, 144204, 55686481, 56920999
55, 2, 21
2, 543634, 56353980, 57560925
1, 144204, 56920999, 58133348
56, 2, 21
2, 507584, 57560925, 58804178
1, 144204, 58133348, 59377012
57, 2, 21
2, 144200, 58804178, 60114607
1, 144204, 59377012, 60688041
58, 2, 21
2, 72100, 60114607, 60759681
1, 72104, 60688041, 61332693
59, 2, 21
2, 144200, 60759681, 62014372
1, 144204, 61332693, 62586277
60, 2, 21
2, 144200, 62014372, 63376467
1, 144204, 62586277, 63949901
61, 2, 21
2, 144200, 63376467, 64707243
1, 144204, 63949901, 65280332
