0, 2, 21
2, 27398, 5585325, 5840321
1, 27398, 6148985, 6403611
1, 2, 21
2, 27398, 5840321, 6145662
1, 27398, 6403611, 6708700
2, 2, 21
2, 25956, 6145662, 6407160
1, 25956, 6708700, 6970736
3, 2, 21
2, 28840, 6407160, 6661101
1, 28840, 6970736, 7224154
4, 2, 21
2, 28840, 6661101, 6918323
1, 28840, 7224154, 7481154
5, 2, 21
2, 28840, 6918323, 7175449
1, 28840, 7481154, 7738304
6, 2, 21
2, 27398, 7175449, 7426483
1, 27398, 7738304, 7989293
7, 1, 21
1, 27398, 7989293, 8239570
8, 1, 21
2, 28865, 7426483, 7688688
9, 1, 21
1, 27398, 8239570, 8496300
10, 1, 21
2, 27423, 7688688, 7944459
11, 1, 21
1, 28840, 8496300, 8754435
12, 1, 21
2, 28865, 7944459, 8205026
13, 1, 21
1, 28840, 8754435, 9013830
14, 1, 21
2, 28865, 8205026, 8465541
15, 1, 21
1, 28840, 9013830, 9266220
16, 1, 21
2, 30307, 8465541, 8726527
17, 1, 21
1, 28840, 9266220, 9527032
18, 1, 21
2, 28865, 8726527, 8988170
19, 1, 21
1, 28840, 9527032, 9786998
20, 1, 21
2, 28865, 8988170, 9253065
21, 1, 21
1, 27398, 9786998, 10041735
22, 1, 21
2, 28865, 9253065, 9513920
23, 2, 21
2, 10094, 9513920, 15723968
1, 14420, 10041735, 16287581
24, 2, 21
2, 27398, 15723968, 15984083
1, 27398, 16287581, 16547696
25, 2, 21
2, 28840, 15984083, 16245992
1, 28840, 16547696, 16809617
26, 2, 21
2, 30282, 16245992, 16502247
1, 30282, 16809617, 17065780
27, 2, 21
2, 30282, 16502247, 16762079
1, 30282, 17065780, 17325612
28, 2, 21
2, 28840, 16762079, 17014091
1, 28840, 17325612, 17577730
29, 2, 21
2, 27398, 17014091, 17266739
1, 27398, 17577730, 17829885
30, 2, 21
2, 27398, 17266739, 17522833
1, 27398, 17829885, 18086019
31, 1, 21
2, 60564, 17522833, 17774205
32, 1, 21
1, 30282, 18086019, 18347237
33, 1, 21
3, 40376, 16998410, 17257026
34, 1, 21
2, 66382, 17774205, 18024904
35, 1, 21
1, 30282, 18347237, 18607683
36, 1, 21
3, 38934, 17257026, 17514655
37, 1, 21
2, 64940, 18024904, 18277180
38, 1, 21
1, 30282, 18607683, 18866517
39, 1, 21
3, 36050, 17514655, 17772172
40, 1, 21
2, 63498, 18277180, 18529521
41, 1, 21
1, 30282, 18866517, 19125696
42, 1, 21
3, 27398, 17772172, 18068260
43, 1, 21
2, 40426, 18529521, 18793126
44, 1, 21
1, 18746, 19125696, 19382725
45, 1, 21
3, 30282, 18068260, 18324680
46, 1, 21
2, 60614, 18793126, 19048337
47, 1, 21
1, 24514, 19382725, 19637219
48, 1, 21
3, 40376, 18324680, 18581127
49, 1, 21
2, 67824, 19048337, 19300853
50, 1, 21
1, 27398, 19637219, 19893555
51, 1, 21
3, 40376, 18581127, 18839777
52, 1, 21
2, 67824, 19300853, 19554509
53, 1, 21
1, 28840, 19893555, 20148861
54, 1, 21
3, 40376, 18839777, 19097269
55, 1, 21
2, 103874, 19554509, 19805197
56, 1, 21
4, 40376, 18420762, 18676860
57, 1, 21
1, 28840, 20148861, 20406434
58, 1, 21
3, 37492, 19097269, 19350953
59, 1, 21
2, 99573, 19805197, 20058446
60, 1, 21
4, 36050, 18676860, 18930187
61, 1, 21
1, 28840, 20406434, 20658193
62, 1, 21
3, 31724, 19350953, 19602922
63, 1, 21
2, 99573, 20058446, 20313491
64, 1, 21
4, 40376, 18930187, 19185566
65, 1, 21
1, 25956, 20658193, 20916693
66, 1, 21
3, 34608, 19602922, 19858744
67, 1, 21
2, 103899, 20313491, 20564997
68, 1, 21
4, 38934, 19185566, 19437640
69, 1, 21
1, 28840, 20916693, 21173830
70, 1, 21
3, 38934, 19858744, 20116178
71, 1, 21
2, 102457, 20564997, 20816831
72, 1, 21
4, 36050, 19437640, 19688926
73, 1, 21
1, 28840, 21173830, 21431446
74, 1, 21
3, 37492, 20116178, 20375007
75, 1, 21
2, 86595, 20816831, 21067676
76, 1, 21
4, 25956, 19688926, 19942014
77, 1, 21
1, 28840, 21431446, 21683915
78, 1, 21
3, 25956, 20375007, 20632209
79, 1, 21
2, 63523, 21067676, 21327659
80, 1, 21
4, 18746, 19942014, 20212017
81, 1, 21
1, 21630, 21683915, 21939782
82, 1, 21
3, 18746, 20632209, 20896862
83, 1, 21
2, 72175, 21327659, 21578455
84, 1, 21
1, 18746, 21939782, 22191201
85, 1, 21
4, 31724, 20212017, 20495358
86, 1, 21
3, 30282, 20896862, 21170047
87, 1, 21
2, 82269, 21578455, 21832068
88, 1, 21
1, 24514, 22191201, 22445061
89, 1, 21
4, 38934, 20495358, 20752560
90, 1, 21
3, 36050, 21170047, 21425689
91, 1, 21
2, 106783, 21832068, 22086003
92, 1, 21
1, 30282, 22445061, 22703347
93, 1, 21
4, 38934, 20752560, 21014324
94, 1, 21
3, 38934, 21425689, 21686653
95, 1, 21
2, 101015, 22086003, 22337397
96, 1, 21
1, 28840, 22703347, 22962614
97, 1, 21
4, 37492, 21014324, 21266994
98, 1, 21
3, 36050, 21686653, 21943439
99, 1, 21
2, 101015, 22337397, 22587807
100, 1, 21
4, 37492, 21266994, 21520288
101, 1, 21
1, 28840, 22962614, 23223910
102, 1, 21
2, 80802, 22587807, 22845507
103, 1, 21
1, 28840, 23223910, 23475066
104, 1, 21
4, 25956, 21520288, 21774422
105, 1, 21
2, 44752, 22845507, 23100437
106, 1, 21
4, 33166, 21774422, 22027335
107, 1, 21
1, 17304, 23475066, 23728095
108, 1, 21
2, 62056, 23100437, 23352199
109, 1, 21
1, 25956, 23728095, 23982601
110, 1, 21
4, 37492, 22027335, 22283947
111, 1, 21
2, 50520, 23352199, 23606632
112, 1, 21
1, 27398, 23982601, 24249424
113, 1, 21
4, 21630, 22283947, 22557136
114, 1, 21
2, 44752, 23606632, 23858413
115, 1, 21
1, 15862, 24249424, 24504737
116, 1, 21
4, 28840, 22557136, 22812929
117, 1, 21
2, 46194, 23858413, 24109836
118, 1, 21
1, 21630, 24504737, 24755682
119, 1, 21
4, 28840, 22812929, 23064462
120, 1, 21
2, 62056, 24109836, 24365422
121, 1, 21
1, 27398, 24755682, 25008977
122, 1, 21
4, 36050, 23064462, 23323764
123, 1, 21
2, 62056, 24365422, 24617548
124, 1, 21
1, 27398, 25008977, 25266017
125, 1, 21
4, 36050, 23323764, 23576896
126, 1, 21
2, 64940, 24617548, 24871442
127, 1, 21
1, 28840, 25266017, 25519625
128, 1, 21
4, 37492, 23576896, 23830373
129, 1, 21
2, 66382, 24871442, 25123495
130, 1, 21
1, 30282, 25519625, 25775345
131, 1, 21
4, 36050, 23830373, 24080782
132, 1, 21
2, 67824, 25123495, 25378881
133, 1, 21
1, 30282, 25775345, 26030697
134, 1, 21
4, 37492, 24080782, 24337477
135, 1, 21
2, 66382, 25378881, 25629365
136, 1, 21
1, 30282, 26030697, 26291606
137, 1, 21
4, 38934, 24337477, 24593440
138, 1, 21
2, 67824, 25629365, 25881121
139, 1, 21
4, 38934, 24593440, 24844634
140, 1, 21
1, 30282, 26291606, 26547584
141, 1, 21
2, 69266, 25881121, 26131384
142, 1, 21
4, 40376, 24844634, 25099736
143, 1, 21
1, 30282, 26547584, 26804065
144, 1, 21
2, 69266, 26131384, 26387767
145, 1, 21
1, 30282, 26804065, 27059895
146, 1, 21
4, 38934, 25099736, 25358439
147, 1, 21
2, 63498, 26387767, 26637981
148, 1, 21
4, 37492, 25358439, 25615978
149, 1, 21
1, 25956, 27059895, 27323562
150, 1, 21
2, 64940, 26637981, 26888402
151, 1, 21
4, 37492, 25615978, 25868063
152, 1, 21
1, 27398, 27323562, 27578739
153, 1, 21
2, 62056, 26888402, 27138570
154, 1, 21
4, 36050, 25868063, 26126829
155, 1, 21
1, 28840, 27578739, 27838594
156, 1, 21
2, 64940, 27138570, 27392615
157, 1, 21
4, 38934, 26126829, 26380172
158, 1, 21
1, 28840, 27838594, 28093693
159, 1, 21
2, 67824, 27392615, 27648489
160, 1, 21
4, 37492, 26380172, 26631380
161, 1, 21
1, 28840, 28093693, 28346258
162, 1, 21
2, 66382, 27648489, 27905584
163, 1, 21
4, 36050, 26631380, 26885295
164, 1, 21
1, 30282, 28346258, 28607118
165, 1, 21
2, 66382, 27905584, 28157069
166, 1, 21
4, 36050, 26885295, 27143661
167, 1, 21
1, 30282, 28607118, 28864629
168, 1, 21
2, 63498, 28157069, 28412374
169, 1, 21
4, 33166, 27143661, 27394044
170, 1, 21
1, 30282, 28864629, 29121815
171, 1, 21
3, 27398, 21943439, 28058789
172, 1, 21
2, 70733, 28412374, 28671568
173, 1, 21
4, 36050, 27394044, 27647217
174, 1, 21
1, 30282, 29121815, 29381303
175, 1, 21
3, 36050, 28058789, 28330337
176, 1, 21
2, 95247, 28671568, 28926291
177, 1, 21
4, 25956, 27647217, 27907145
178, 1, 21
1, 27398, 29381303, 29635302
179, 1, 21
3, 27398, 28330337, 28584268
180, 1, 21
2, 82269, 28926291, 29180769
181, 1, 21
4, 36050, 27907145, 28159056
182, 1, 21
1, 24514, 29635302, 29890914
183, 1, 21
3, 38934, 28584268, 28835669
184, 1, 21
2, 101015, 29180769, 29431920
185, 1, 21
4, 36050, 28159056, 28409102
186, 1, 21
1, 27398, 29890914, 30150362
187, 1, 21
3, 33166, 28835669, 29088151
188, 1, 21
2, 93805, 29431920, 29683165
189, 1, 21
4, 34608, 28409102, 28665410
190, 1, 21
1, 24514, 30150362, 30400882
191, 1, 21
3, 38934, 29088151, 29338637
192, 1, 21
2, 101015, 29683165, 29933724
193, 1, 21
4, 36050, 28665410, 28917645
194, 1, 21
1, 27398, 30400882, 30655890
195, 1, 21
3, 36050, 29338637, 29594409
196, 1, 21
2, 101015, 29933724, 30188088
197, 1, 21
4, 36050, 28917645, 29175038
198, 1, 21
1, 30282, 30655890, 30918025
199, 1, 21
3, 36050, 29594409, 29850657
200, 1, 21
2, 101015, 30188088, 30443504
201, 1, 21
4, 37492, 29175038, 29431937
202, 1, 21
1, 28840, 30918025, 31171499
203, 1, 21
3, 36050, 29850657, 30108067
204, 1, 21
2, 101015, 30443504, 30696732
205, 1, 21
1, 30282, 31171499, 31424129
206, 1, 21
3, 37492, 30108067, 30362100
207, 1, 21
2, 75034, 30696732, 30949075
208, 1, 21
1, 30282, 31424129, 31680670
209, 1, 21
3, 37492, 30362100, 30612561
210, 1, 21
2, 66382, 30949075, 31199698
211, 1, 21
1, 30282, 31680670, 31938170
212, 1, 21
3, 37492, 30612561, 30868470
213, 1, 21
2, 67824, 31199698, 31454865
214, 1, 21
1, 30282, 31938170, 32199341
215, 1, 21
3, 37492, 30868470, 31119367
216, 1, 21
2, 66382, 31454865, 31705474
217, 1, 21
1, 30282, 32199341, 32459446
218, 1, 21
3, 36050, 31119367, 31370818
219, 1, 21
2, 66382, 31705474, 31957696
220, 1, 21
1, 28840, 32459446, 32710725
221, 1, 21
3, 38934, 31370818, 31623144
222, 1, 21
2, 66382, 31957696, 32209620
223, 1, 21
1, 28840, 32710725, 32964319
224, 2, 21
2, 64915, 32209620, 32463456
3, 37492, 31623144, 31885221
225, 1, 21
1, 28840, 32964319, 33225450
226, 1, 21
2, 66357, 32463456, 32714458
227, 1, 21
3, 38934, 31885221, 32142812
228, 1, 21
1, 28840, 33225450, 33481503
229, 1, 21
2, 62056, 32714458, 32966776
230, 1, 21
3, 33166, 32142812, 32403061
231, 1, 21
1, 28840, 33481503, 33742391
232, 1, 21
2, 56288, 32966776, 33218758
233, 1, 21
3, 31724, 32403061, 32659012
234, 1, 21
1, 27398, 33742391, 34002254
235, 1, 21
2, 51962, 33218758, 33478833
236, 1, 21
3, 23072, 32659012, 32938404
237, 1, 21
1, 20188, 34002254, 34284345
238, 1, 21
2, 23122, 33478833, 33752634
239, 1, 21
1, 5768, 34284345, 34562294
240, 1, 21
2, 5793, 33752634, 34013878
241, 1, 21
1, 18746, 34562294, 34823343
242, 1, 21
2, 18771, 34013878, 34271640
243, 2, 21
2, 12978, 34271640, 34523149
1, 14420, 34823343, 35086506
244, 2, 21
2, 21630, 34523149, 34777062
1, 21630, 35086506, 35340197
245, 2, 21
2, 14420, 34777062, 35029700
1, 14420, 35340197, 35592121
246, 2, 21
2, 18746, 35029700, 35290603
1, 18746, 35592121, 35853322
247, 2, 21
2, 23072, 35290603, 35541112
1, 23072, 35853322, 36103651
248, 1, 21
3, 5768, 32938404, 35035492
249, 1, 21
2, 89429, 35541112, 35794631
250, 1, 21
1, 30282, 36103651, 36361160
251, 1, 21
3, 83636, 35035492, 35289233
252, 1, 21
2, 118294, 35794631, 36045143
253, 1, 21
1, 28840, 36361160, 36621111
254, 1, 21
3, 80752, 35289233, 35593062
255, 1, 21
2, 77918, 36045143, 36296932
256, 1, 21
1, 30282, 36621111, 36945819
257, 1, 21
3, 67774, 35593062, 35846145
258, 1, 21
2, 67824, 36296932, 36554712
259, 1, 21
1, 25956, 36945819, 37204084
260, 1, 21
3, 28840, 35846145, 36103677
261, 1, 21
2, 64940, 36554712, 36807088
262, 1, 21
1, 12978, 37204084, 37459915
263, 1, 21
3, 80752, 36103677, 36353819
264, 1, 21
2, 116852, 36807088, 37057842
265, 1, 21
1, 28840, 37459915, 37718028
266, 1, 21
3, 89404, 36353819, 36604249
267, 1, 21
2, 115410, 37057842, 37308313
268, 1, 21
1, 30282, 37718028, 37975417
269, 1, 21
3, 86520, 36604249, 36857340
270, 1, 21
2, 111084, 37308313, 37560079
271, 1, 21
1, 28840, 37975417, 38227410
272, 1, 21
3, 80752, 36857340, 37109165
273, 1, 21
2, 111084, 37560079, 37810628
274, 1, 21
1, 28840, 38227410, 38487879
275, 1, 21
3, 74984, 37109165, 37361883
276, 1, 21
2, 103874, 37810628, 38067345
277, 1, 21
1, 27398, 38487879, 38739460
278, 1, 21
3, 72100, 37361883, 37615702
279, 1, 21
2, 95222, 38067345, 38317912
280, 1, 21
1, 27398, 38739460, 38996085
281, 1, 21
3, 77868, 37615702, 37865976
282, 1, 21
2, 106758, 38317912, 38568397
283, 1, 21
1, 30282, 38996085, 39259821
284, 1, 21
2, 49053, 38568397, 38819354
285, 1, 21
1, 28840, 39259821, 39514002
286, 1, 21
2, 25981, 38819354, 39076568
287, 1, 21
1, 24514, 39514002, 39764970
288, 1, 21
2, 24539, 39076568, 39337852
289, 1, 21
1, 23072, 39764970, 40018342
290, 1, 21
2, 24539, 39337852, 39597614
291, 1, 21
1, 23072, 40018342, 40291297
292, 1, 21
2, 21655, 39597614, 39856302
293, 1, 21
1, 25956, 40291297, 40552985
294, 1, 21
2, 28865, 39856302, 40112985
295, 1, 21
1, 30282, 40552985, 40812536
296, 1, 21
2, 30307, 40112985, 40372736
297, 1, 21
1, 30282, 40812536, 41069058
298, 1, 21
2, 30307, 40372736, 40634626
299, 1, 21
1, 27398, 41069058, 41327506
300, 1, 21
3, 59122, 37865976, 40269333
301, 1, 21
2, 37542, 40634626, 40885362
302, 1, 21
1, 21630, 41327506, 41625042
303, 1, 21
2, 83661, 40885362, 41136294
304, 1, 21
3, 77868, 40269333, 40583207
305, 1, 21
1, 27398, 41625042, 41876162
306, 1, 21
2, 89454, 41136294, 41391640
307, 1, 21
3, 74984, 40583207, 40836246
308, 1, 21
1, 21630, 41876162, 42131649
309, 1, 21
2, 108200, 41391640, 41641837
310, 1, 21
3, 83636, 40836246, 41090049
311, 1, 21
1, 30282, 42131649, 42386875
312, 1, 21
2, 111084, 41641837, 41892614
313, 1, 21
3, 82194, 41090049, 41344300
314, 1, 21
1, 28840, 42386875, 42638443
315, 1, 21
2, 111084, 41892614, 42142946
316, 1, 21
3, 82194, 41344300, 41595482
317, 1, 21
1, 30282, 42638443, 42895972
318, 1, 21
2, 103874, 42142946, 42396234
319, 1, 21
3, 70658, 41595482, 41864715
320, 1, 21
1, 30282, 42895972, 43156983
321, 1, 21
2, 93780, 42396234, 42650538
322, 1, 21
3, 76426, 41864715, 42118509
323, 1, 21
1, 23072, 43156983, 43408211
324, 1, 21
2, 105316, 42650538, 42904048
325, 1, 21
3, 79310, 42118509, 42371213
326, 1, 21
1, 30282, 43408211, 43670289
327, 1, 21
2, 113968, 42904048, 43156649
328, 1, 21
3, 83636, 42371213, 42621892
329, 1, 21
1, 30282, 43670289, 43929114
330, 1, 21
2, 112526, 43156649, 43407606
331, 1, 21
3, 80752, 42621892, 42872086
332, 1, 21
1, 28840, 43929114, 44190914
333, 1, 21
2, 95222, 43407606, 43661033
334, 1, 21
3, 67774, 42872086, 43124035
335, 1, 21
1, 25956, 44190914, 44442663
336, 1, 21
2, 98106, 43661033, 43917843
337, 1, 21
1, 28840, 44442663, 44708936
338, 1, 21
2, 27423, 43917843, 44173071
339, 2, 21
2, 20188, 44173071, 44427759
1, 23072, 44708936, 44990051
340, 2, 21
2, 27398, 44427759, 44681310
1, 27398, 44990051, 45243909
341, 2, 21
2, 24514, 44681310, 44941685
1, 24514, 45243909, 45505038
342, 2, 21
2, 15862, 44941685, 45192580
1, 15862, 45505038, 45755171
343, 2, 21
2, 21630, 45192580, 45446187
1, 21630, 45755171, 46009404
344, 2, 21
2, 17304, 45446187, 45698536
1, 17304, 46009404, 46261121
345, 2, 21
2, 18746, 45698536, 45955488
1, 18746, 46261121, 46518154
346, 2, 21
2, 23072, 45955488, 46205728
1, 23072, 46518154, 46768273
347, 2, 21
2, 30282, 46205728, 46465564
1, 30282, 46768273, 47028261
348, 2, 21
2, 28840, 46465564, 46725276
1, 28840, 47028261, 47287967
349, 2, 21
2, 30282, 46725276, 46984995
1, 30282, 47287967, 47548374
350, 2, 21
2, 30282, 46984995, 47243325
1, 30282, 47548374, 47805581
351, 2, 21
2, 28840, 47243325, 47493553
1, 28840, 47805581, 48056841
352, 2, 21
2, 30282, 47493553, 47747019
1, 30282, 48056841, 48310295
353, 2, 21
2, 30282, 47747019, 48001163
1, 30282, 48310295, 48564516
354, 2, 21
2, 25956, 48001163, 48260397
1, 25956, 48564516, 48823805
355, 2, 21
2, 24514, 48260397, 48514653
1, 24514, 48823805, 49077984
356, 2, 21
2, 21630, 48514653, 48773741
1, 21630, 49077984, 49337127
357, 2, 21
2, 17304, 48773741, 49026581
1, 17304, 49337127, 49589183
358, 2, 21
2, 25956, 49026581, 49280684
1, 25956, 49589183, 49843976
359, 2, 21
2, 24514, 49280684, 49550994
1, 24514, 49843976, 50114306
360, 2, 21
2, 17304, 49550994, 49805155
1, 17304, 50114306, 50368586
361, 2, 21
2, 17304, 49805155, 50073867
1, 17304, 50368586, 50637188
362, 2, 21
2, 25956, 50073867, 50327936
1, 25956, 50637188, 50891279
363, 2, 21
2, 17304, 50327936, 50589282
1, 17304, 50891279, 51151881
364, 2, 21
2, 21630, 50589282, 50839843
1, 21630, 51151881, 51402921
365, 2, 21
2, 30282, 50839843, 51097186
1, 30282, 51402921, 51660500
366, 2, 21
2, 30282, 51097186, 51354327
1, 30282, 51660500, 51917734
367, 2, 21
2, 30282, 51354327, 51609861
1, 30282, 51917734, 52173226
368, 2, 21
2, 30282, 51609861, 51863047
1, 30282, 52173226, 52426338
369, 2, 21
2, 30282, 51863047, 52119687
1, 30282, 52426338, 52682954
370, 2, 21
2, 30282, 52119687, 52381256
1, 30282, 52682954, 52943874
371, 2, 21
2, 30282, 52381256, 52637139
1, 30282, 52943874, 53199836
372, 2, 21
2, 30282, 52637139, 52892207
1, 30282, 53199836, 53454660
373, 1, 21
1, 28840, 53454660, 53704703
374, 1, 21
2, 30307, 52892207, 53152909
375, 1, 21
1, 30282, 53704703, 53965666
376, 1, 21
2, 30307, 53152909, 53413884
377, 1, 21
3, 59122, 43124035, 53035648
378, 1, 21
1, 30282, 53965666, 54222657
379, 1, 21
2, 49078, 53413884, 53670999
380, 1, 21
3, 85078, 53035648, 53287763
381, 1, 21
1, 28840, 54222657, 54473477
382, 1, 21
2, 111084, 53670999, 53921406
383, 1, 21
3, 82194, 53287763, 53541687
384, 1, 21
1, 30282, 54473477, 54731800
385, 1, 21
2, 111084, 53921406, 54174336
386, 1, 21
3, 83636, 53541687, 53793398
387, 1, 21
1, 30282, 54731800, 54987102
388, 1, 21
2, 119736, 54174336, 54427519
389, 1, 21
3, 93730, 53793398, 54044235
390, 2, 21
2, 122595, 54427519, 54679370
1, 30282, 54987102, 55241994
391, 1, 21
3, 93730, 54044235, 54297893
392, 2, 21
2, 121153, 54679370, 54933133
1, 30282, 55241994, 55496366
393, 1, 21
3, 92288, 54297893, 54549544
394, 1, 21
2, 119711, 54933133, 55185895
395, 1, 21
1, 30282, 55496366, 55753777
396, 1, 21
3, 82194, 54549544, 54802289
397, 1, 21
2, 115410, 55185895, 55436630
398, 1, 21
1, 30282, 55753777, 56006346
399, 1, 21
3, 89404, 54802289, 55053006
400, 1, 21
2, 115410, 55436630, 55688542
401, 1, 21
1, 30282, 56006346, 56264356
402, 1, 21
3, 85078, 55053006, 55305544
403, 1, 21
2, 116852, 55688542, 55939610
404, 1, 21
1, 28840, 56264356, 56514684
405, 1, 21
3, 89404, 55305544, 55557690
406, 1, 21
2, 116852, 55939610, 56193149
407, 1, 21
1, 28840, 56514684, 56772028
408, 1, 21
3, 87962, 55557690, 55810151
409, 1, 21
2, 116852, 56193149, 56446326
410, 1, 21
1, 30282, 56772028, 57023774
411, 1, 21
3, 86520, 55810151, 56061323
412, 1, 21
2, 116852, 56446326, 56697490
413, 1, 21
1, 30282, 57023774, 57278307
414, 1, 21
3, 85078, 56061323, 56314900
415, 1, 21
2, 115410, 56697490, 56948489
416, 1, 21
1, 30282, 57278307, 57530291
417, 1, 21
3, 86520, 56314900, 56565284
418, 1, 21
2, 116852, 56948489, 57200124
419, 1, 21
1, 30282, 57530291, 57788013
420, 1, 21
3, 83636, 56565284, 56819428
421, 1, 21
2, 112526, 57200124, 57451131
422, 1, 21
1, 30282, 57788013, 58042096
423, 1, 21
3, 83636, 56819428, 57073545
424, 1, 21
2, 113968, 57451131, 57705024
425, 1, 21
1, 30282, 58042096, 58297818
426, 1, 21
3, 79310, 57073545, 57329507
427, 1, 21
2, 109642, 57705024, 57957900
428, 1, 21
1, 30282, 58297818, 58559231
429, 1, 21
3, 87962, 57329507, 57579652
430, 1, 21
2, 109642, 57957900, 58208890
431, 1, 21
1, 30282, 58559231, 58813939
432, 1, 21
3, 89404, 57579652, 57832395
433, 1, 21
2, 126946, 58208890, 58462404
434, 1, 21
1, 30282, 58813939, 59066853
435, 1, 21
2, 93755, 58462404, 58719881
436, 1, 21
1, 30282, 59066853, 59320265
437, 1, 21
2, 27423, 58719881, 58971360
438, 1, 21
1, 27398, 59320265, 59576341
439, 1, 21
2, 28865, 58971360, 59229664
440, 1, 21
1, 28840, 59576341, 59833614
441, 1, 21
2, 28865, 59229664, 59493331
442, 1, 21
1, 28840, 59833614, 60096686
443, 1, 21
2, 27423, 59493331, 59750956
444, 1, 21
1, 27398, 60096686, 60352060
445, 1, 21
2, 28865, 59750956, 60008319
446, 1, 21
1, 28840, 60352060, 60609316
447, 1, 21
2, 28865, 60008319, 60265637
448, 1, 21
1, 28840, 60609316, 60869111
449, 1, 21
2, 28865, 60265637, 60526418
450, 1, 21
1, 28840, 60869111, 61129600
451, 1, 21
2, 28865, 60526418, 60778833
452, 1, 21
1, 28840, 61129600, 61382092
453, 1, 21
2, 28865, 60778833, 61033806
454, 1, 21
1, 28840, 61382092, 61635618
455, 1, 21
2, 30307, 61033806, 61295284
456, 1, 21
1, 30282, 61635618, 61895642
457, 1, 21
2, 28865, 61295284, 61549712
458, 1, 21
1, 28840, 61895642, 62150019
459, 1, 21
2, 30307, 61549712, 61808856
460, 1, 21
1, 30282, 62150019, 62409707
461, 1, 21
2, 28865, 61808856, 62060976
462, 1, 21
1, 28840, 62409707, 62661917
463, 1, 21
2, 28865, 62060976, 62318930
464, 1, 21
1, 28840, 62661917, 62923294
465, 1, 21
2, 25981, 62318930, 62570614
466, 1, 21
1, 25956, 62923294, 63176443
467, 1, 21
2, 27423, 62570614, 62832667
468, 1, 21
1, 27398, 63176443, 63432938
469, 1, 21
2, 27423, 62832667, 63092258
470, 1, 21
1, 27398, 63432938, 63696519
471, 1, 21
2, 27423, 63092258, 63354640
472, 1, 21
1, 27398, 63696519, 63955389
473, 1, 21
2, 27423, 63354640, 63612176
474, 1, 21
1, 27398, 63955389, 64219638
475, 1, 21
2, 27423, 63612176, 63868443
476, 1, 21
1, 27398, 64219638, 64472175
477, 1, 21
2, 28865, 63868443, 64143368
478, 1, 21
1, 27398, 64472175, 64722413
479, 1, 21
2, 28865, 64143368, 64397947
480, 1, 21
1, 27398, 64722413, 64973825
481, 1, 21
2, 27423, 64397947, 64650994
482, 1, 21
1, 27398, 64973825, 65226975
483, 1, 21
2, 28865, 64650994, 64904553
484, 1, 21
1, 28840, 65226975, 65480452
485, 1, 21
2, 28865, 64904553, 65165434
486, 1, 21
1, 28840, 65480452, 65742319
487, 1, 21
2, 28865, 65165434, 65424701
488, 1, 21
1, 28840, 65742319, 66001514
489, 1, 21
2, 28865, 65424701, 65680938
490, 1, 21
1, 28840, 66001514, 66260135
491, 1, 21
2, 27423, 65680938, 65937654
492, 1, 21
1, 27398, 66260135, 66517197
