0, 2, 21
2, 102382, 5597130, 6607285
1, 102382, 6176765, 7186470
1, 2, 21
2, 111034, 6607285, 7608175
1, 111034, 7186470, 8187462
2, 2, 21
2, 112476, 7608175, 8621041
1, 112476, 8187462, 9200188
3, 2, 21
2, 109592, 8621041, 15722062
1, 109592, 9200188, 16301208
4, 2, 21
2, 113918, 15722062, 16732417
1, 113918, 16301208, 17311058
5, 1, 21
2, 134106, 16732417, 17733216
6, 1, 21
1, 112476, 17311058, 18320567
7, 1, 21
3, 141316, 17016224, 18017217
8, 1, 21
2, 239422, 17733216, 18738522
9, 1, 21
1, 129780, 18320567, 19570690
10, 1, 21
3, 138432, 18017217, 19022126
11, 1, 21
2, 278356, 18738522, 19739732
12, 1, 21
1, 112476, 19570690, 20579644
13, 1, 21
4, 152852, 18423224, 19428387
14, 1, 21
3, 149968, 19022126, 20030254
15, 1, 21
2, 409603, 19739732, 20744279
16, 1, 21
1, 109592, 20579644, 21592317
17, 1, 21
3, 118244, 20030254, 21036789
18, 1, 21
4, 115360, 19428387, 20480961
19, 1, 21
2, 312989, 20744279, 21744574
20, 1, 21
1, 93730, 21592317, 22602588
21, 1, 21
4, 151410, 20480961, 21485581
22, 1, 21
2, 386506, 21744574, 22746808
23, 1, 21
1, 109592, 22602588, 23662955
24, 1, 21
4, 118244, 21485581, 22494681
25, 1, 21
2, 203372, 22746808, 23754384
26, 1, 21
1, 90846, 23662955, 24663170
27, 1, 21
4, 128338, 22494681, 23503778
28, 1, 21
2, 230770, 23754384, 24762839
29, 1, 21
1, 106708, 24663170, 25671310
30, 1, 21
4, 148526, 23503778, 24504354
31, 1, 21
2, 265378, 24762839, 25764468
32, 1, 21
1, 118244, 25671310, 26680508
33, 1, 21
4, 154294, 24504354, 25508673
34, 1, 21
2, 334594, 25764468, 27015227
35, 1, 21
1, 144200, 26680508, 27934551
36, 1, 21
4, 147084, 25508673, 26512212
37, 1, 21
3, 139874, 21036789, 27958709
38, 1, 21
2, 413929, 27015227, 28578339
39, 1, 21
4, 142758, 26512212, 27514722
40, 1, 21
1, 222068, 27934551, 29894023
41, 1, 21
3, 134106, 27958709, 28968159
42, 1, 21
2, 374995, 28578339, 29579719
43, 1, 21
4, 170156, 27514722, 28771250
44, 1, 21
1, 113918, 29894023, 30904312
45, 1, 21
3, 148526, 28968159, 29975110
46, 1, 21
2, 405277, 29579719, 30580834
47, 1, 21
1, 118244, 30904312, 31906767
48, 1, 21
3, 149968, 29975110, 30982911
49, 1, 21
2, 333152, 30580834, 31792636
50, 1, 21
3, 148526, 30982911, 31987503
51, 1, 21
1, 148526, 31906767, 33167332
52, 1, 21
2, 321616, 31792636, 33042792
53, 1, 21
1, 109592, 33167332, 34489240
54, 1, 21
2, 99523, 33042792, 34045321
55, 1, 21
2, 72100, 34045321, 35050258
56, 1, 21
1, 83636, 34489240, 35743541
57, 1, 21
3, 96614, 31987503, 34887283
58, 1, 21
2, 279798, 35050258, 36054688
59, 1, 21
1, 109592, 35743541, 36789845
60, 1, 21
3, 250908, 34887283, 35887964
61, 1, 21
2, 353340, 36054688, 37058215
62, 1, 21
1, 96614, 36789845, 37799846
63, 1, 21
3, 325892, 35887964, 36889298
64, 1, 21
2, 422556, 37058215, 38060258
65, 1, 21
1, 111034, 37799846, 38805750
66, 1, 21
3, 302820, 36889298, 37890329
67, 1, 21
2, 240864, 38060258, 39073151
68, 1, 21
1, 131222, 38805750, 40091338
69, 1, 21
2, 99523, 39073151, 40086116
70, 1, 21
1, 111034, 40091338, 41096904
71, 1, 21
3, 2884, 37890329, 40115701
72, 1, 21
2, 201930, 40086116, 41089751
73, 1, 21
3, 294168, 40115701, 41118793
74, 1, 21
1, 122570, 41096904, 42351372
75, 1, 21
2, 425440, 41089751, 42092428
76, 1, 21
3, 360500, 41118793, 42372317
77, 1, 21
2, 506167, 42092428, 43343784
78, 1, 21
1, 216300, 42351372, 44307011
79, 1, 21
2, 279773, 43343784, 44882282
80, 1, 21
1, 113918, 44307011, 45566421
81, 1, 21
2, 105291, 44882282, 46134171
82, 1, 21
1, 109592, 45566421, 46823812
83, 1, 21
2, 115385, 46134171, 47136149
84, 1, 21
1, 115360, 46823812, 47829848
85, 1, 21
2, 137015, 47136149, 48398065
86, 1, 21
1, 132664, 47829848, 49080191
87, 1, 21
1, 85078, 49080191, 50093162
88, 1, 21
2, 157228, 48398065, 50368819
89, 1, 21
1, 102382, 50093162, 51350014
90, 1, 21
1, 119686, 51350014, 52358377
91, 1, 21
1, 118244, 52358377, 53361583
92, 1, 21
3, 263886, 42372317, 52960693
93, 1, 21
2, 548060, 50368819, 53946351
94, 1, 21
1, 145642, 53361583, 54612019
95, 1, 21
3, 343196, 52960693, 53964305
96, 1, 21
2, 477352, 53946351, 54949049
97, 1, 21
3, 441252, 53964305, 55216593
98, 1, 21
2, 461465, 54949049, 55951022
99, 1, 21
1, 229278, 54612019, 56567560
100, 1, 21
2, 584035, 55951022, 57203388
101, 1, 21
3, 537866, 55216593, 56780800
102, 1, 21
2, 448487, 57203388, 58204710
103, 1, 21
2, 239372, 58204710, 59214055
104, 1, 21
2, 111034, 59214055, 60220638
105, 1, 21
2, 144200, 60220638, 61481328
106, 1, 21
2, 210532, 61481328, 63435240
