0, 2, 21
2, 72100, 5582582, 6323328
1, 72104, 6164746, 6910224
1, 2, 21
2, 144200, 6323328, 7615539
1, 144204, 6910224, 8202442
2, 2, 21
2, 144200, 7615539, 8902328
1, 144204, 8202442, 9489143
3, 2, 21
2, 217742, 8902328, 16963735
1, 217746, 9489143, 17550620
4, 2, 21
2, 86520, 16963735, 17620834
1, 72104, 17550620, 18207781
5, 2, 21
2, 80752, 17620834, 17931209
1, 36054, 18207781, 18518116
6, 2, 21
2, 43260, 17931209, 18091497
1, 18750, 18518116, 18678439
7, 2, 21
2, 21630, 18091497, 18179251
1, 10098, 18678439, 18766168
8, 2, 21
2, 338870, 18179251, 19587539
1, 144204, 18766168, 20174319
9, 2, 21
2, 271096, 19587539, 20254596
1, 72104, 20174319, 20841467
10, 2, 21
2, 135548, 20254596, 20577368
1, 36054, 20841467, 21164013
11, 2, 21
2, 69216, 20577368, 20746110
1, 18750, 21164013, 21332797
12, 2, 21
2, 496048, 20746110, 22194225
1, 144204, 21332797, 22781224
13, 2, 21
2, 211974, 22194225, 22836553
1, 72104, 22781224, 23423592
14, 2, 21
2, 96614, 22836553, 23277889
1, 36054, 23423592, 23864578
15, 2, 21
2, 41818, 23277889, 23450410
1, 18750, 23864578, 24037128
16, 2, 21
2, 12978, 23450410, 23546557
1, 10098, 24037128, 24132809
17, 2, 21
2, 341754, 23546557, 25030483
1, 144204, 24132809, 25616984
18, 2, 21
2, 330218, 25030483, 26251866
1, 144204, 25616984, 26837734
19, 2, 21
2, 162946, 26251866, 26869413
1, 72104, 26837734, 27456016
20, 2, 21
2, 327334, 26869413, 28112552
1, 144204, 27456016, 28699248
21, 2, 21
2, 449904, 28112552, 29416874
1, 144204, 28699248, 30003610
22, 2, 21
2, 256676, 29416874, 30055712
1, 72104, 30003610, 30642192
23, 2, 21
2, 126896, 30055712, 30371145
1, 36054, 30642192, 30957703
24, 2, 21
2, 348964, 30371145, 31581461
1, 144204, 30957703, 32167454
25, 2, 21
2, 162946, 31581461, 32192619
1, 72104, 32167454, 32779468
26, 2, 21
2, 80752, 32192619, 32498229
1, 36054, 32779468, 33085106
27, 2, 21
2, 245140, 32498229, 34371132
1, 144204, 33085106, 34945068
28, 2, 21
2, 72100, 34371132, 35307362
1, 72104, 34945068, 35894169
29, 2, 21
2, 96614, 35307362, 35614133
1, 36054, 35894169, 36201015
30, 2, 21
2, 79310, 35614133, 35785700
1, 18750, 36201015, 36371304
31, 2, 21
2, 41818, 35785700, 35870665
1, 10098, 36371304, 36456673
32, 2, 21
2, 17304, 35870665, 35918669
1, 5772, 36456673, 36504805
33, 2, 21
2, 542192, 35918669, 37403268
1, 144204, 36504805, 37990000
34, 2, 21
2, 262444, 37403268, 38055250
1, 72104, 37990000, 38641546
35, 2, 21
2, 136990, 38055250, 38382169
1, 36054, 38641546, 38968534
36, 2, 21
2, 171598, 38382169, 39832334
1, 144204, 38968534, 40418752
37, 2, 21
2, 72100, 39832334, 40453871
1, 72104, 40418752, 41040057
38, 2, 21
2, 507584, 40453871, 41898674
1, 144204, 41040057, 42484453
39, 2, 21
2, 262444, 41898674, 42566098
1, 72104, 42484453, 43152698
40, 2, 21
2, 136990, 42566098, 42878646
1, 36054, 43152698, 43465186
41, 2, 21
2, 70658, 42878646, 43039259
1, 18750, 43465186, 43625856
42, 2, 21
2, 356174, 43039259, 44438012
1, 144204, 43625856, 45024856
43, 2, 21
2, 72100, 44438012, 45389063
1, 72104, 45024856, 45975851
44, 2, 21
2, 36050, 45389063, 45841106
1, 36054, 45975851, 46427952
45, 2, 21
2, 144200, 45841106, 47101489
1, 144204, 46427952, 47688265
46, 2, 21
2, 72100, 47101489, 47704377
1, 72104, 47688265, 48291120
47, 2, 21
2, 144200, 47704377, 49292818
1, 144204, 48291120, 49879689
48, 2, 21
2, 144200, 49292818, 50958183
1, 144204, 49879689, 51544439
49, 2, 21
2, 144200, 50958183, 52178217
1, 144204, 51544439, 52764452
50, 2, 21
2, 72100, 52178217, 52788649
1, 72104, 52764452, 53374930
51, 2, 21
2, 330218, 52788649, 54027157
1, 144204, 53374930, 54612695
52, 2, 21
2, 291284, 54027157, 54630779
1, 72104, 54612695, 55217410
53, 2, 21
2, 148526, 54630779, 54937726
1, 36054, 55217410, 55523811
54, 2, 21
2, 571032, 54937726, 56170406
1, 144204, 55523811, 56757149
55, 2, 21
2, 556612, 56170406, 57382248
1, 144204, 56757149, 57968896
56, 2, 21
2, 516236, 57382248, 58608183
1, 144204, 57968896, 59194654
57, 2, 21
2, 144200, 58608183, 59915553
1, 144204, 59194654, 60502007
58, 2, 21
2, 72100, 59915553, 60558804
1, 72104, 60502007, 61145636
59, 2, 21
2, 144200, 60558804, 61811289
1, 144204, 61145636, 62397680
60, 2, 21
2, 144200, 61811289, 63173052
1, 144204, 62397680, 63759555
61, 2, 21
2, 144200, 63173052, 64502464
1, 144204, 63759555, 65089387
