0, 2, 21
2, 102382, 5646115, 6657902
1, 102382, 6217083, 7228269
1, 2, 21
2, 111034, 6657902, 7659756
1, 111034, 7228269, 8230322
2, 2, 21
2, 111034, 7659756, 8660645
1, 111034, 8230322, 9231318
3, 2, 21
2, 111034, 8660645, 15776491
1, 111034, 9231318, 16346783
4, 2, 21
2, 113918, 15776491, 16785624
1, 113918, 16346783, 17356253
5, 1, 21
2, 132664, 16785624, 17788986
6, 1, 21
1, 112476, 17356253, 18367779
7, 1, 21
3, 141316, 17087287, 18092646
8, 1, 21
2, 239422, 17788986, 18792009
9, 1, 21
1, 112476, 18367779, 19425707
10, 1, 21
3, 136990, 18092646, 19092920
11, 1, 21
2, 269704, 18792009, 19794519
12, 1, 21
1, 108150, 19425707, 20437751
13, 1, 21
3, 142758, 19092920, 20097999
14, 1, 21
4, 152852, 18528968, 19534374
15, 1, 21
2, 400951, 19794519, 20796323
16, 1, 21
1, 111034, 20437751, 21446183
17, 1, 21
3, 113918, 20097999, 21098023
18, 1, 21
4, 115360, 19534374, 20585330
19, 1, 21
2, 315873, 20796323, 21803292
20, 1, 21
1, 92288, 21446183, 22450667
21, 1, 21
3, 141316, 21098023, 22104285
22, 1, 21
4, 149968, 20585330, 21589803
23, 1, 21
2, 396625, 21803292, 22804132
24, 1, 21
1, 115360, 22450667, 23462769
25, 1, 21
4, 118244, 21589803, 22595600
26, 1, 21
2, 203372, 22804132, 23816393
27, 1, 21
1, 86520, 23462769, 24480767
28, 1, 21
4, 128338, 22595600, 23598145
29, 1, 21
2, 232212, 23816393, 24822118
30, 1, 21
1, 103824, 24480767, 25497732
31, 1, 21
4, 147084, 23598145, 24598394
32, 1, 21
2, 266820, 24822118, 25827271
33, 1, 21
1, 118244, 25497732, 26501490
34, 1, 21
4, 154294, 24598394, 25603566
35, 1, 21
2, 271146, 25827271, 26829130
36, 1, 21
1, 118244, 26501490, 27507145
37, 1, 21
4, 148526, 25603566, 26610560
38, 1, 21
2, 263936, 26829130, 27833889
39, 1, 21
1, 116802, 27507145, 28516023
40, 1, 21
3, 11536, 22104285, 28106413
41, 1, 21
4, 144200, 26610560, 27616979
42, 1, 21
2, 285591, 27833889, 28840824
43, 1, 21
1, 118244, 28516023, 29527397
44, 1, 21
3, 134106, 28106413, 29116859
45, 1, 21
4, 134106, 27616979, 28626808
46, 1, 21
2, 376437, 28840824, 29841373
47, 1, 21
1, 106708, 29527397, 30534064
48, 1, 21
3, 148526, 29116859, 30123975
49, 1, 21
2, 393716, 29841373, 30843445
50, 1, 21
1, 118244, 30534064, 31536196
51, 1, 21
3, 149968, 30123975, 31131449
52, 1, 21
2, 266820, 30843445, 31843852
53, 1, 21
1, 119686, 31536196, 32547668
54, 1, 21
3, 148526, 31131449, 32133686
55, 1, 21
2, 268262, 31843852, 32852173
56, 1, 21
1, 118244, 32547668, 33563478
57, 1, 21
2, 148551, 32852173, 33873577
58, 1, 21
1, 67774, 33563478, 34578033
59, 1, 21
2, 67799, 33873577, 34875092
60, 1, 21
1, 70658, 34578033, 35579409
61, 1, 21
3, 96614, 32133686, 35033124
62, 1, 21
2, 188952, 34875092, 35879934
63, 1, 21
1, 103824, 35579409, 36590590
64, 1, 21
3, 250908, 35033124, 36034646
65, 1, 21
2, 325942, 35879934, 36881660
66, 1, 21
1, 87962, 36590590, 37596840
67, 1, 21
3, 325892, 36034646, 37035889
68, 1, 21
2, 448512, 36881660, 37886103
69, 1, 21
1, 113918, 37596840, 38602600
70, 1, 21
3, 302820, 37035889, 38036763
71, 1, 21
2, 330268, 37886103, 38893227
72, 1, 21
1, 109592, 38602600, 39619315
73, 1, 21
2, 96639, 38893227, 39897741
74, 1, 21
1, 99498, 39619315, 40631822
75, 1, 21
3, 2884, 38036763, 40262240
76, 1, 21
2, 122620, 39897741, 40898111
77, 1, 21
1, 100940, 40631822, 41632935
78, 1, 21
3, 294168, 40262240, 41264194
79, 1, 21
2, 403810, 40898111, 41899755
80, 1, 21
1, 109592, 41632935, 42643597
81, 1, 21
3, 302820, 41264194, 42267487
82, 1, 21
2, 411020, 41899755, 42901838
83, 1, 21
1, 111034, 42643597, 43651818
84, 1, 21
3, 320124, 42267487, 43270999
85, 1, 21
2, 411020, 42901838, 43903443
86, 1, 21
1, 105266, 43651818, 44663027
87, 1, 21
2, 89429, 43903443, 44912751
88, 1, 21
1, 87962, 44663027, 45672724
89, 1, 21
2, 77893, 44912751, 45931413
90, 1, 21
1, 85078, 45672724, 46684652
91, 1, 21
2, 116827, 45931413, 46941540
92, 1, 21
1, 116802, 46684652, 47699351
93, 1, 21
2, 116827, 46941540, 47946551
94, 1, 21
1, 113918, 47699351, 48705978
95, 1, 21
2, 87987, 47946551, 48946570
96, 1, 21
1, 86520, 48705978, 49706686
97, 1, 21
2, 79335, 48946570, 49947337
98, 1, 21
1, 82194, 49706686, 50723444
99, 1, 21
2, 93755, 49947337, 50949485
100, 1, 21
1, 98056, 50723444, 51729582
101, 1, 21
2, 119711, 50949485, 51961058
102, 1, 21
1, 118244, 51729582, 52730432
103, 1, 21
2, 118269, 51961058, 52968875
104, 1, 21
1, 118244, 52730432, 53738284
105, 1, 21
3, 1442, 43270999, 53020920
106, 1, 21
2, 243748, 52968875, 53969466
107, 1, 21
1, 118244, 53738284, 54747151
108, 1, 21
3, 343196, 53020920, 54024108
109, 1, 21
2, 474468, 53969466, 54971013
110, 1, 21
1, 119686, 54747151, 55752833
111, 1, 21
3, 356174, 54024108, 55025740
112, 1, 21
2, 462932, 54971013, 55974074
113, 1, 21
1, 116802, 55752833, 56758962
114, 1, 21
3, 347522, 55025740, 56027866
115, 1, 21
2, 465816, 55974074, 56975827
116, 1, 21
1, 119686, 56758962, 57766837
117, 1, 21
3, 337428, 56027866, 57029029
118, 1, 21
2, 451396, 56975827, 57978613
119, 1, 21
1, 118244, 57766837, 58772674
120, 1, 21
3, 340312, 57029029, 58032400
121, 1, 21
2, 336036, 57978613, 58987745
122, 1, 21
1, 113918, 58772674, 59779763
123, 1, 21
2, 111059, 58987745, 59991139
124, 1, 21
1, 111034, 59779763, 60785119
125, 1, 21
2, 113943, 59991139, 60999834
126, 1, 21
1, 115360, 60785119, 61794702
127, 1, 21
2, 115385, 60999834, 62003364
128, 1, 21
1, 113918, 61794702, 62806069
129, 1, 21
2, 106733, 62003364, 63011902
130, 1, 21
1, 106708, 62806069, 63820152
131, 1, 21
2, 106733, 63011902, 64015363
132, 1, 21
1, 109592, 63820152, 64829166
133, 1, 21
2, 112501, 64015363, 65026315
134, 1, 21
1, 111034, 64829166, 65829721
