0, 2, 21
2, 102382, 5535527, 6545013
1, 102382, 6096853, 7106393
1, 2, 21
2, 111034, 6545013, 7545620
1, 111034, 7106393, 8106695
2, 2, 21
2, 112476, 7545620, 8557958
1, 112476, 8106695, 9119303
3, 2, 21
2, 109592, 8557958, 15659631
1, 109592, 9119303, 16220392
4, 2, 21
2, 113918, 15659631, 16668974
1, 113918, 16220392, 17230112
5, 1, 21
2, 136990, 16668974, 17671983
6, 1, 21
1, 112476, 17230112, 18240124
7, 1, 21
3, 141316, 16974245, 17976301
8, 1, 21
2, 239422, 17671983, 18680069
9, 1, 21
3, 138432, 17976301, 18981901
10, 1, 21
2, 281215, 18680069, 19681571
11, 1, 21
1, 213416, 18240124, 20248173
12, 1, 21
4, 154294, 18405794, 19413682
13, 1, 21
3, 149968, 18981901, 19989037
14, 1, 21
2, 412487, 19681571, 20686224
15, 1, 21
1, 111034, 20248173, 21255552
16, 1, 21
3, 116802, 19989037, 20989648
17, 1, 21
4, 113918, 19413682, 20448696
18, 1, 21
2, 314431, 20686224, 21686822
19, 1, 21
1, 98056, 21255552, 22308721
20, 1, 21
4, 151410, 20448696, 21456312
21, 1, 21
2, 385064, 21686822, 22689092
22, 1, 21
1, 115360, 22308721, 23318500
23, 1, 21
4, 116802, 21456312, 22456720
24, 1, 21
2, 199046, 22689092, 23689492
25, 1, 21
1, 86520, 23318500, 24321629
26, 1, 21
4, 128338, 22456720, 23463448
27, 1, 21
2, 232212, 23689492, 24696337
28, 1, 21
1, 100940, 24321629, 25325094
29, 1, 21
4, 147084, 23463448, 24469220
30, 1, 21
2, 265378, 24696337, 25699645
31, 1, 21
1, 118244, 25325094, 26334761
32, 1, 21
4, 152852, 24469220, 25470045
33, 1, 21
1, 118244, 26334761, 27337361
34, 1, 21
4, 147084, 25470045, 26472338
35, 1, 21
2, 532198, 25699645, 27700370
36, 1, 21
3, 141316, 20989648, 27916883
37, 1, 21
4, 144200, 26472338, 27475873
38, 1, 21
2, 298544, 27700370, 28717332
39, 1, 21
3, 134106, 27916883, 28926088
40, 1, 21
4, 129780, 27475873, 28478199
41, 1, 21
2, 374970, 28717332, 29717718
42, 1, 21
1, 346080, 27337361, 30403091
43, 1, 21
3, 148526, 28926088, 29932989
44, 1, 21
1, 118244, 30403091, 31404559
45, 1, 21
3, 149968, 29932989, 30939985
46, 1, 21
2, 657652, 29717718, 31719306
47, 1, 21
3, 148526, 30939985, 31942439
48, 1, 21
2, 265353, 31719306, 32720003
49, 1, 21
1, 236488, 31404559, 33412009
50, 1, 21
2, 138457, 32720003, 33750013
51, 1, 21
1, 69216, 33412009, 34445681
52, 1, 21
2, 67799, 33750013, 34751502
53, 1, 21
3, 96614, 31942439, 34841936
54, 1, 21
2, 226419, 34751502, 35751882
55, 1, 21
1, 173040, 34445681, 36446250
56, 1, 21
3, 250908, 34841936, 35842980
57, 1, 21
2, 323058, 35751882, 36756100
58, 1, 21
1, 87962, 36446250, 37451618
59, 1, 21
3, 325892, 35842980, 36843904
60, 1, 21
2, 444186, 36756100, 37756643
61, 1, 21
1, 113918, 37451618, 38457309
62, 1, 21
3, 302820, 36843904, 37844973
63, 1, 21
2, 299986, 37756643, 38768563
64, 1, 21
1, 109592, 38457309, 39467434
65, 1, 21
2, 96639, 38768563, 39772726
66, 1, 21
3, 2884, 37844973, 40070369
67, 1, 21
2, 158645, 39772726, 40773775
68, 1, 21
3, 294168, 40070369, 41072458
69, 1, 21
2, 400901, 40773775, 41775000
70, 1, 21
3, 621502, 41072458, 43075584
71, 1, 21
2, 788799, 41775000, 43776875
72, 1, 21
2, 89404, 43776875, 44785904
73, 1, 21
1, 615734, 39467434, 45536535
74, 1, 21
2, 77893, 44785904, 45793279
75, 1, 21
2, 116802, 45793279, 46813337
76, 1, 21
1, 200438, 45536535, 47546712
77, 1, 21
1, 113918, 47546712, 48555911
78, 1, 21
1, 87962, 48555911, 49570365
79, 1, 21
1, 178808, 49570365, 51580873
80, 1, 21
1, 118244, 51580873, 52581795
81, 1, 21
1, 118244, 52581795, 53589500
82, 1, 21
3, 2884, 43075584, 52829509
83, 1, 21
2, 884121, 46813337, 53842556
84, 1, 21
3, 331660, 52829509, 53831785
85, 1, 21
2, 467233, 53842556, 54845089
86, 1, 21
2, 447020, 54845089, 55848109
87, 1, 21
2, 464324, 55848109, 56849729
88, 1, 21
2, 449904, 56849729, 57854589
89, 1, 21
2, 338870, 57854589, 58860882
90, 1, 21
2, 111034, 58860882, 59865522
91, 1, 21
1, 1147832, 53589500, 63599997
