0, 2, 21
2, 72100, 5494613, 6240234
1, 72104, 6025755, 6771224
1, 2, 21
2, 144200, 6240234, 7532250
1, 144204, 6771224, 8063324
2, 2, 21
2, 144200, 7532250, 8818683
1, 144204, 8063324, 9349802
3, 2, 21
2, 217742, 8818683, 16879571
1, 217746, 9349802, 17410772
4, 2, 21
2, 74984, 16879571, 17537049
1, 72104, 17410772, 18068317
5, 2, 21
2, 82194, 17537049, 17847499
1, 36054, 18068317, 18378841
6, 2, 21
2, 43260, 17847499, 18008917
1, 18750, 18378841, 18540183
7, 2, 21
2, 23072, 18008917, 18096826
1, 10098, 18540183, 18627901
8, 2, 21
2, 334544, 18096826, 19499712
1, 144204, 18627901, 20030509
9, 2, 21
2, 271096, 19499712, 20166559
1, 72104, 20030509, 20697892
10, 2, 21
2, 134106, 20166559, 20488287
1, 36054, 20697892, 21019603
11, 2, 21
2, 67774, 20488287, 20656541
1, 18750, 21019603, 21187883
12, 2, 21
2, 498932, 20656541, 22108087
1, 144204, 21187883, 22639390
13, 2, 21
2, 223510, 22108087, 22751141
1, 72104, 22639390, 23282288
14, 2, 21
2, 95172, 22751141, 23191879
1, 36054, 23282288, 23723195
15, 2, 21
2, 43260, 23191879, 23366572
1, 18750, 23723195, 23897970
16, 2, 21
2, 12978, 23366572, 23462212
1, 10098, 23897970, 23993605
17, 2, 21
2, 340312, 23462212, 24946066
1, 144204, 23993605, 25477145
18, 2, 21
2, 328776, 24946066, 26166857
1, 144204, 25477145, 26697918
19, 2, 21
2, 164388, 26166857, 26784867
1, 72104, 26697918, 27315888
20, 2, 21
2, 327334, 26784867, 28028151
1, 144204, 27315888, 28559049
21, 2, 21
2, 436926, 28028151, 29331934
1, 144204, 28559049, 29862898
22, 2, 21
2, 256676, 29331934, 29972106
1, 72104, 29862898, 30502947
23, 2, 21
2, 124012, 29972106, 30280848
1, 36054, 30502947, 30810973
24, 2, 21
2, 356174, 30280848, 31497149
1, 144204, 30810973, 32028345
25, 2, 21
2, 162946, 31497149, 32109090
1, 72104, 32028345, 32640041
26, 2, 21
2, 80752, 32109090, 32415170
1, 36054, 32640041, 32945689
27, 2, 21
2, 255234, 32415170, 34274038
1, 144204, 32945689, 34805296
28, 2, 21
2, 72100, 34274038, 35223267
1, 72104, 34805296, 35753938
29, 2, 21
2, 70658, 35223267, 35529434
1, 36054, 35753938, 36060651
30, 2, 21
2, 77868, 35529434, 35700016
1, 18750, 36060651, 36230443
31, 2, 21
2, 40376, 35700016, 35784730
1, 10098, 36230443, 36315813
32, 2, 21
2, 23072, 35784730, 35832925
1, 5772, 36315813, 36364110
33, 2, 21
2, 542192, 35832925, 37317648
1, 144204, 36364110, 37848644
34, 2, 21
2, 268212, 37317648, 37969152
1, 72104, 37848644, 38500061
35, 2, 21
2, 131222, 37969152, 38296054
1, 36054, 38500061, 38827065
36, 2, 21
2, 191786, 38296054, 39745536
1, 144204, 38827065, 40276676
37, 2, 21
2, 72100, 39745536, 40366772
1, 72104, 40276676, 40897931
38, 2, 21
2, 485954, 40366772, 41810616
1, 144204, 40897931, 42341588
39, 2, 21
2, 266770, 41810616, 42479062
1, 72104, 42341588, 43009983
40, 2, 21
2, 136990, 42479062, 42791478
1, 36054, 43009983, 43322439
41, 2, 21
2, 72100, 42791478, 42952175
1, 18750, 43322439, 43483098
42, 2, 21
2, 372036, 42952175, 44352176
1, 144204, 43483098, 44882840
43, 2, 21
2, 72100, 44352176, 45305501
1, 72104, 44882840, 45834270
44, 2, 21
2, 36050, 45305501, 45756038
1, 36054, 45834270, 46286911
45, 2, 21
2, 144200, 45756038, 47016350
1, 144204, 46286911, 47547469
46, 2, 21
2, 72100, 47016350, 47620678
1, 72104, 47547469, 48150925
47, 2, 21
2, 144200, 47620678, 49209554
1, 144204, 48150925, 49739950
48, 2, 21
2, 144200, 49209554, 50873060
1, 144204, 49739950, 51404293
49, 2, 21
2, 144200, 50873060, 52093479
1, 144204, 51404293, 52623838
50, 2, 21
2, 72100, 52093479, 52702893
1, 72104, 52623838, 53234031
51, 2, 21
2, 314356, 52702893, 53939996
1, 144204, 53234031, 54471017
52, 2, 21
2, 288400, 53939996, 54544580
1, 72104, 54471017, 55075607
53, 2, 21
2, 148526, 54544580, 54851140
1, 36054, 55075607, 55382063
54, 2, 21
2, 572474, 54851140, 56084067
1, 144204, 55382063, 56615045
55, 2, 21
2, 555170, 56084067, 57295892
1, 144204, 56615045, 57826878
56, 2, 21
2, 534982, 57295892, 58521149
1, 144204, 57826878, 59052295
57, 2, 21
2, 144200, 58521149, 59828350
1, 144204, 59052295, 60359681
58, 2, 21
2, 72100, 59828350, 60471837
1, 72104, 60359681, 61003154
59, 2, 21
2, 144200, 60471837, 61723789
1, 144204, 61003154, 62255113
60, 2, 21
2, 144200, 61723789, 63086225
1, 144204, 62255113, 63616926
61, 2, 21
2, 144200, 63086225, 64416153
1, 144204, 63616926, 64946455
