0, 2, 21
2, 100940, 5537189, 6539521
1, 100940, 6090938, 7092495
1, 2, 21
2, 111034, 6539521, 7541804
1, 111034, 7092495, 8095356
2, 2, 21
2, 111034, 7541804, 8546321
1, 111034, 8095356, 9099665
3, 2, 21
2, 112476, 8546321, 15673954
1, 112476, 9099665, 16227672
4, 2, 21
2, 113918, 15673954, 16683214
1, 113918, 16227672, 17237051
5, 2, 21
2, 134106, 16683214, 17686178
1, 111034, 17237051, 18239784
6, 1, 21
3, 142758, 16975713, 18044343
7, 2, 21
2, 239397, 17686178, 18688243
1, 112476, 18239784, 19241288
8, 1, 21
3, 148526, 18044343, 19052838
9, 1, 21
2, 276889, 18688243, 19693281
10, 1, 21
1, 100940, 19241288, 20249485
11, 1, 21
4, 151410, 18402227, 19411666
12, 1, 21
3, 148526, 19052838, 20053096
13, 2, 21
2, 411045, 19693281, 20699337
1, 111034, 20249485, 21252822
14, 1, 21
4, 116802, 19411666, 20464110
15, 1, 21
3, 109592, 20053096, 21055682
16, 1, 21
2, 318732, 20699337, 21707984
17, 1, 21
1, 98056, 21252822, 22263296
18, 1, 21
4, 151410, 20464110, 21469690
19, 1, 21
2, 385064, 21707984, 22708752
20, 1, 21
1, 109592, 22263296, 23270197
21, 1, 21
4, 118244, 21469690, 22479371
22, 1, 21
2, 200488, 22708752, 23714950
23, 1, 21
1, 89404, 23270197, 24286034
24, 1, 21
4, 128338, 22479371, 23489402
25, 1, 21
2, 232212, 23714950, 24721156
26, 1, 21
1, 99498, 24286034, 25287824
27, 1, 21
4, 148526, 23489402, 24495492
28, 1, 21
2, 265378, 24721156, 25723320
29, 1, 21
1, 118244, 25287824, 26297700
30, 1, 21
4, 151410, 24495492, 25495746
31, 1, 21
2, 269704, 25723320, 26729314
32, 1, 21
1, 118244, 26297700, 27300872
33, 1, 21
4, 148526, 25495746, 26502579
34, 1, 21
2, 263936, 26729314, 27734121
35, 1, 21
1, 116802, 27300872, 28311892
36, 1, 21
3, 138432, 21055682, 27912865
37, 1, 21
4, 144200, 26502579, 27502937
38, 1, 21
2, 295685, 27734121, 28738875
39, 1, 21
1, 118244, 28311892, 29316810
40, 1, 21
3, 132664, 27912865, 28914780
41, 1, 21
4, 134106, 27502937, 28512036
42, 1, 21
2, 380763, 28738875, 29747766
43, 1, 21
1, 106708, 29316810, 30328205
44, 1, 21
3, 144200, 28914780, 29919877
45, 1, 21
2, 389390, 29747766, 30756577
46, 1, 21
1, 118244, 30328205, 31335524
47, 1, 21
3, 148526, 29919877, 30921444
48, 1, 21
2, 263936, 30756577, 31757469
49, 1, 21
1, 118244, 31335524, 32345750
50, 1, 21
3, 147084, 30921444, 31923899
51, 1, 21
2, 265378, 31757469, 32760699
52, 1, 21
1, 118244, 32345750, 33349383
53, 1, 21
2, 138457, 32760699, 33765725
54, 1, 21
1, 72100, 33349383, 34355890
55, 1, 21
2, 66357, 33765725, 34770782
56, 1, 21
1, 67774, 34355890, 35362075
57, 1, 21
3, 105266, 31923899, 34878384
58, 1, 21
2, 210582, 34770782, 35776455
59, 1, 21
1, 98056, 35362075, 36371000
60, 1, 21
3, 250908, 34878384, 35880210
61, 1, 21
2, 323058, 35776455, 36777551
62, 1, 21
1, 87962, 36371000, 37381231
63, 1, 21
3, 325892, 35880210, 36881525
64, 1, 21
2, 441302, 36777551, 37781063
65, 1, 21
1, 111034, 37381231, 38387804
66, 1, 21
3, 302820, 36881525, 37883573
67, 1, 21
2, 314406, 37781063, 38786679
68, 1, 21
1, 109592, 38387804, 39392584
69, 1, 21
2, 95197, 38786679, 39798918
70, 1, 21
1, 96614, 39392584, 40401135
71, 1, 21
3, 2884, 37883573, 40108971
72, 1, 21
2, 150018, 39798918, 40799702
73, 1, 21
1, 102382, 40401135, 41410108
74, 1, 21
3, 294168, 40108971, 41112294
75, 1, 21
2, 395158, 40799702, 41801130
76, 1, 21
1, 108150, 41410108, 42419993
77, 1, 21
3, 301378, 41112294, 42113317
78, 1, 21
2, 412462, 41801130, 42801989
79, 1, 21
1, 111034, 42419993, 43425350
80, 1, 21
3, 320124, 42113317, 43117303
81, 1, 21
2, 392274, 42801989, 43813286
82, 1, 21
1, 111034, 43425350, 44435002
83, 1, 21
2, 90871, 43813286, 44824981
84, 1, 21
1, 89404, 44435002, 45446779
85, 1, 21
2, 76451, 44824981, 45836765
86, 1, 21
1, 77868, 45446779, 46454828
87, 1, 21
2, 115385, 45836765, 46849720
88, 1, 21
1, 115360, 46454828, 47464387
89, 1, 21
2, 118269, 46849720, 47860986
90, 1, 21
1, 116802, 47464387, 48471747
91, 1, 21
2, 87987, 47860986, 48871437
92, 1, 21
1, 87962, 48471747, 49475427
93, 1, 21
2, 80777, 48871437, 49885329
94, 1, 21
1, 79310, 49475427, 50479497
95, 1, 21
2, 93755, 49885329, 50894271
96, 1, 21
1, 93730, 50479497, 51484137
97, 1, 21
2, 119711, 50894271, 51906803
98, 1, 21
1, 118244, 51484137, 52486254
99, 1, 21
2, 118269, 51906803, 52918814
100, 1, 21
1, 118244, 52486254, 53496699
101, 1, 21
3, 2884, 43117303, 52871130
102, 1, 21
2, 276914, 52918814, 53919883
103, 1, 21
1, 116802, 53496699, 54503723
104, 1, 21
3, 341754, 52871130, 53873784
105, 1, 21
2, 478794, 53919883, 54922469
106, 1, 21
1, 118244, 54503723, 55507738
107, 1, 21
3, 356174, 53873784, 54876744
108, 1, 21
2, 460048, 54922469, 55925078
109, 1, 21
1, 116802, 55507738, 56516276
110, 1, 21
3, 347522, 54876744, 55879036
111, 1, 21
2, 464374, 55925078, 56926248
112, 1, 21
1, 119686, 56516276, 57522408
113, 1, 21
3, 337428, 55879036, 56880008
114, 1, 21
2, 449954, 56926248, 57929665
115, 1, 21
1, 118244, 57522408, 58526306
116, 1, 21
3, 341754, 56880008, 57883547
117, 1, 21
2, 302870, 57929665, 58932976
118, 1, 21
1, 116802, 58526306, 59537920
119, 1, 21
2, 111059, 58932976, 59938820
120, 1, 21
1, 111034, 59537920, 60542651
121, 1, 21
2, 113943, 59938820, 60950453
122, 1, 21
1, 113918, 60542651, 61553277
123, 1, 21
2, 115385, 60950453, 61951204
124, 1, 21
1, 115360, 61553277, 62557230
125, 1, 21
2, 106733, 61951204, 62959881
126, 1, 21
1, 106708, 62557230, 63564336
127, 1, 21
2, 108175, 62959881, 63969512
128, 1, 21
1, 106708, 63564336, 64568683
129, 1, 21
2, 111059, 63969512, 64972892
130, 1, 21
1, 112476, 64568683, 65578930
