0, 2, 21
2, 102382, 5674625, 6685826
1, 102382, 6278375, 7289157
1, 2, 21
2, 111034, 6685826, 7687125
1, 111034, 7289157, 8290408
2, 2, 21
2, 112476, 7687125, 8700488
1, 112476, 8290408, 9303135
3, 2, 21
2, 109592, 8700488, 15801395
1, 109592, 9303135, 16404103
4, 2, 21
2, 113918, 15801395, 16810115
1, 113918, 16404103, 17413511
5, 1, 21
2, 139874, 16810115, 17819358
6, 1, 21
1, 112476, 17413511, 18424423
7, 1, 21
3, 141316, 17059950, 18061507
8, 1, 21
2, 239422, 17819358, 18823827
9, 1, 21
3, 138432, 18061507, 19067326
10, 1, 21
1, 211974, 18424423, 20424804
11, 1, 21
2, 284124, 18823827, 19825326
12, 1, 21
4, 152852, 18442662, 19451176
13, 1, 21
3, 149968, 19067326, 20074203
14, 1, 21
2, 409578, 19825326, 20828842
15, 1, 21
1, 111034, 20424804, 21435452
16, 1, 21
3, 116802, 20074203, 21076773
17, 1, 21
4, 115360, 19451176, 20500690
18, 1, 21
2, 312989, 20828842, 21830851
19, 1, 21
1, 96614, 21435452, 22439074
20, 1, 21
4, 149968, 20500690, 21506351
21, 1, 21
2, 379296, 21830851, 22840288
22, 1, 21
1, 106708, 22439074, 23445083
23, 1, 21
4, 116802, 21506351, 22507759
24, 1, 21
2, 200463, 22840288, 23843267
25, 1, 21
1, 92288, 23445083, 24460106
26, 1, 21
4, 125454, 22507759, 23511706
27, 1, 21
2, 223560, 23843267, 24843370
28, 1, 21
1, 93730, 24460106, 25471848
29, 1, 21
4, 145642, 23511706, 24517445
30, 1, 21
2, 263936, 24843370, 25849393
31, 1, 21
1, 118244, 25471848, 26482802
32, 1, 21
4, 151410, 24517445, 25525257
33, 1, 21
1, 116802, 26482802, 27483045
34, 1, 21
4, 147084, 25525257, 26530991
35, 1, 21
3, 141316, 21076773, 28003371
36, 1, 21
4, 144200, 26530991, 27533159
37, 1, 21
2, 827858, 25849393, 28858162
38, 1, 21
3, 134106, 28003371, 29013888
39, 1, 21
4, 126896, 27533159, 28536665
40, 1, 21
2, 367760, 28858162, 29858886
41, 1, 21
1, 346080, 27483045, 30563801
42, 1, 21
3, 148526, 29013888, 30019863
43, 1, 21
4, 142758, 28536665, 29541630
44, 1, 21
2, 399509, 29858886, 30859415
45, 1, 21
3, 149968, 30019863, 31027656
46, 1, 21
2, 266795, 30859415, 31863417
47, 1, 21
1, 232162, 30563801, 32564864
48, 1, 21
3, 148526, 31027656, 32032573
49, 2, 21
2, 413904, 31863417, 33993370
1, 194670, 32564864, 34595554
50, 1, 21
2, 66332, 33993370, 34997229
51, 1, 21
3, 96614, 32032573, 34932159
52, 1, 21
1, 162946, 34595554, 36599986
53, 1, 21
2, 262494, 34997229, 36009523
54, 1, 21
3, 250908, 34932159, 35933216
55, 1, 21
1, 87962, 36599986, 37605075
56, 1, 21
2, 333152, 36009523, 37015866
57, 1, 21
3, 325892, 35933216, 36935394
58, 2, 21
2, 439835, 37015866, 38022845
1, 116802, 37605075, 38625376
59, 1, 21
3, 302820, 36935394, 37936564
60, 1, 21
2, 258143, 38022845, 39026062
61, 1, 21
1, 204764, 38625376, 40627465
62, 1, 21
2, 96639, 39026062, 40035755
63, 1, 21
3, 2884, 37936564, 40161971
64, 1, 21
2, 180275, 40035755, 41042615
65, 1, 21
3, 294168, 40161971, 41164515
66, 1, 21
1, 209090, 40627465, 42630500
67, 1, 21
2, 423998, 41042615, 42043883
68, 1, 21
3, 621502, 41164515, 43167914
69, 1, 21
2, 745539, 42043883, 44052593
70, 1, 21
2, 89404, 44052593, 45063913
71, 1, 21
1, 314356, 42630500, 45679908
72, 1, 21
1, 77868, 45679908, 46690276
73, 1, 21
2, 191836, 45063913, 47070672
74, 1, 21
1, 115360, 46690276, 47699084
75, 1, 21
2, 118269, 47070672, 48075707
76, 1, 21
1, 204764, 47699084, 49702951
77, 1, 21
1, 79310, 49702951, 50703003
78, 1, 21
1, 95172, 50703003, 51719350
79, 1, 21
1, 119686, 51719350, 52730547
80, 1, 21
3, 2884, 43167914, 52921696
81, 1, 21
2, 820623, 48075707, 54121776
82, 1, 21
3, 343196, 52921696, 53925098
83, 1, 21
2, 481653, 54121776, 55123404
84, 1, 21
2, 464324, 55123404, 56123886
85, 1, 21
3, 702254, 53925098, 55925388
86, 1, 21
2, 914253, 56123886, 58126381
87, 1, 21
2, 253792, 58126381, 59133094
88, 1, 21
2, 111034, 59133094, 60138810
89, 1, 21
1, 1159368, 52730547, 62737453
