0, 2, 21
2, 72100, 5604436, 6349765
1, 72104, 6185878, 6931452
1, 2, 21
2, 144200, 6349765, 7641915
1, 144204, 6931452, 8223697
2, 2, 21
2, 144200, 7641915, 8928423
1, 144204, 8223697, 9510102
3, 2, 21
2, 217742, 8928423, 16989501
1, 217746, 9510102, 17571158
4, 2, 21
2, 79310, 16989501, 17647231
1, 72104, 17571158, 18228312
5, 2, 21
2, 82194, 17647231, 17956877
1, 36054, 18228312, 18538662
6, 2, 21
2, 43260, 17956877, 18117369
1, 18750, 18538662, 18699141
7, 2, 21
2, 23072, 18117369, 18205097
1, 10098, 18699141, 18786840
8, 2, 21
2, 334544, 18205097, 19608791
1, 144204, 18786840, 20189963
9, 2, 21
2, 269654, 19608791, 20273246
1, 72104, 20189963, 20854818
10, 2, 21
2, 132664, 20273246, 20594276
1, 36054, 20854818, 21176048
11, 2, 21
2, 69216, 20594276, 20762562
1, 18750, 21176048, 21344300
12, 2, 21
2, 494606, 20762562, 22210416
1, 144204, 21344300, 22791745
13, 2, 21
2, 226394, 22210416, 22852116
1, 72104, 22791745, 23433824
14, 2, 21
2, 87962, 22852116, 23293310
1, 36054, 23433824, 23874751
15, 2, 21
2, 43260, 23293310, 23465949
1, 18750, 23874751, 24047247
16, 2, 21
2, 18746, 23465949, 23561492
1, 10098, 24047247, 24142908
17, 2, 21
2, 333102, 23561492, 25045322
1, 144204, 24142908, 25626623
18, 2, 21
2, 328776, 25045322, 26266008
1, 144204, 25626623, 26847154
19, 2, 21
2, 164388, 26266008, 26883894
1, 72104, 26847154, 27465145
20, 2, 21
2, 325892, 26883894, 28126714
1, 144204, 27465145, 28708098
21, 2, 21
2, 444136, 28126714, 29432561
1, 144204, 28708098, 30011919
22, 2, 21
2, 252350, 29432561, 30069097
1, 72104, 30011919, 30650431
23, 2, 21
2, 126896, 30069097, 30379668
1, 36054, 30650431, 30959953
24, 2, 21
2, 367710, 30379668, 31596490
1, 144204, 30959953, 32177217
25, 2, 21
2, 161504, 31596490, 32208307
1, 72104, 32177217, 32789325
26, 2, 21
2, 80752, 32208307, 32513604
1, 36054, 32789325, 33094964
27, 2, 21
2, 249466, 32513604, 34373155
1, 144204, 33094964, 34954430
28, 2, 21
2, 72100, 34373155, 35321518
1, 72104, 34954430, 35902736
29, 2, 21
2, 87962, 35321518, 35628171
1, 36054, 35902736, 36209315
30, 2, 21
2, 79310, 35628171, 35800076
1, 18750, 36209315, 36380553
31, 2, 21
2, 40376, 35800076, 35884487
1, 10098, 36380553, 36465915
32, 2, 21
2, 21630, 35884487, 35933151
1, 5772, 36465915, 36514177
33, 2, 21
2, 543634, 35933151, 37417962
1, 144204, 36514177, 37998736
34, 2, 21
2, 263886, 37417962, 38069330
1, 72104, 37998736, 38650151
35, 2, 21
2, 139874, 38069330, 38395908
1, 36054, 38650151, 38977132
36, 2, 21
2, 173040, 38395908, 39846274
1, 144204, 38977132, 40427120
37, 2, 21
2, 72100, 39846274, 40466810
1, 72104, 40427120, 41048220
38, 2, 21
2, 509026, 40466810, 41910238
1, 144204, 41048220, 42491491
39, 2, 21
2, 263886, 41910238, 42579073
1, 72104, 42491491, 43159934
40, 2, 21
2, 136990, 42579073, 42890952
1, 36054, 43159934, 43472318
41, 2, 21
2, 73542, 42890952, 43052135
1, 18750, 43472318, 43632980
42, 2, 21
2, 350406, 43052135, 44450209
1, 144204, 43632980, 45031669
43, 2, 21
2, 72100, 44450209, 45401277
1, 72104, 45031669, 45982659
44, 2, 21
2, 36050, 45401277, 45855506
1, 36054, 45982659, 46434824
45, 2, 21
2, 144200, 45855506, 47113336
1, 144204, 46434824, 47694578
46, 2, 21
2, 72100, 47113336, 47716862
1, 72104, 47694578, 48298374
47, 2, 21
2, 144200, 47716862, 49306751
1, 144204, 48298374, 49886802
48, 2, 21
2, 144200, 49306751, 50970063
1, 144204, 49886802, 51550900
49, 2, 21
2, 144200, 50970063, 52189242
1, 144204, 51550900, 52770313
50, 2, 21
2, 72100, 52189242, 52799506
1, 72104, 52770313, 53380554
51, 2, 21
2, 331660, 52799506, 54039349
1, 144204, 53380554, 54617758
52, 2, 21
2, 292726, 54039349, 54642074
1, 72104, 54617758, 55222445
53, 2, 21
2, 149968, 54642074, 54948532
1, 36054, 55222445, 55529816
54, 2, 21
2, 569590, 54948532, 56181777
1, 144204, 55529816, 56762999
55, 2, 21
2, 556612, 56181777, 57393121
1, 144204, 56762999, 57974404
56, 2, 21
2, 513352, 57393121, 58618191
1, 144204, 57974404, 59199557
57, 2, 21
2, 144200, 58618191, 59926158
1, 144204, 59199557, 60507830
58, 2, 21
2, 72100, 59926158, 60569916
1, 72104, 60507830, 61151316
59, 2, 21
2, 144200, 60569916, 61821435
1, 144204, 61151316, 62403071
60, 2, 21
2, 144200, 61821435, 63183656
1, 144204, 62403071, 63765286
61, 2, 21
2, 144200, 63183656, 64513305
1, 144204, 63765286, 65094937
