0, 2, 21
2, 102382, 5579973, 6591331
1, 102382, 6127640, 7138946
1, 2, 21
2, 111034, 6591331, 7593840
1, 111034, 7138946, 8141460
2, 2, 21
2, 111034, 7593840, 8595097
1, 111034, 8141460, 9142549
3, 2, 21
2, 111034, 8595097, 15709726
1, 111034, 9142549, 16256992
4, 2, 21
2, 113918, 15709726, 16719214
1, 113918, 16256992, 17266466
5, 1, 21
2, 136990, 16719214, 17721233
6, 1, 21
1, 112476, 17266466, 18276113
7, 1, 21
3, 141316, 16981870, 17987485
8, 1, 21
2, 237980, 17721233, 18723085
9, 1, 21
1, 112476, 18276113, 19335623
10, 1, 21
3, 136990, 17987485, 18990385
11, 1, 21
2, 274030, 18723085, 19726259
12, 1, 21
1, 106708, 19335623, 20337166
13, 1, 21
3, 149968, 18990385, 19996130
14, 1, 21
4, 154294, 18422869, 19424325
15, 1, 21
2, 413929, 19726259, 20732944
16, 1, 21
1, 111034, 20337166, 21346264
17, 1, 21
3, 118244, 19996130, 21003539
18, 1, 21
4, 113918, 19424325, 20457306
19, 1, 21
2, 317315, 20732944, 21734033
20, 1, 21
1, 92288, 21346264, 22352811
21, 1, 21
4, 151410, 20457306, 21461926
22, 1, 21
2, 383622, 21734033, 22738864
23, 1, 21
1, 113918, 22352811, 23361010
24, 1, 21
4, 116802, 21461926, 22464815
25, 1, 21
2, 201930, 22738864, 23746451
26, 1, 21
1, 86520, 23361010, 24363776
27, 1, 21
4, 124012, 22464815, 23472642
28, 1, 21
2, 226444, 23746451, 24749681
29, 1, 21
1, 100940, 24363776, 25367199
30, 1, 21
4, 142758, 23472642, 24479735
31, 1, 21
2, 259610, 24749681, 25749946
32, 1, 21
1, 118244, 25367199, 26377488
33, 1, 21
4, 149968, 24479735, 25489685
34, 1, 21
2, 265378, 25749946, 26750523
35, 1, 21
1, 118244, 26377488, 27383253
36, 1, 21
4, 147084, 25489685, 26498989
37, 1, 21
2, 262494, 26750523, 27752193
38, 1, 21
1, 115360, 27383253, 28384168
39, 1, 21
3, 141316, 21003539, 27930166
40, 1, 21
4, 144200, 26498989, 27502197
41, 1, 21
2, 297127, 27752193, 28755663
42, 1, 21
1, 118244, 28384168, 29389339
43, 1, 21
3, 134106, 27930166, 28941037
44, 1, 21
4, 132664, 27502197, 28510763
45, 1, 21
2, 373553, 28755663, 29757060
46, 1, 21
1, 106708, 29389339, 30400096
47, 1, 21
3, 144200, 28941037, 29943520
48, 1, 21
4, 139874, 28510763, 29519481
49, 1, 21
2, 396625, 29757060, 30759174
50, 1, 21
1, 118244, 30400096, 31403424
51, 1, 21
3, 149968, 29943520, 30949919
52, 1, 21
2, 274030, 30759174, 31766817
53, 1, 21
1, 118244, 31403424, 32403526
54, 1, 21
3, 148526, 30949919, 31957229
55, 1, 21
2, 265378, 31766817, 32770454
56, 1, 21
1, 118244, 32403526, 33404289
57, 1, 21
2, 142783, 32770454, 33785508
58, 1, 21
1, 72100, 33404289, 34410108
59, 1, 21
2, 66357, 33785508, 34788130
60, 1, 21
1, 67774, 34410108, 35433190
61, 1, 21
3, 100940, 31957229, 34883396
62, 1, 21
2, 209140, 34788130, 35788640
63, 1, 21
1, 100940, 35433190, 36434530
64, 1, 21
3, 250908, 34883396, 35884152
65, 1, 21
2, 323058, 35788640, 36788675
66, 1, 21
1, 87962, 36434530, 37439834
67, 1, 21
3, 325892, 35884152, 36884775
68, 1, 21
2, 445628, 36788675, 37790553
69, 1, 21
1, 113918, 37439834, 38445047
70, 1, 21
3, 302820, 36884775, 37885880
71, 1, 21
2, 314406, 37790553, 38790596
72, 1, 21
1, 109592, 38445047, 39446244
73, 1, 21
2, 96639, 38790596, 39800467
74, 1, 21
1, 96614, 39446244, 40450014
75, 1, 21
3, 2884, 37885880, 40111257
76, 1, 21
2, 142808, 39800467, 40803601
77, 1, 21
1, 102382, 40450014, 41452985
78, 1, 21
3, 292726, 40111257, 41111864
79, 1, 21
2, 400926, 40803601, 41807627
80, 1, 21
1, 108150, 41452985, 42461630
81, 1, 21
3, 302820, 41111864, 42115044
82, 1, 21
2, 412462, 41807627, 42809254
83, 1, 21
1, 111034, 42461630, 43466706
84, 1, 21
3, 318682, 42115044, 43115058
85, 1, 21
2, 393716, 42809254, 43811445
86, 1, 21
1, 109592, 43466706, 44470638
87, 1, 21
2, 89429, 43811445, 44820924
88, 1, 21
1, 87962, 44470638, 45487797
89, 1, 21
2, 77893, 44820924, 45833397
90, 1, 21
1, 80752, 45487797, 46499967
91, 1, 21
2, 115385, 45833397, 46842186
92, 1, 21
1, 116802, 46499967, 47511599
93, 1, 21
2, 118269, 46842186, 47847058
94, 1, 21
1, 115360, 47511599, 48512485
95, 1, 21
2, 87987, 47847058, 48858050
96, 1, 21
1, 87962, 48512485, 49519527
97, 1, 21
2, 80777, 48858050, 49870190
98, 1, 21
1, 80752, 49519527, 50525653
99, 1, 21
2, 93755, 49870190, 50874944
100, 1, 21
1, 95172, 50525653, 51534042
101, 1, 21
2, 119711, 50874944, 51885541
102, 1, 21
1, 119686, 51534042, 52543083
103, 1, 21
2, 118269, 51885541, 52892318
104, 1, 21
1, 118244, 52543083, 53552070
105, 1, 21
3, 4326, 43115058, 52873083
106, 1, 21
2, 263936, 52892318, 53894339
107, 1, 21
1, 118244, 53552070, 54563672
108, 1, 21
3, 343196, 52873083, 53876422
109, 1, 21
2, 477352, 53894339, 54896738
110, 1, 21
1, 119686, 54563672, 55571373
111, 1, 21
3, 356174, 53876422, 54878532
112, 1, 21
2, 460048, 54896738, 55896788
113, 1, 21
1, 116802, 55571373, 56577130
114, 1, 21
3, 347522, 54878532, 55881401
115, 1, 21
2, 462932, 55896788, 56898849
116, 1, 21
1, 119686, 56577130, 57580570
117, 1, 21
3, 337428, 55881401, 56882577
118, 1, 21
2, 449954, 56898849, 57899788
119, 1, 21
1, 118244, 57580570, 58581398
120, 1, 21
3, 341754, 56882577, 57885941
121, 1, 21
2, 317290, 57899788, 58901908
122, 1, 21
1, 115360, 58581398, 59593872
123, 1, 21
2, 111059, 58901908, 59902760
124, 1, 21
1, 111034, 59593872, 60595537
125, 1, 21
2, 113943, 59902760, 60913415
126, 1, 21
1, 113918, 60595537, 61595672
127, 1, 21
2, 115385, 60913415, 61916415
128, 1, 21
1, 115360, 61595672, 62605579
129, 1, 21
2, 106733, 61916415, 62923842
130, 1, 21
1, 105266, 62605579, 63614708
131, 1, 21
2, 106733, 62923842, 63930029
132, 1, 21
1, 108150, 63614708, 64617006
133, 1, 21
2, 112501, 63930029, 64937345
134, 1, 21
1, 111034, 64617006, 65617195
