0, 2, 21
2, 213416, 5604385, 7615608
1, 213416, 6213060, 8223937
1, 2, 21
2, 222068, 7615608, 15729324
1, 222068, 8223937, 16337940
2, 1, 21
2, 245140, 15729324, 17729489
3, 1, 21
1, 224952, 16337940, 18344818
4, 1, 21
3, 279748, 17016640, 19021576
5, 1, 21
2, 513402, 17729489, 19731465
6, 1, 21
1, 213416, 18344818, 20352865
7, 1, 21
3, 263886, 19021576, 21023284
8, 1, 21
4, 268212, 18428058, 20477535
9, 1, 21
2, 722517, 19731465, 21733631
10, 1, 21
1, 207648, 20352865, 22355396
11, 1, 21
4, 266770, 20477535, 22481909
12, 1, 21
2, 594154, 21733631, 23751829
13, 1, 21
1, 200438, 22355396, 24399728
14, 1, 21
2, 487421, 23751829, 25756525
15, 1, 21
1, 216300, 24399728, 26405270
16, 1, 21
4, 343196, 22481909, 24985902
17, 1, 21
2, 529264, 25756525, 27763810
18, 1, 21
1, 233604, 26405270, 28414651
19, 1, 21
4, 292726, 24985902, 26994639
20, 1, 21
3, 144200, 21023284, 27997765
21, 1, 21
2, 650417, 27763810, 29764139
22, 1, 21
1, 223510, 28414651, 30418021
23, 1, 21
4, 272538, 26994639, 29001508
24, 1, 21
3, 273980, 27997765, 30009602
25, 1, 21
2, 803269, 29764139, 32269669
26, 1, 21
1, 288400, 30418021, 32927923
27, 1, 21
3, 297052, 30009602, 32016052
28, 1, 21
2, 323058, 32269669, 34275692
29, 1, 21
1, 170156, 32927923, 34994950
30, 1, 21
3, 106708, 32016052, 34978384
31, 1, 21
2, 386506, 34275692, 36276270
32, 1, 21
1, 181692, 34994950, 37001520
33, 1, 21
3, 553728, 34978384, 36979609
34, 1, 21
2, 747006, 36276270, 38277394
35, 1, 21
1, 209090, 37001520, 39003762
36, 1, 21
2, 340337, 38277394, 40277756
37, 1, 21
1, 253792, 39003762, 41520925
38, 1, 21
3, 328776, 36979609, 40331083
39, 1, 21
2, 624436, 40277756, 42278714
40, 1, 21
3, 595546, 40331083, 42332713
41, 1, 21
2, 713815, 42278714, 44286626
42, 1, 21
1, 412412, 41520925, 45474069
43, 1, 21
2, 175949, 44286626, 46294104
44, 1, 21
1, 190344, 45474069, 47486455
45, 1, 21
2, 224977, 46294104, 48304760
46, 1, 21
1, 204764, 47486455, 49491490
47, 1, 21
2, 165855, 48304760, 50321795
48, 1, 21
1, 173040, 49491490, 51497777
49, 1, 21
2, 281215, 50321795, 52823762
50, 1, 21
1, 236488, 51497777, 53505530
51, 1, 21
3, 323008, 42332713, 53091097
52, 1, 21
2, 633088, 52823762, 54824857
53, 1, 21
1, 235046, 53505530, 55511057
54, 1, 21
3, 697928, 53091097, 55094225
55, 1, 21
2, 930140, 54824857, 56825341
56, 1, 21
1, 295610, 55511057, 58017659
57, 1, 21
3, 847896, 55094225, 57598618
58, 1, 21
2, 925814, 56825341, 59334476
59, 1, 21
1, 445578, 58017659, 61932692
60, 1, 21
2, 224977, 59334476, 61336444
61, 1, 21
2, 219184, 61336444, 63350435
62, 1, 21
2, 275422, 63350435, 65856948
