0, 2, 21
2, 72100, 5622972, 6371168
1, 72104, 6202949, 6950751
1, 2, 21
2, 144200, 6371168, 7663039
1, 144204, 6950751, 8243130
2, 2, 21
2, 144200, 7663039, 8949824
1, 144204, 8243130, 9529837
3, 2, 21
2, 217742, 8949824, 17011218
1, 217746, 9529837, 17591316
4, 2, 21
2, 87962, 17011218, 17668685
1, 72104, 17591316, 18248651
5, 2, 21
2, 80752, 17668685, 17979200
1, 36054, 18248651, 18559090
6, 2, 21
2, 41818, 17979200, 18139442
1, 18750, 18559090, 18719371
7, 2, 21
2, 21630, 18139442, 18227388
1, 10098, 18719371, 18807092
8, 2, 21
2, 334544, 18227388, 19630213
1, 144204, 18807092, 20210366
9, 2, 21
2, 269654, 19630213, 20295788
1, 72104, 20210366, 20875574
10, 2, 21
2, 131222, 20295788, 20616638
1, 36054, 20875574, 21196702
11, 2, 21
2, 70658, 20616638, 20785343
1, 18750, 21196702, 21364951
12, 2, 21
2, 491722, 20785343, 22232785
1, 144204, 21364951, 22812800
13, 2, 21
2, 219184, 22232785, 22874891
1, 72104, 22812800, 23455020
14, 2, 21
2, 85078, 22874891, 23316184
1, 36054, 23455020, 23896218
15, 2, 21
2, 43260, 23316184, 23488783
1, 18750, 23896218, 24068636
16, 2, 21
2, 24514, 23488783, 23584733
1, 10098, 24068636, 24164592
17, 2, 21
2, 323008, 23584733, 25069678
1, 144204, 24164592, 25648272
18, 2, 21
2, 325892, 25069678, 26289542
1, 144204, 25648272, 26869319
19, 2, 21
2, 164388, 26289542, 26910624
1, 72104, 26869319, 27490327
20, 2, 21
2, 330218, 26910624, 28183184
1, 144204, 27490327, 28762806
21, 2, 21
2, 451346, 28183184, 29488156
1, 144204, 28762806, 30067461
22, 2, 21
2, 253792, 29488156, 30127511
1, 72104, 30067461, 30706230
23, 2, 21
2, 124012, 30127511, 30434537
1, 36054, 30706230, 31014213
24, 2, 21
2, 374920, 30434537, 31651925
1, 144204, 31014213, 32231808
25, 2, 21
2, 162946, 31651925, 32265005
1, 72104, 32231808, 32844743
26, 2, 21
2, 80752, 32265005, 32570480
1, 36054, 32844743, 33150321
27, 2, 21
2, 245140, 32570480, 34430226
1, 144204, 33150321, 35010198
28, 2, 21
2, 72100, 34430226, 35378837
1, 72104, 35010198, 35958789
29, 2, 21
2, 92288, 35378837, 35685499
1, 36054, 35958789, 36265463
30, 2, 21
2, 77868, 35685499, 35855642
1, 18750, 36265463, 36435507
31, 2, 21
2, 43260, 35855642, 35941031
1, 10098, 36435507, 36520826
32, 2, 21
2, 18746, 35941031, 35989538
1, 5772, 36520826, 36569327
33, 2, 21
2, 545076, 35989538, 37474891
1, 144204, 36569327, 38054226
34, 2, 21
2, 265328, 37474891, 38126892
1, 72104, 38054226, 38706052
35, 2, 21
2, 136990, 38126892, 38453155
1, 36054, 38706052, 39033012
36, 2, 21
2, 168714, 38453155, 39902984
1, 144204, 39033012, 40482759
37, 2, 21
2, 72100, 39902984, 40524572
1, 72104, 40482759, 41103965
38, 2, 21
2, 514794, 40524572, 41968502
1, 144204, 41103965, 42547633
39, 2, 21
2, 262444, 41968502, 42637022
1, 72104, 42547633, 43216750
40, 2, 21
2, 138432, 42637022, 42950039
1, 36054, 43216750, 43529177
41, 2, 21
2, 72100, 42950039, 43110931
1, 18750, 43529177, 43689891
42, 2, 21
2, 343196, 43110931, 44509090
1, 144204, 43689891, 45088840
43, 2, 21
2, 72100, 44509090, 45461561
1, 72104, 45088840, 46041419
44, 2, 21
2, 36050, 45461561, 45914015
1, 36054, 46041419, 46493947
45, 2, 21
2, 144200, 45914015, 47175561
1, 144204, 46493947, 47754409
46, 2, 21
2, 72100, 47175561, 47777573
1, 72104, 47754409, 48357217
47, 2, 21
2, 144200, 47777573, 49373294
1, 144204, 48357217, 49946940
48, 2, 21
2, 144200, 49373294, 51031480
1, 144204, 49946940, 51611373
49, 2, 21
2, 144200, 51031480, 52253991
1, 144204, 51611373, 52833140
50, 2, 21
2, 72100, 52253991, 52865285
1, 72104, 52833140, 53444494
51, 2, 21
2, 340312, 52865285, 54105517
1, 144204, 53444494, 54683491
52, 2, 21
2, 286958, 54105517, 54710536
1, 72104, 54683491, 55290021
53, 2, 21
2, 145642, 54710536, 55016991
1, 36054, 55290021, 55596404
54, 2, 21
2, 547960, 55016991, 56250706
1, 144204, 55596404, 56829550
55, 2, 21
2, 553728, 56250706, 57462813
1, 144204, 56829550, 58042408
56, 2, 21
2, 537866, 57462813, 58690672
1, 144204, 58042408, 59270291
57, 2, 21
2, 144200, 58690672, 60000935
1, 144204, 59270291, 60580369
58, 2, 21
2, 72100, 60000935, 60645623
1, 72104, 60580369, 61225330
59, 2, 21
2, 144200, 60645623, 61900960
1, 144204, 61225330, 62480598
60, 2, 21
2, 144200, 61900960, 63266203
1, 144204, 62480598, 63846005
61, 2, 21
2, 144200, 63266203, 64597977
1, 144204, 63846005, 65177775
