0, 2, 21
2, 211974, 5591978, 7594372
1, 211974, 6169289, 8170970
1, 2, 21
2, 223510, 7594372, 15722433
1, 223510, 8170970, 16299475
2, 1, 21
2, 240814, 15722433, 17728047
3, 1, 21
1, 224952, 16299475, 18309664
4, 1, 21
3, 278306, 17050055, 19054076
5, 1, 21
2, 507634, 17728047, 19731968
6, 1, 21
1, 213416, 18309664, 20321862
7, 1, 21
4, 266770, 18469313, 20473427
8, 1, 21
3, 266770, 19054076, 21058591
9, 1, 21
2, 719633, 19731968, 21733097
10, 1, 21
1, 204764, 20321862, 22331020
11, 1, 21
4, 265328, 20473427, 22524727
12, 1, 21
2, 601364, 21733097, 23751170
13, 1, 21
1, 201880, 22331020, 24340615
14, 1, 21
4, 268212, 22524727, 24532429
15, 1, 21
2, 483120, 23751170, 25754853
16, 1, 21
1, 210532, 24340615, 26343909
17, 1, 21
4, 291284, 24532429, 26535801
18, 1, 21
2, 520612, 25754853, 27755736
19, 1, 21
1, 232162, 26343909, 28345627
20, 1, 21
3, 142758, 21058591, 27994597
21, 1, 21
4, 279748, 26535801, 28550696
22, 1, 21
2, 666279, 27755736, 29756526
23, 1, 21
1, 223510, 28345627, 30349621
24, 1, 21
3, 281190, 27994597, 30002284
25, 1, 21
2, 680674, 29756526, 31757646
26, 1, 21
1, 235046, 30349621, 32359768
27, 1, 21
3, 297052, 30002284, 32002975
28, 2, 21
2, 423998, 31757646, 33860669
1, 200438, 32359768, 34437409
29, 1, 21
3, 99498, 32002975, 34920533
30, 1, 21
2, 291309, 33860669, 35863570
31, 1, 21
1, 164388, 34437409, 36445895
32, 1, 21
3, 576800, 34920533, 36922771
33, 1, 21
2, 765752, 35863570, 37864102
34, 1, 21
1, 203322, 36445895, 38458219
35, 1, 21
2, 396575, 37864102, 39867644
36, 1, 21
1, 206206, 38458219, 40468967
37, 1, 21
3, 305704, 36922771, 40149187
38, 1, 21
2, 552336, 39867644, 41867801
39, 1, 21
1, 209090, 40468967, 42471547
40, 1, 21
3, 594104, 40149187, 42149428
41, 1, 21
2, 797476, 41867801, 43878505
42, 1, 21
1, 222068, 42471547, 44481725
43, 1, 21
2, 165855, 43878505, 45886987
44, 1, 21
1, 165830, 44481725, 46491271
45, 1, 21
2, 232187, 45886987, 47889015
46, 1, 21
1, 232162, 46491271, 48493514
47, 1, 21
2, 167297, 47889015, 49898665
48, 1, 21
1, 167272, 48493514, 50502378
49, 1, 21
2, 211999, 49898665, 51904692
50, 1, 21
1, 211974, 50502378, 52507265
51, 1, 21
3, 324450, 42149428, 52911898
52, 1, 21
2, 374970, 51904692, 53904772
53, 1, 21
1, 235046, 52507265, 54514801
54, 1, 21
3, 697928, 52911898, 54913089
55, 1, 21
2, 937350, 53904772, 55905737
56, 1, 21
1, 235046, 54514801, 56523084
57, 1, 21
3, 683508, 54913089, 56913492
58, 1, 21
2, 914278, 55905737, 57905868
59, 1, 21
1, 237930, 56523084, 58528300
60, 1, 21
2, 435509, 57905868, 59910836
61, 1, 21
1, 227836, 58528300, 60540850
62, 1, 21
2, 229303, 59910836, 61921962
63, 1, 21
1, 229278, 60540850, 62553861
64, 1, 21
2, 213441, 61921962, 63925386
65, 1, 21
1, 213416, 62553861, 64558963
