0, 2, 21
2, 211974, 5604887, 7613111
1, 211974, 6176483, 8184103
1, 2, 21
2, 223510, 7613111, 15739554
1, 223510, 8184103, 16310543
2, 1, 21
2, 240814, 15739554, 17742632
3, 1, 21
1, 224952, 16310543, 18317322
4, 1, 21
3, 273980, 17042094, 19044211
5, 1, 21
2, 509076, 17742632, 19746257
6, 1, 21
1, 213416, 18317322, 20324635
7, 1, 21
3, 266770, 19044211, 21050931
8, 1, 21
4, 268212, 18442767, 20480019
9, 1, 21
2, 723959, 19746257, 21753117
10, 1, 21
1, 203322, 20324635, 22328393
11, 1, 21
2, 599897, 21753117, 23754303
12, 1, 21
4, 321566, 20480019, 22982051
13, 1, 21
1, 240814, 22328393, 24830752
14, 1, 21
2, 488888, 23754303, 25755626
15, 1, 21
4, 297052, 22982051, 24987181
16, 1, 21
1, 230720, 24830752, 26838314
17, 1, 21
2, 532148, 25755626, 27759520
18, 1, 21
4, 295610, 24987181, 26991166
19, 1, 21
1, 233604, 26838314, 28846004
20, 1, 21
3, 147084, 21050931, 28021774
21, 1, 21
2, 657627, 27759520, 29764068
22, 1, 21
4, 276864, 26991166, 28991892
23, 1, 21
1, 223510, 28846004, 30852624
24, 1, 21
3, 278306, 28021774, 30024701
25, 1, 21
2, 790291, 29764068, 32267578
26, 1, 21
3, 297052, 30024701, 32028692
27, 1, 21
1, 288400, 30852624, 33354366
28, 1, 21
2, 325942, 32267578, 34328239
29, 1, 21
1, 149968, 33354366, 35409028
30, 1, 21
3, 102382, 32028692, 34963537
31, 1, 21
2, 398042, 34328239, 36331036
32, 1, 21
1, 177366, 35409028, 37436188
33, 1, 21
3, 576800, 34963537, 36965709
34, 1, 21
2, 783056, 36331036, 38332487
35, 1, 21
1, 217742, 37436188, 39442372
36, 1, 21
2, 279773, 38332487, 40343504
37, 1, 21
3, 305704, 36965709, 40191721
38, 1, 21
1, 248024, 39442372, 41988479
39, 1, 21
2, 682116, 40343504, 42355172
40, 1, 21
3, 595546, 40191721, 42192926
41, 1, 21
2, 661903, 42355172, 44365131
42, 1, 21
1, 408086, 41988479, 45908689
43, 1, 21
2, 171623, 44365131, 46371007
44, 1, 21
1, 200438, 45908689, 47919858
45, 1, 21
2, 269679, 46371007, 48883071
46, 1, 21
1, 200438, 47919858, 49926657
47, 1, 21
1, 178808, 49926657, 51937264
48, 1, 21
2, 390832, 48883071, 52792253
49, 1, 21
1, 236488, 51937264, 53945333
50, 1, 21
3, 323008, 42192926, 52950126
51, 1, 21
2, 672022, 52792253, 54793980
52, 1, 21
1, 236488, 53945333, 55947459
53, 1, 21
3, 697928, 52950126, 54951920
54, 1, 21
2, 924372, 54793980, 56796056
55, 1, 21
1, 294168, 55947459, 58447643
56, 1, 21
3, 842128, 54951920, 57453452
57, 1, 21
2, 894090, 56796056, 59298658
58, 1, 21
2, 224952, 59298658, 61303159
59, 1, 21
1, 445578, 58447643, 62361792
60, 1, 21
2, 219209, 61303159, 63305964
61, 1, 21
2, 275422, 63305964, 65816169
