0, 2, 21
2, 72100, 5566407, 6312600
1, 72104, 6117902, 6863898
1, 2, 21
2, 144200, 6312600, 7604814
1, 144204, 6863898, 8156180
2, 2, 21
2, 144200, 7604814, 8891333
1, 144204, 8156180, 9442435
3, 2, 21
2, 217742, 8891333, 16951969
1, 217746, 9442435, 17503395
4, 2, 21
2, 76426, 16951969, 17609027
1, 72104, 17503395, 18160344
5, 2, 21
2, 83636, 17609027, 17919973
1, 36054, 18160344, 18470871
6, 2, 21
2, 43260, 17919973, 18080109
1, 18750, 18470871, 18631157
7, 2, 21
2, 21630, 18080109, 18167775
1, 10098, 18631157, 18718798
8, 2, 21
2, 333102, 18167775, 19569980
1, 144204, 18718798, 20121407
9, 2, 21
2, 271096, 19569980, 20235251
1, 72104, 20121407, 20786333
10, 2, 21
2, 131222, 20235251, 20556354
1, 36054, 20786333, 21107552
11, 2, 21
2, 70658, 20556354, 20724476
1, 18750, 21107552, 21275953
12, 2, 21
2, 496048, 20724476, 22172373
1, 144204, 21275953, 22723481
13, 2, 21
2, 227836, 22172373, 22814370
1, 72104, 22723481, 23365760
14, 2, 21
2, 90846, 22814370, 23255429
1, 36054, 23365760, 23806799
15, 2, 21
2, 43260, 23255429, 23428427
1, 18750, 23806799, 23979323
16, 2, 21
2, 17304, 23428427, 23524195
1, 10098, 23979323, 24075002
17, 2, 21
2, 334544, 23524195, 25009627
1, 144204, 24075002, 25560337
18, 2, 21
2, 328776, 25009627, 26230013
1, 144204, 25560337, 26781073
19, 2, 21
2, 162946, 26230013, 26848353
1, 72104, 26781073, 27399199
20, 2, 21
2, 328776, 26848353, 28092211
1, 144204, 27399199, 28643181
21, 2, 21
2, 438368, 28092211, 29397310
1, 144204, 28643181, 29948210
22, 2, 21
2, 255234, 29397310, 30040073
1, 72104, 29948210, 30591114
23, 2, 21
2, 126896, 30040073, 30355757
1, 36054, 30591114, 30906446
24, 2, 21
2, 366268, 30355757, 31616969
1, 144204, 30906446, 32168149
25, 2, 21
2, 162946, 31616969, 32229429
1, 72104, 32168149, 32780437
26, 2, 21
2, 80752, 32229429, 32535093
1, 36054, 32780437, 33086300
27, 2, 21
2, 246582, 32535093, 34397077
1, 144204, 33086300, 34947479
28, 2, 21
2, 72100, 34397077, 35346659
1, 72104, 34947479, 35895914
29, 2, 21
2, 93730, 35346659, 35652322
1, 36054, 35895914, 36202867
30, 2, 21
2, 77868, 35652322, 35821186
1, 18750, 36202867, 36372520
31, 2, 21
2, 41818, 35821186, 35906649
1, 10098, 36372520, 36457914
32, 2, 21
2, 18746, 35906649, 35955128
1, 5772, 36457914, 36506357
33, 2, 21
2, 545076, 35955128, 37439726
1, 144204, 36506357, 37990958
34, 2, 21
2, 265328, 37439726, 38091208
1, 72104, 37990958, 38642405
35, 2, 21
2, 135548, 38091208, 38418126
1, 36054, 38642405, 38969384
36, 2, 21
2, 170156, 38418126, 39868072
1, 144204, 38969384, 40419298
37, 2, 21
2, 72100, 39868072, 40489248
1, 72104, 40419298, 41040517
38, 2, 21
2, 513352, 40489248, 41934985
1, 144204, 41040517, 42486120
39, 2, 21
2, 263886, 41934985, 42602686
1, 72104, 42486120, 43153239
40, 2, 21
2, 138432, 42602686, 42914552
1, 36054, 43153239, 43465721
41, 2, 21
2, 72100, 42914552, 43075614
1, 18750, 43465721, 43626446
42, 2, 21
2, 346080, 43075614, 44473889
1, 144204, 43626446, 45025175
43, 2, 21
2, 72100, 44473889, 45424995
1, 72104, 45025175, 45976151
44, 2, 21
2, 36050, 45424995, 45876958
1, 36054, 45976151, 46428163
45, 2, 21
2, 144200, 45876958, 47137966
1, 144204, 46428163, 47688388
46, 2, 21
2, 72100, 47137966, 47740494
1, 72104, 47688388, 48291111
47, 2, 21
2, 144200, 47740494, 49328303
1, 144204, 48291111, 49879575
48, 2, 21
2, 144200, 49328303, 50992428
1, 144204, 49879575, 51543699
49, 2, 21
2, 144200, 50992428, 52212621
1, 144204, 51543699, 52763796
50, 2, 21
2, 72100, 52212621, 52823437
1, 72104, 52763796, 53374540
51, 2, 21
2, 337428, 52823437, 54061269
1, 144204, 53374540, 54612117
52, 2, 21
2, 292726, 54061269, 54666113
1, 72104, 54612117, 55217278
53, 2, 21
2, 148526, 54666113, 54973596
1, 36054, 55217278, 55523964
54, 2, 21
2, 569590, 54973596, 56209052
1, 144204, 55523964, 56760265
55, 2, 21
2, 556612, 56209052, 57421731
1, 144204, 56760265, 57972215
56, 2, 21
2, 507584, 57421731, 58646091
1, 144204, 57972215, 59197461
57, 2, 21
2, 144200, 58646091, 59953191
1, 144204, 59197461, 60504689
58, 2, 21
2, 72100, 59953191, 60596747
1, 72104, 60504689, 61148208
59, 2, 21
2, 144200, 60596747, 61848615
1, 144204, 61148208, 62400033
60, 2, 21
2, 144200, 61848615, 63211914
1, 144204, 62400033, 63763237
61, 2, 21
2, 144200, 63211914, 64542892
1, 144204, 63763237, 65094157
