0, 2, 21
2, 211974, 5588150, 7602239
1, 211974, 6175771, 8188931
1, 2, 21
2, 223510, 7602239, 15730026
1, 223510, 8188931, 16317053
2, 1, 21
2, 248024, 15730026, 17737997
3, 1, 21
1, 224952, 16317053, 18325064
4, 1, 21
3, 278306, 17007297, 19012107
5, 1, 21
2, 516286, 17737997, 19742264
6, 1, 21
1, 213416, 18325064, 20335052
7, 1, 21
3, 263886, 19012107, 21012741
8, 1, 21
4, 268212, 18425321, 20468444
9, 1, 21
2, 722517, 19742264, 21752051
10, 1, 21
1, 207648, 20335052, 22340373
11, 1, 21
4, 263886, 20468444, 22476027
12, 2, 21
2, 586944, 21752051, 23759756
1, 198996, 22340373, 24346347
13, 1, 21
4, 271096, 22476027, 24478515
14, 2, 21
2, 488863, 23759756, 25760468
1, 210532, 24346347, 26347481
15, 1, 21
4, 288400, 24478515, 26479406
16, 2, 21
2, 522029, 25760468, 27769406
1, 233604, 26347481, 28354496
17, 1, 21
3, 145642, 21012741, 27994581
18, 1, 21
4, 279748, 26479406, 28497845
19, 1, 21
2, 657602, 27769406, 29769636
20, 1, 21
1, 217742, 28354496, 30367888
21, 1, 21
3, 276864, 27994581, 30000474
22, 1, 21
2, 664812, 29769636, 31771810
23, 1, 21
1, 227836, 30367888, 32368671
24, 1, 21
3, 292726, 30000474, 32001214
25, 1, 21
2, 435534, 31771810, 33777245
26, 1, 21
1, 211974, 32368671, 34543574
27, 1, 21
3, 108150, 32001214, 34972806
28, 1, 21
2, 220676, 33777245, 35777983
29, 1, 21
1, 164388, 34543574, 36547502
30, 1, 21
3, 576800, 34972806, 36974366
31, 1, 21
2, 777288, 35777983, 37780508
32, 1, 21
1, 203322, 36547502, 38560642
33, 1, 21
2, 436951, 37780508, 39792475
34, 1, 21
1, 204764, 38560642, 40561122
35, 1, 21
3, 305704, 36974366, 40202791
36, 1, 21
2, 507634, 39792475, 41792613
37, 1, 21
1, 209090, 40561122, 42561763
38, 1, 21
3, 595546, 40202791, 42204881
39, 1, 21
2, 842178, 41792613, 43802718
40, 1, 21
1, 222068, 42561763, 44573012
41, 1, 21
2, 173065, 43802718, 45814734
42, 1, 21
1, 165830, 44573012, 46581644
43, 1, 21
2, 224977, 45814734, 47824419
44, 1, 21
1, 232162, 46581644, 48586025
45, 1, 21
2, 174507, 47824419, 49825919
46, 1, 21
1, 167272, 48586025, 50593743
47, 1, 21
2, 203347, 49825919, 51829750
48, 1, 21
1, 211974, 50593743, 52600650
49, 1, 21
3, 323008, 42204881, 52962529
50, 1, 21
2, 331710, 51829750, 53832697
51, 1, 21
1, 235046, 52600650, 54607293
52, 1, 21
3, 697928, 52962529, 54965715
53, 1, 21
2, 937350, 53832697, 55834967
54, 1, 21
1, 235046, 54607293, 56615140
55, 1, 21
3, 684950, 54965715, 56969732
56, 1, 21
2, 912836, 55834967, 57836804
57, 1, 21
1, 237930, 56615140, 58621371
58, 1, 21
2, 480211, 57836804, 59842153
59, 1, 21
1, 227836, 58621371, 60633641
60, 1, 21
2, 229303, 59842153, 61851540
61, 1, 21
1, 229278, 60633641, 62646553
62, 1, 21
2, 213441, 61851540, 63857443
63, 1, 21
1, 213416, 62646553, 64651610
64, 1, 21
2, 220651, 63857443, 65857898
