0, 2, 21
2, 54796, 5604042, 6164224
1, 54796, 6187756, 6748406
1, 2, 21
2, 53354, 6164224, 6666396
1, 53354, 6748406, 7250648
2, 2, 21
2, 57680, 6666396, 7176619
1, 57680, 7250648, 7760741
3, 2, 21
2, 54796, 7176619, 7681667
1, 54796, 7760741, 8266049
4, 2, 21
2, 56238, 7681667, 8192962
1, 56238, 8266049, 8777300
5, 2, 21
2, 85078, 8192962, 8950713
1, 85078, 8777300, 9535072
6, 2, 21
2, 73542, 8950713, 15735621
1, 73542, 9535072, 16319868
7, 2, 21
2, 54796, 15735621, 16242100
1, 54796, 16319868, 16826308
8, 2, 21
2, 87962, 16242100, 16997257
1, 87962, 16826308, 17581645
9, 1, 21
2, 109592, 16997257, 17764052
10, 1, 21
3, 77868, 17019848, 17527465
11, 1, 21
2, 134131, 17764052, 18271788
12, 1, 21
3, 64890, 17527465, 18089862
13, 1, 21
2, 106733, 18271788, 18780024
14, 1, 21
1, 196112, 17581645, 19408361
15, 1, 21
3, 69216, 18089862, 18592494
16, 1, 21
2, 122620, 18780024, 19286467
17, 1, 21
1, 79310, 19408361, 20163250
18, 1, 21
3, 79310, 18592494, 19099776
19, 1, 21
2, 167322, 19286467, 19786637
20, 1, 21
4, 76426, 18431545, 18939463
21, 1, 21
3, 73542, 19099776, 19607823
22, 1, 21
2, 200488, 19786637, 20286699
23, 1, 21
4, 77868, 18939463, 19440014
24, 1, 21
3, 76426, 19607823, 20116531
25, 1, 21
2, 298544, 20286699, 21043517
26, 1, 21
4, 64890, 19440014, 19953211
27, 1, 21
3, 62006, 20116531, 20619000
28, 1, 21
2, 139924, 21043517, 21546426
29, 1, 21
4, 49028, 19953211, 20478279
30, 1, 21
3, 47586, 20619000, 21121271
31, 1, 21
1, 233604, 20163250, 22444622
32, 1, 21
4, 73542, 20478279, 20986531
33, 1, 21
3, 74984, 21121271, 21625401
34, 1, 21
2, 284199, 21546426, 22297311
35, 1, 21
1, 59122, 22444622, 22956125
36, 1, 21
4, 69216, 20986531, 21488026
37, 1, 21
2, 173090, 22297311, 22797511
38, 1, 21
1, 74984, 22956125, 23712442
39, 1, 21
4, 57680, 21488026, 21995484
40, 1, 21
2, 99548, 22797511, 23298417
41, 1, 21
1, 51912, 23712442, 24217241
42, 1, 21
4, 63448, 21995484, 22540108
43, 1, 21
2, 96664, 23298417, 23802314
44, 1, 21
4, 54796, 22540108, 23050163
45, 1, 21
2, 109617, 23802314, 24320182
46, 1, 21
1, 62006, 24217241, 24969126
47, 1, 21
4, 73542, 23050163, 23552052
48, 1, 21
2, 129830, 24320182, 24830899
49, 1, 21
1, 56238, 24969126, 25478228
50, 1, 21
1, 59122, 25478228, 25980329
51, 1, 21
4, 108150, 23552052, 24310482
52, 1, 21
2, 193303, 24830899, 25581862
53, 1, 21
4, 112476, 24310482, 25059341
54, 1, 21
4, 112476, 25059341, 25810646
55, 1, 21
3, 62006, 21625401, 27971068
56, 1, 21
2, 908535, 25581862, 28859459
57, 1, 21
4, 318682, 25810646, 28091497
58, 1, 21
3, 100940, 27971068, 28729727
59, 1, 21
1, 465766, 25980329, 30073838
60, 1, 21
2, 274055, 28859459, 29609847
61, 1, 21
4, 72100, 28091497, 28599475
62, 1, 21
3, 72100, 28729727, 29240491
63, 1, 21
2, 200488, 29609847, 30110415
64, 1, 21
1, 85078, 30073838, 30836558
65, 1, 21
4, 109592, 28599475, 29353829
66, 1, 21
2, 291334, 30110415, 30861196
67, 1, 21
3, 164388, 29240491, 30373855
68, 1, 21
2, 134131, 30861196, 31361206
69, 1, 21
2, 131222, 31361206, 31862511
70, 1, 21
3, 307146, 30373855, 32516924
71, 1, 21
2, 374945, 31862511, 33394617
72, 1, 21
1, 374920, 30836558, 34161713
73, 1, 21
2, 25981, 33394617, 33902906
74, 1, 21
1, 21630, 34161713, 34673145
75, 1, 21
1, 34608, 34673145, 35182547
76, 1, 21
2, 53404, 33902906, 34665824
77, 1, 21
1, 54796, 35182547, 35934259
78, 1, 21
3, 33166, 32516924, 34920717
79, 1, 21
1, 57680, 35934259, 36437377
80, 1, 21
2, 265403, 34665824, 35928039
81, 1, 21
3, 164388, 34920717, 35477562
82, 1, 21
2, 142783, 35928039, 36435925
83, 1, 21
3, 96614, 35477562, 35987555
84, 1, 21
1, 70658, 36437377, 37252109
85, 1, 21
2, 183184, 36435925, 36937866
86, 1, 21
3, 171598, 35987555, 36490190
87, 1, 21
1, 54796, 37252109, 37760294
88, 1, 21
2, 227886, 36937866, 37438971
89, 1, 21
3, 239372, 36490190, 37240610
90, 1, 21
1, 85078, 37760294, 38517072
91, 1, 21
2, 212024, 37438971, 37940029
92, 1, 21
3, 149968, 37240610, 37745856
93, 1, 21
2, 199021, 37940029, 38441838
94, 1, 21
2, 77868, 38441838, 38949093
95, 1, 21
1, 134106, 38517072, 39794901
96, 1, 21
2, 47611, 38949093, 39456774
97, 1, 21
1, 73542, 39794901, 40556833
98, 1, 21
2, 77893, 39456774, 40208511
99, 1, 21
1, 59122, 40556833, 41064775
100, 1, 21
2, 54821, 40208511, 40716695
101, 1, 21
3, 60564, 37745856, 40153565
102, 1, 21
2, 173065, 40716695, 41219705
103, 1, 21
1, 64890, 41064775, 41836703
104, 1, 21
2, 210557, 41219705, 41720148
105, 1, 21
3, 291284, 40153565, 41157894
106, 1, 21
1, 59122, 41836703, 42345565
107, 1, 21
2, 222118, 41720148, 42223518
108, 1, 21
3, 219184, 41157894, 41908148
109, 1, 21
1, 83636, 42345565, 43096318
110, 1, 21
2, 190394, 42223518, 42725950
111, 1, 21
3, 157178, 41908148, 42409245
112, 1, 21
1, 54796, 43096318, 43601985
113, 1, 21
2, 217792, 42725950, 43227681
114, 1, 21
3, 157178, 42409245, 42912962
115, 1, 21
1, 57680, 43601985, 44110596
116, 1, 21
2, 243748, 43227681, 43979694
117, 1, 21
1, 53354, 44110596, 44619143
118, 1, 21
2, 47611, 43979694, 44490104
119, 1, 21
1, 47586, 44619143, 45128163
120, 1, 21
2, 41843, 44490104, 44990195
121, 1, 21
1, 60564, 45128163, 45878821
122, 1, 21
1, 59122, 45878821, 46633628
123, 1, 21
1, 56238, 46633628, 47134436
124, 1, 21
1, 87962, 47134436, 47891334
125, 1, 21
1, 116802, 47891334, 48959714
126, 1, 21
1, 38934, 48959714, 49469877
127, 1, 21
2, 403910, 44990195, 49071375
128, 1, 21
1, 49028, 49469877, 49972664
129, 1, 21
2, 59147, 49071375, 49846501
130, 1, 21
1, 36050, 49972664, 50501918
131, 1, 21
2, 43285, 49846501, 50355248
132, 1, 21
1, 41818, 50501918, 51013991
133, 1, 21
1, 50470, 51013991, 51519768
134, 1, 21
2, 73592, 50355248, 51094302
135, 1, 21
1, 59122, 51519768, 52020368
136, 1, 21
2, 60589, 51094302, 51606255
137, 1, 21
1, 87962, 52020368, 52771820
138, 1, 21
2, 87987, 51606255, 52362086
139, 1, 21
3, 93730, 42912962, 52966630
140, 1, 21
2, 171623, 52362086, 53625389
141, 1, 21
3, 149968, 52966630, 53469574
142, 1, 21
2, 209115, 53625389, 54127199
143, 1, 21
3, 168714, 53469574, 53973127
144, 1, 21
2, 233629, 54127199, 54630407
145, 1, 21
3, 256676, 53973127, 54724132
146, 1, 21
2, 344663, 54630407, 55381576
147, 1, 21
2, 229278, 55381576, 55881909
148, 1, 21
2, 223510, 55881909, 56384978
149, 1, 21
2, 333102, 56384978, 57138451
150, 1, 21
3, 1080058, 54724132, 57989964
151, 1, 21
2, 777263, 57138451, 59148595
152, 1, 21
2, 54796, 59148595, 59654325
153, 1, 21
2, 83636, 59654325, 60404465
154, 1, 21
1, 1157926, 52771820, 62779891
