0, 2, 21
2, 72100, 5615918, 6362733
1, 72104, 6161559, 6908189
1, 2, 21
2, 144200, 6362733, 7658137
1, 144204, 6908189, 8203956
2, 2, 21
2, 144200, 7658137, 8948624
1, 144204, 8203956, 9494640
3, 2, 21
2, 217742, 8948624, 17014238
1, 217746, 9494640, 17559683
4, 2, 21
2, 79310, 17014238, 17672416
1, 72104, 17559683, 18218314
5, 2, 21
2, 82194, 17672416, 17983494
1, 36054, 18218314, 18529004
6, 2, 21
2, 44702, 17983494, 18145304
1, 18750, 18529004, 18690602
7, 2, 21
2, 21630, 18145304, 18232742
1, 10098, 18690602, 18778374
8, 2, 21
2, 338870, 18232742, 19641123
1, 144204, 18778374, 20186604
9, 2, 21
2, 268212, 19641123, 20310299
1, 72104, 20186604, 20856177
10, 2, 21
2, 134106, 20310299, 20633391
1, 36054, 20856177, 21179407
11, 2, 21
2, 70658, 20633391, 20802166
1, 18750, 21179407, 21348129
12, 2, 21
2, 493164, 20802166, 22254445
1, 144204, 21348129, 22800058
13, 2, 21
2, 220626, 22254445, 22899782
1, 72104, 22800058, 23443902
14, 2, 21
2, 86520, 22899782, 23341296
1, 36054, 23443902, 23885684
15, 2, 21
2, 41818, 23341296, 23513891
1, 18750, 23885684, 24058438
16, 2, 21
2, 21630, 23513891, 23610331
1, 10098, 24058438, 24154474
17, 2, 21
2, 330218, 23610331, 25103579
1, 144204, 24154474, 25648254
18, 2, 21
2, 331660, 25103579, 26337586
1, 144204, 25648254, 26882856
19, 2, 21
2, 157178, 26337586, 26957004
1, 72104, 26882856, 27502199
20, 2, 21
2, 324450, 26957004, 28202350
1, 144204, 27502199, 28747310
21, 2, 21
2, 451346, 28202350, 29512011
1, 144204, 28747310, 30054012
22, 2, 21
2, 240814, 29512011, 30148739
1, 72104, 30054012, 30694161
23, 2, 21
2, 124012, 30148739, 30457910
1, 36054, 30694161, 31002435
24, 2, 21
2, 374920, 30457910, 31677573
1, 144204, 31002435, 32221778
25, 2, 21
2, 160062, 31677573, 32289251
1, 72104, 32221778, 32834954
26, 2, 21
2, 79310, 32289251, 32595624
1, 36054, 32834954, 33140752
27, 2, 21
2, 259560, 32595624, 34457242
1, 144204, 33140752, 35003079
28, 2, 21
2, 72100, 34457242, 35407152
1, 72104, 35003079, 35952191
29, 2, 21
2, 63448, 35407152, 35714864
1, 36054, 35952191, 36259574
30, 2, 21
2, 76426, 35714864, 35885398
1, 18750, 36259574, 36429660
31, 2, 21
2, 40376, 35885398, 35969692
1, 10098, 36429660, 36515188
32, 2, 21
2, 23072, 35969692, 36018081
1, 5772, 36515188, 36563570
33, 2, 21
2, 547960, 36018081, 37504245
1, 144204, 36563570, 38049796
34, 2, 21
2, 271096, 37504245, 38157683
1, 72104, 38049796, 38702091
35, 2, 21
2, 131222, 38157683, 38484668
1, 36054, 38702091, 39029609
36, 2, 21
2, 196112, 38484668, 39938046
1, 144204, 39029609, 40482794
37, 2, 21
2, 72100, 39938046, 40558383
1, 72104, 40482794, 41104298
38, 2, 21
2, 483070, 40558383, 42002334
1, 144204, 41104298, 42548070
39, 2, 21
2, 263886, 42002334, 42670985
1, 72104, 42548070, 43216556
40, 2, 21
2, 134106, 42670985, 42985075
1, 36054, 43216556, 43529391
41, 2, 21
2, 70658, 42985075, 43144687
1, 18750, 43529391, 43690182
42, 2, 21
2, 376362, 43144687, 44544461
1, 144204, 43690182, 45090078
43, 2, 21
2, 72100, 44544461, 45495669
1, 72104, 45090078, 46041485
44, 2, 21
2, 36050, 45495669, 45948155
1, 36054, 46041485, 46493888
45, 2, 21
2, 144200, 45948155, 47209028
1, 144204, 46493888, 47754845
46, 2, 21
2, 72100, 47209028, 47812275
1, 72104, 47754845, 48358023
47, 2, 21
2, 144200, 47812275, 49401352
1, 144204, 48358023, 49947160
48, 2, 21
2, 144200, 49401352, 51066207
1, 144204, 49947160, 51611479
49, 2, 21
2, 144200, 51066207, 52285354
1, 144204, 51611479, 52831154
50, 2, 21
2, 72100, 52285354, 52896704
1, 72104, 52831154, 53441690
51, 2, 21
2, 310030, 52896704, 54133109
1, 144204, 53441690, 54678813
52, 2, 21
2, 286958, 54133109, 54737823
1, 72104, 54678813, 55283438
53, 2, 21
2, 148526, 54737823, 55045130
1, 36054, 55283438, 55590479
54, 2, 21
2, 572474, 55045130, 56277892
1, 144204, 55590479, 56823619
55, 2, 21
2, 555170, 56277892, 57491869
1, 144204, 56823619, 58035996
56, 2, 21
2, 540750, 57491869, 58715322
1, 144204, 58035996, 59261125
57, 2, 21
2, 144200, 58715322, 60023558
1, 144204, 59261125, 60569561
58, 2, 21
2, 72100, 60023558, 60667219
1, 72104, 60569561, 61213259
59, 2, 21
2, 144200, 60667219, 61919751
1, 144204, 61213259, 62465489
60, 2, 21
2, 144200, 61919751, 63282499
1, 144204, 62465489, 63828556
61, 2, 21
2, 144200, 63282499, 64611857
1, 144204, 63828556, 65157876
