0, 2, 21
2, 54796, 5583543, 6143681
1, 54796, 6157662, 6717133
1, 2, 21
2, 53354, 6143681, 6646136
1, 53354, 6717133, 7219458
2, 2, 21
2, 57680, 6646136, 7157036
1, 57680, 7219458, 7730296
3, 2, 21
2, 54796, 7157036, 7662010
1, 54796, 7730296, 8235867
4, 2, 21
2, 56238, 7662010, 8172899
1, 56238, 8235867, 8746259
5, 2, 21
2, 56238, 8172899, 8673241
1, 56238, 8746259, 9246938
6, 2, 21
2, 56238, 8673241, 9177952
1, 56238, 9246938, 9751931
7, 2, 21
2, 46144, 9177952, 15715021
1, 46144, 9751931, 16288736
8, 2, 21
2, 54796, 15715021, 16222971
1, 54796, 16288736, 16796784
9, 2, 21
2, 59122, 16222971, 16726742
1, 59122, 16796784, 17300387
10, 2, 21
2, 57680, 16726742, 17240073
1, 57680, 17300387, 17813468
11, 1, 21
2, 85078, 17240073, 17746857
12, 1, 21
1, 56238, 17813468, 18324630
13, 1, 21
3, 77868, 16990940, 17499249
14, 1, 21
2, 134156, 17746857, 18258700
15, 1, 21
1, 59122, 18324630, 18832519
16, 1, 21
3, 64890, 17499249, 18062019
17, 1, 21
2, 103874, 18258700, 18759329
18, 1, 21
1, 51912, 18832519, 19372265
19, 1, 21
3, 69216, 18062019, 18565439
20, 1, 21
2, 122620, 18759329, 19260676
21, 1, 21
1, 51912, 19372265, 19882025
22, 1, 21
3, 79310, 18565439, 19072902
23, 1, 21
2, 161554, 19260676, 19761949
24, 1, 21
1, 56238, 19882025, 20384047
25, 1, 21
4, 76426, 18462607, 18970590
26, 1, 21
3, 73542, 19072902, 19576678
27, 1, 21
2, 201955, 19761949, 20264359
28, 1, 21
1, 54796, 20384047, 20892763
29, 1, 21
4, 79310, 18970590, 19476649
30, 1, 21
3, 76426, 19576678, 20085764
31, 1, 21
2, 210607, 20264359, 20767266
32, 1, 21
1, 56238, 20892763, 21394143
33, 1, 21
4, 63448, 19476649, 19982424
34, 1, 21
3, 62006, 20085764, 20587685
35, 1, 21
2, 151485, 20767266, 21271772
36, 1, 21
1, 50470, 21394143, 21895107
37, 1, 21
4, 49028, 19982424, 20504634
38, 1, 21
3, 47586, 20587685, 21094817
39, 1, 21
2, 164463, 21271772, 21778739
40, 1, 21
1, 41818, 21895107, 22400180
41, 1, 21
4, 76426, 20504634, 21005234
42, 1, 21
3, 74984, 21094817, 21600596
43, 1, 21
2, 204839, 21778739, 22279409
44, 1, 21
1, 57680, 22400180, 22900316
45, 1, 21
4, 74984, 21005234, 21511103
46, 1, 21
2, 175974, 22279409, 22780281
47, 1, 21
1, 57680, 22900316, 23413726
48, 1, 21
4, 59122, 21511103, 22016312
49, 1, 21
2, 102432, 22780281, 23280539
50, 1, 21
1, 43260, 23413726, 23920513
51, 1, 21
4, 59122, 22016312, 22521319
52, 1, 21
2, 95222, 23280539, 23781811
53, 1, 21
1, 43260, 23920513, 24432719
54, 1, 21
4, 54796, 22521319, 23022533
55, 1, 21
2, 106758, 23781811, 24288158
56, 1, 21
1, 47586, 24432719, 24938628
57, 1, 21
4, 73542, 23022533, 23525627
58, 1, 21
2, 128388, 24288158, 24789330
59, 1, 21
1, 56238, 24938628, 25447465
60, 1, 21
4, 73542, 23525627, 24027559
61, 1, 21
2, 134156, 24789330, 25297306
62, 1, 21
1, 59122, 25447465, 25948419
63, 1, 21
4, 74984, 24027559, 24531275
64, 1, 21
2, 134156, 25297306, 25798769
65, 1, 21
1, 59122, 25948419, 26454175
66, 1, 21
4, 77868, 24531275, 25034014
67, 1, 21
2, 137040, 25798769, 26301834
68, 1, 21
1, 60564, 26454175, 26964317
69, 1, 21
4, 74984, 25034014, 25539503
70, 1, 21
2, 132714, 26301834, 26805459
71, 1, 21
1, 59122, 26964317, 27473094
72, 1, 21
4, 72100, 25539503, 26044414
73, 1, 21
2, 129830, 26805459, 27309106
74, 1, 21
1, 57680, 27473094, 27980493
75, 1, 21
4, 76426, 26044414, 26550157
76, 1, 21
2, 132714, 27309106, 27809435
77, 1, 21
1, 59122, 27980493, 28483885
78, 1, 21
4, 74984, 26550157, 27059219
79, 1, 21
2, 132714, 27809435, 28312845
80, 1, 21
1, 59122, 28483885, 28986522
81, 1, 21
3, 62006, 21600596, 27959445
82, 1, 21
4, 70658, 27059219, 27561080
83, 1, 21
2, 167347, 28312845, 28812941
84, 1, 21
1, 59122, 28986522, 29495264
85, 1, 21
3, 62006, 27959445, 28468865
86, 1, 21
4, 63448, 27561080, 28063400
87, 1, 21
2, 183209, 28812941, 29314466
88, 1, 21
1, 50470, 29495264, 29997349
89, 1, 21
3, 72100, 28468865, 28981197
90, 1, 21
4, 72100, 28063400, 28568325
91, 1, 21
2, 196187, 29314466, 29815366
92, 1, 21
1, 56238, 29997349, 30503986
93, 1, 21
3, 74984, 28981197, 29484114
94, 1, 21
4, 73542, 28568325, 29079646
95, 1, 21
2, 206281, 29815366, 30317930
96, 1, 21
1, 59122, 30503986, 31009274
97, 1, 21
3, 72100, 29484114, 29987369
98, 1, 21
2, 175974, 30317930, 30824448
99, 1, 21
1, 60564, 31009274, 31520045
100, 1, 21
3, 74984, 29987369, 30490614
101, 1, 21
2, 132714, 30824448, 31326367
102, 1, 21
1, 59122, 31520045, 32020698
103, 1, 21
3, 74984, 30490614, 30997140
104, 1, 21
2, 132714, 31326367, 31831813
105, 1, 21
1, 59122, 32020698, 32527962
106, 1, 21
3, 74984, 30997140, 31499357
107, 1, 21
2, 132714, 31831813, 32335062
108, 1, 21
1, 57680, 32527962, 33037288
109, 1, 21
3, 73542, 31499357, 32000975
110, 1, 21
2, 129830, 32335062, 32835346
111, 1, 21
1, 59122, 33037288, 33550961
112, 1, 21
3, 64890, 32000975, 32506739
113, 1, 21
2, 109642, 32835346, 33345933
114, 1, 21
1, 50470, 33550961, 34118202
115, 1, 21
2, 25981, 33345933, 33858689
116, 1, 21
1, 21630, 34118202, 34629902
117, 1, 21
2, 33191, 33858689, 34368217
118, 1, 21
1, 34608, 34629902, 35131702
119, 1, 21
2, 36075, 34368217, 34875023
120, 1, 21
1, 37492, 35131702, 35683989
121, 1, 21
2, 41843, 34875023, 35386703
122, 1, 21
3, 33166, 32506739, 34910688
123, 1, 21
1, 53354, 35683989, 36192690
124, 1, 21
2, 187510, 35386703, 35888840
125, 1, 21
3, 155736, 34910688, 35411410
126, 1, 21
1, 57680, 36192690, 36696515
127, 1, 21
2, 152902, 35888840, 36396255
128, 1, 21
3, 90846, 35411410, 35952679
129, 1, 21
1, 34608, 36696515, 37203394
130, 1, 21
2, 164438, 36396255, 36899956
131, 1, 21
3, 155736, 35952679, 36455011
132, 1, 21
1, 54796, 37203394, 37711773
133, 1, 21
2, 230770, 36899956, 37400801
134, 1, 21
3, 165830, 36455011, 36957007
135, 1, 21
1, 57680, 37711773, 38217798
136, 1, 21
2, 209140, 37400801, 37902606
137, 1, 21
3, 157178, 36957007, 37458915
138, 1, 21
1, 56238, 38217798, 38725660
139, 1, 21
2, 203372, 37902606, 38403118
140, 1, 21
3, 147084, 37458915, 37961224
141, 1, 21
1, 57680, 38725660, 39240783
142, 1, 21
2, 103874, 38403118, 38909513
143, 1, 21
1, 49028, 39240783, 39742821
144, 1, 21
2, 47611, 38909513, 39414818
145, 1, 21
1, 44702, 39742821, 40246630
146, 1, 21
2, 49053, 39414818, 39916241
147, 1, 21
1, 57680, 40246630, 40750426
148, 1, 21
2, 59147, 39916241, 40422860
149, 1, 21
1, 54796, 40750426, 41256548
150, 1, 21
3, 10094, 37961224, 40209768
151, 1, 21
2, 95222, 40422860, 40923341
152, 1, 21
1, 38934, 41256548, 41761022
153, 1, 21
3, 134106, 40209768, 40713339
154, 1, 21
2, 175974, 40923341, 41424034
155, 1, 21
1, 59122, 41761022, 42267512
156, 1, 21
3, 160062, 40713339, 41214598
157, 1, 21
2, 223560, 41424034, 41925829
158, 1, 21
1, 59122, 42267512, 42775841
159, 1, 21
3, 165830, 41214598, 41715967
160, 1, 21
2, 203372, 41925829, 42430326
161, 1, 21
1, 53354, 42775841, 43285225
162, 1, 21
3, 136990, 41715967, 42218494
163, 1, 21
2, 210582, 42430326, 42932483
164, 1, 21
1, 59122, 43285225, 43794482
165, 1, 21
3, 164388, 42218494, 42718909
166, 1, 21
2, 222118, 42932483, 43433909
167, 1, 21
1, 53354, 43794482, 44297227
168, 1, 21
3, 155736, 42718909, 43222574
169, 1, 21
2, 160112, 43433909, 43937227
170, 1, 21
1, 47586, 44297227, 44808828
171, 1, 21
2, 47611, 43937227, 44445682
172, 1, 21
1, 51912, 44808828, 45386182
173, 1, 21
2, 41843, 44445682, 44946161
174, 1, 21
1, 43260, 45386182, 45908929
175, 1, 21
2, 36075, 44946161, 45449065
176, 1, 21
1, 34608, 45908929, 46409397
177, 1, 21
2, 41843, 45449065, 45953595
178, 1, 21
1, 57680, 46409397, 46918739
179, 1, 21
2, 56263, 45953595, 46454296
180, 1, 21
1, 57680, 46918739, 47423077
181, 1, 21
2, 59147, 46454296, 46959420
182, 1, 21
1, 59122, 47423077, 47930736
183, 1, 21
2, 59147, 46959420, 47465229
184, 1, 21
1, 60564, 47930736, 48441660
185, 1, 21
2, 57705, 47465229, 47971187
186, 1, 21
1, 47586, 48441660, 48942928
187, 1, 21
2, 47611, 47971187, 48483005
188, 1, 21
1, 40376, 48942928, 49452212
189, 1, 21
2, 41843, 48483005, 48987085
190, 1, 21
1, 47586, 49452212, 49956893
191, 1, 21
2, 43285, 48987085, 49493239
192, 1, 21
1, 33166, 49956893, 50463006
193, 1, 21
2, 37517, 49493239, 49997206
194, 1, 21
1, 43260, 50463006, 50975559
195, 1, 21
2, 41843, 49997206, 50503892
196, 1, 21
1, 51912, 50975559, 51483744
197, 1, 21
2, 53379, 50503892, 51010190
198, 1, 21
1, 59122, 51483744, 51985577
199, 1, 21
2, 60589, 51010190, 51520392
200, 1, 21
1, 60564, 51985577, 52496244
201, 1, 21
2, 60589, 51520392, 52032263
202, 1, 21
1, 59122, 52496244, 53000766
203, 1, 21
2, 59147, 52032263, 52536773
204, 1, 21
1, 59122, 53000766, 53505705
205, 1, 21
2, 59147, 52536773, 53043028
206, 1, 21
1, 59122, 53505705, 54012340
207, 1, 21
3, 1442, 43222574, 52972574
208, 1, 21
2, 62056, 53043028, 53545252
209, 1, 21
1, 59122, 54012340, 54521839
210, 1, 21
3, 162946, 52972574, 53475156
211, 1, 21
2, 222118, 53545252, 54048540
212, 1, 21
1, 60564, 54521839, 55032393
213, 1, 21
3, 168714, 53475156, 53978020
214, 1, 21
2, 227886, 54048540, 54550917
215, 1, 21
1, 60564, 55032393, 55544484
216, 1, 21
3, 180250, 53978020, 54478182
217, 1, 21
2, 239422, 54550917, 55051689
218, 1, 21
1, 60564, 55544484, 56055113
219, 1, 21
3, 170156, 54478182, 54979982
220, 1, 21
2, 229328, 55051689, 55553737
221, 1, 21
1, 57680, 56055113, 56562313
222, 1, 21
3, 171598, 54979982, 55482458
223, 1, 21
2, 229328, 55553737, 56055757
224, 1, 21
1, 60564, 56562313, 57069411
225, 1, 21
3, 171598, 55482458, 55984608
226, 1, 21
2, 230770, 56055757, 56557741
227, 1, 21
1, 60564, 57069411, 57578549
228, 1, 21
3, 170156, 55984608, 56484816
229, 1, 21
2, 232212, 56557741, 57061507
230, 1, 21
1, 60564, 57578549, 58089303
231, 1, 21
3, 170156, 56484816, 56988085
232, 1, 21
2, 229328, 57061507, 57562217
233, 1, 21
1, 59122, 58089303, 58594514
234, 1, 21
3, 160062, 56988085, 57489546
235, 1, 21
2, 217792, 57562217, 58062985
236, 1, 21
1, 60564, 58594514, 59100202
237, 1, 21
3, 177366, 57489546, 57990854
238, 1, 21
2, 236538, 58062985, 58565289
239, 1, 21
1, 56238, 59100202, 59608638
240, 1, 21
2, 79335, 58565289, 59077150
241, 1, 21
1, 54796, 59608638, 60117927
242, 1, 21
2, 54821, 59077150, 59581163
243, 1, 21
1, 56238, 60117927, 60619443
244, 1, 21
2, 56263, 59581163, 60085319
245, 1, 21
1, 56238, 60619443, 61121197
246, 1, 21
2, 57705, 60085319, 60596862
247, 1, 21
1, 57680, 61121197, 61624860
248, 1, 21
2, 57705, 60596862, 61099435
249, 1, 21
1, 57680, 61624860, 62125430
250, 1, 21
2, 57705, 61099435, 61601697
251, 1, 21
1, 57680, 62125430, 62633427
252, 1, 21
2, 57705, 61601697, 62111577
253, 1, 21
1, 53354, 62633427, 63140561
254, 1, 21
2, 53379, 62111577, 62625796
255, 1, 21
1, 53354, 63140561, 63653923
256, 1, 21
2, 53379, 62625796, 63136126
257, 1, 21
1, 53354, 63653923, 64159984
258, 1, 21
2, 53379, 63136126, 63637082
259, 1, 21
1, 54796, 64159984, 64660879
260, 1, 21
2, 54821, 63637082, 64140417
261, 1, 21
1, 54796, 64660879, 65162994
262, 1, 21
2, 56263, 64140417, 64649365
263, 1, 21
1, 56238, 65162994, 65664343
264, 1, 21
2, 56263, 64649365, 65154624
265, 1, 21
1, 56238, 65664343, 66169671
266, 1, 21
2, 56263, 65154624, 65658809
