0, 2, 21
2, 102382, 5632046, 6641950
1, 102382, 6177506, 7187526
1, 2, 21
2, 111034, 6641950, 7642913
1, 111034, 7187526, 8188591
2, 2, 21
2, 112476, 7642913, 8656050
1, 112476, 8188591, 9201705
3, 2, 21
2, 109592, 8656050, 15774223
1, 109592, 9201705, 16311696
4, 1, 21
1, 112476, 16311696, 17313384
5, 1, 21
2, 113943, 15774223, 16781222
6, 1, 21
2, 139874, 16781222, 17788367
7, 1, 21
1, 170156, 17313384, 18823610
8, 1, 21
3, 141316, 17027235, 18034251
9, 1, 21
2, 237980, 17788367, 18788953
10, 1, 21
3, 138432, 18034251, 19041185
11, 1, 21
2, 275447, 18788953, 19792329
12, 1, 21
1, 155736, 18823610, 20341908
13, 1, 21
3, 139874, 19041185, 20048729
14, 1, 21
4, 152852, 18482251, 19490638
15, 1, 21
2, 402393, 19792329, 20797395
16, 1, 21
1, 111034, 20341908, 21347591
17, 1, 21
3, 115360, 20048729, 21057733
18, 1, 21
4, 115360, 19490638, 20533432
19, 1, 21
2, 314431, 20797395, 21800600
20, 1, 21
1, 98056, 21347591, 22359720
21, 1, 21
3, 139874, 21057733, 22064521
22, 1, 21
4, 151410, 20533432, 21541187
23, 1, 21
2, 393741, 21800600, 22802120
24, 1, 21
1, 109592, 22359720, 23370987
25, 1, 21
4, 116802, 21541187, 22546216
26, 1, 21
2, 200488, 22802120, 23803749
27, 1, 21
1, 89404, 23370987, 24389171
28, 1, 21
4, 128338, 22546216, 23549871
29, 1, 21
2, 229328, 23803749, 24803782
30, 1, 21
1, 158620, 24389171, 25897598
31, 1, 21
4, 147084, 23549871, 24553190
32, 1, 21
2, 265378, 24803782, 25809405
33, 1, 21
1, 118244, 25897598, 26903328
34, 1, 21
4, 152852, 24553190, 25554182
35, 1, 21
2, 390832, 25809405, 27318169
36, 1, 21
4, 144200, 25554182, 26560050
37, 1, 21
1, 256676, 26903328, 29159913
38, 1, 21
3, 12978, 22064521, 28078239
39, 1, 21
2, 418255, 27318169, 28819913
40, 1, 21
4, 207648, 26560050, 28067504
41, 1, 21
3, 124012, 28078239, 29085882
42, 1, 21
2, 357666, 28819913, 29823362
43, 1, 21
1, 135548, 29159913, 30418583
44, 1, 21
3, 134106, 29085882, 30090444
45, 1, 21
1, 118244, 30418583, 31425428
46, 1, 21
2, 520637, 29823362, 31330815
47, 1, 21
3, 147084, 30090444, 31098338
48, 1, 21
2, 266795, 31330815, 32333500
49, 1, 21
1, 177366, 31425428, 32927619
50, 1, 21
3, 216300, 31098338, 32612357
51, 2, 21
2, 315848, 32333500, 33910961
1, 135548, 32927619, 34456120
52, 1, 21
2, 66332, 33910961, 34914079
53, 1, 21
1, 106708, 34456120, 35960565
54, 1, 21
3, 56238, 32612357, 35185364
55, 1, 21
2, 145692, 34914079, 35918897
56, 1, 21
1, 105266, 35960565, 36969419
57, 1, 21
3, 249466, 35185364, 36190396
58, 1, 21
2, 320174, 35918897, 36922752
59, 1, 21
1, 98056, 36969419, 37976802
60, 1, 21
3, 304262, 36190396, 37200278
61, 1, 21
2, 434092, 36922752, 37925247
62, 1, 21
1, 111034, 37976802, 38987734
63, 1, 21
2, 389365, 37925247, 38925801
64, 2, 21
2, 93730, 38925801, 39935224
1, 147084, 38987734, 40477618
65, 1, 21
1, 108150, 40477618, 41535442
66, 1, 21
3, 328776, 37200278, 40506915
67, 1, 21
2, 239422, 39935224, 41438838
68, 1, 21
3, 291284, 40506915, 41511159
69, 1, 21
2, 435509, 41438838, 42439612
70, 1, 21
1, 165830, 41535442, 43042705
71, 1, 21
2, 408111, 42439612, 43443351
72, 1, 21
3, 459998, 41511159, 43013389
73, 1, 21
2, 356199, 43443351, 44953079
74, 1, 21
1, 252350, 43042705, 45566106
75, 1, 21
2, 76451, 44953079, 45959933
76, 1, 21
1, 77868, 45566106, 46577852
77, 1, 21
2, 113943, 45959933, 46971447
78, 1, 21
1, 113918, 46577852, 47578331
79, 1, 21
2, 118269, 46971447, 47974615
80, 1, 21
1, 165830, 47578331, 49091148
81, 1, 21
1, 86520, 49091148, 50105474
82, 1, 21
1, 122570, 50105474, 51594206
83, 1, 21
1, 119686, 51594206, 52605383
84, 1, 21
1, 175924, 52605383, 54109939
85, 1, 21
3, 167272, 43013389, 53302861
86, 1, 21
2, 680774, 47974615, 54068721
87, 1, 21
3, 337428, 53302861, 54306447
88, 1, 21
2, 460023, 54068721, 55070058
89, 1, 21
3, 517678, 54306447, 55809058
90, 1, 21
2, 692185, 55070058, 56570250
91, 1, 21
2, 1103130, 56570250, 59078142
92, 1, 21
2, 111034, 59078142, 60079440
93, 1, 21
2, 171598, 60079440, 61590959
94, 1, 21
1, 1143506, 54109939, 64116666
