0, 2, 21
2, 752, 1442025, 4589164, 7958410
1, 752, 1442004, 5151485, 8520462
1, 2, 21
2, 752, 1442025, 7958410, 11100107
1, 752, 1442004, 8520462, 11662286
2, 2, 21
2, 752, 1442025, 11100107, 14095728
1, 752, 1442004, 11662286, 14658073
3, 2, 21
2, 752, 1442025, 14095728, 17133892
1, 752, 1442004, 14658073, 17695881
4, 2, 21
2, 752, 1442025, 17133892, 20177687
1, 752, 1442004, 17695881, 20739687
5, 2, 21
2, 752, 1442025, 20177687, 23242614
1, 752, 1442004, 20739687, 23804363
6, 2, 21
2, 752, 1442025, 23242614, 26354610
1, 752, 1442004, 23804363, 26916291
7, 2, 21
2, 752, 1442025, 26354610, 29320672
1, 752, 1442004, 26916291, 29882570
8, 2, 21
2, 752, 1442025, 29320672, 32456514
1, 752, 1442004, 29882570, 33018633
9, 2, 21
2, 752, 1442025, 32456514, 35453736
1, 752, 1442004, 33018633, 36015705
10, 2, 21
2, 752, 1442025, 35453736, 38518202
1, 752, 1442004, 36015705, 39080117
11, 2, 21
2, 752, 1442025, 38518202, 41729849
1, 752, 1442004, 39080117, 42291618
12, 2, 21
2, 752, 1442025, 41729849, 44822662
1, 752, 1442004, 42291618, 45384514
13, 2, 21
2, 752, 1442025, 44822662, 47884669
1, 752, 1442004, 45384514, 48446604
14, 2, 21
2, 752, 1442025, 47884669, 50957710
1, 752, 1442004, 48446604, 51519584
15, 2, 21
2, 752, 1442025, 50957710, 54181068
1, 752, 1442004, 51519584, 54743130
16, 2, 21
2, 752, 1442025, 54181068, 57161204
1, 752, 1442004, 54743130, 57723230
17, 2, 21
2, 752, 1442025, 57161204, 60161902
1, 752, 1442004, 57723230, 60723926
18, 2, 21
2, 752, 1442025, 60161902, 63389645
1, 752, 1442004, 60723926, 63951878
