0, 2, 21
2, 72100, 5650355, 6399861
1, 72104, 6208860, 6958805
1, 2, 21
2, 144200, 6399861, 7696149
1, 144204, 6958805, 8255488
2, 2, 21
2, 144200, 7696149, 8986903
1, 144204, 8255488, 9546267
3, 2, 21
2, 217742, 8986903, 17055856
1, 217746, 9546267, 17615154
4, 2, 21
2, 90846, 17055856, 17716686
1, 72104, 17615154, 18275545
5, 2, 21
2, 82194, 17716686, 18027657
1, 36054, 18275545, 18586591
6, 2, 21
2, 41818, 18027657, 18188782
1, 18750, 18586591, 18747497
7, 2, 21
2, 23072, 18188782, 18276226
1, 10098, 18747497, 18835472
8, 2, 21
2, 348964, 18276226, 19685442
1, 144204, 18835472, 20244703
9, 2, 21
2, 263886, 19685442, 20353815
1, 72104, 20244703, 20912588
10, 2, 21
2, 136990, 20353815, 20678268
1, 36054, 20912588, 21236839
11, 2, 21
2, 69216, 20678268, 20847480
1, 18750, 21236839, 21406302
12, 2, 21
2, 496048, 20847480, 22306094
1, 144204, 21406302, 22864008
13, 2, 21
2, 203322, 22306094, 22957078
1, 72104, 22864008, 23512454
14, 2, 21
2, 98056, 22957078, 23398419
1, 36054, 23512454, 23956130
15, 2, 21
2, 40376, 23398419, 23571033
1, 18750, 23956130, 24129617
16, 2, 21
2, 12978, 23571033, 23666752
1, 10098, 24129617, 24225659
17, 2, 21
2, 343196, 23666752, 25155795
1, 144204, 24225659, 25714824
18, 2, 21
2, 327334, 25155795, 26377043
1, 144204, 25714824, 26936010
19, 2, 21
2, 162946, 26377043, 26995304
1, 72104, 26936010, 27554440
20, 2, 21
2, 327334, 26995304, 28239285
1, 144204, 27554440, 28798298
21, 2, 21
2, 451346, 28239285, 29545907
1, 144204, 28798298, 30103991
22, 2, 21
2, 255234, 29545907, 30185509
1, 72104, 30103991, 30743670
23, 2, 21
2, 122570, 30185509, 30493084
1, 36054, 30743670, 31052074
24, 2, 21
2, 359058, 30493084, 31714035
1, 144204, 31052074, 32272069
25, 2, 21
2, 161504, 31714035, 32328533
1, 72104, 32272069, 32885719
26, 2, 21
2, 80752, 32328533, 32633950
1, 36054, 32885719, 33192065
27, 2, 21
2, 239372, 32633950, 34497079
1, 144204, 33192065, 35055521
28, 2, 21
2, 72100, 34497079, 35446977
1, 72104, 35055521, 36006013
29, 2, 21
2, 109592, 35446977, 35755394
1, 36054, 36006013, 36313247
30, 2, 21
2, 82194, 35755394, 35926430
1, 18750, 36313247, 36484025
31, 2, 21
2, 36050, 35926430, 36010862
1, 10098, 36484025, 36568973
32, 2, 21
2, 7210, 36010862, 36059426
1, 5772, 36568973, 36617641
33, 2, 21
2, 553728, 36059426, 37545762
1, 144204, 36617641, 38104587
34, 2, 21
2, 258118, 37545762, 38198686
1, 72104, 38104587, 38757075
35, 2, 21
2, 138432, 38198686, 38525696
1, 36054, 38757075, 39084618
36, 2, 21
2, 162946, 38525696, 39979056
1, 144204, 39084618, 40537821
37, 2, 21
2, 72100, 39979056, 40602322
1, 72104, 40537821, 41161203
38, 2, 21
2, 522004, 40602322, 42048543
1, 144204, 41161203, 42606772
39, 2, 21
2, 261002, 42048543, 42717899
1, 72104, 42606772, 43276456
40, 2, 21
2, 135548, 42717899, 43029976
1, 36054, 43276456, 43588999
41, 2, 21
2, 73542, 43029976, 43191819
1, 18750, 43588999, 43749859
42, 2, 21
2, 338870, 43191819, 44592591
1, 144204, 43749859, 45151267
43, 2, 21
2, 72100, 44592591, 45546092
1, 72104, 45151267, 46104757
44, 2, 21
2, 36050, 45546092, 45999206
1, 36054, 46104757, 46557913
45, 2, 21
2, 144200, 45999206, 47262665
1, 144204, 46557913, 47821738
46, 2, 21
2, 72100, 47262665, 47868498
1, 72104, 47821738, 48427247
47, 2, 21
2, 144200, 47868498, 49461304
1, 144204, 48427247, 50020008
48, 2, 21
2, 144200, 49461304, 51130002
1, 144204, 50020008, 51688418
49, 2, 21
2, 144200, 51130002, 52353269
1, 144204, 51688418, 52911192
50, 2, 21
2, 72100, 52353269, 52964014
1, 72104, 52911192, 53522953
51, 2, 21
2, 351848, 52964014, 54206388
1, 144204, 53522953, 54764050
52, 2, 21
2, 292726, 54206388, 54813210
1, 72104, 54764050, 55370531
53, 2, 21
2, 147084, 54813210, 55119075
1, 36054, 55370531, 55677544
54, 2, 21
2, 568148, 55119075, 56354685
1, 144204, 55677544, 56913021
55, 2, 21
2, 553728, 56354685, 57569423
1, 144204, 56913021, 58127460
56, 2, 21
2, 500374, 57569423, 58796941
1, 144204, 58127460, 59355989
57, 2, 21
2, 144200, 58796941, 60108648
1, 144204, 59355989, 60667084
58, 2, 21
2, 72100, 60108648, 60753721
1, 72104, 60667084, 61312564
59, 2, 21
2, 144200, 60753721, 62008964
1, 144204, 61312564, 62568100
60, 2, 21
2, 144200, 62008964, 63374973
1, 144204, 62568100, 63934210
61, 2, 21
2, 144200, 63374973, 64707127
1, 144204, 63934210, 65266396
