0, 2, 21
2, 102382, 5685994, 6699022
1, 102382, 6230101, 7242726
1, 2, 21
2, 111034, 6699022, 7701992
1, 111034, 7242726, 8245773
2, 2, 21
2, 111034, 7701992, 8703289
1, 111034, 8245773, 9246509
3, 2, 21
2, 111034, 8703289, 15825655
1, 111034, 9246509, 16369113
4, 2, 21
2, 112476, 15825655, 16826536
1, 112476, 16369113, 17370238
5, 2, 21
2, 132664, 16826536, 17827613
1, 111034, 17370238, 18371269
6, 1, 21
3, 141316, 17126522, 18137968
7, 1, 21
2, 240839, 17827613, 18841541
8, 1, 21
1, 113918, 18371269, 19399216
9, 1, 21
3, 138432, 18137968, 19146175
10, 1, 21
2, 276914, 18841541, 19843078
11, 1, 21
1, 100940, 19399216, 20409066
12, 1, 21
4, 148526, 18541167, 19546591
13, 1, 21
3, 149968, 19146175, 20154251
14, 1, 21
2, 400951, 19843078, 20844434
15, 1, 21
1, 109592, 20409066, 21420921
16, 1, 21
4, 113918, 19546591, 20552680
17, 1, 21
3, 116802, 20154251, 21154629
18, 1, 21
2, 314431, 20844434, 21851593
19, 1, 21
1, 98056, 21420921, 22432675
20, 1, 21
4, 141316, 20552680, 21554888
21, 1, 21
3, 139874, 21154629, 22161159
22, 1, 21
2, 386531, 21851593, 22855471
23, 1, 21
1, 109592, 22432675, 23442565
24, 1, 21
4, 126896, 21554888, 22580736
25, 1, 21
2, 204814, 22855471, 23862079
26, 1, 21
1, 90846, 23442565, 24491111
27, 1, 21
4, 113918, 22580736, 23585389
28, 1, 21
2, 217792, 23862079, 24865204
29, 1, 21
1, 98056, 24491111, 25496099
30, 1, 21
4, 145642, 23585389, 24590244
31, 1, 21
2, 261052, 24865204, 25866647
32, 1, 21
1, 116802, 25496099, 26500847
33, 1, 21
4, 155736, 24590244, 25601768
34, 1, 21
2, 269704, 25866647, 26867126
35, 1, 21
1, 118244, 26500847, 27512782
36, 1, 21
4, 147084, 25601768, 26602429
37, 1, 21
2, 263936, 26867126, 27875685
38, 1, 21
1, 115360, 27512782, 28522543
39, 1, 21
3, 1442, 22161159, 28097769
40, 1, 21
4, 145642, 26602429, 27609316
41, 1, 21
2, 294243, 27875685, 28878610
42, 1, 21
1, 116802, 28522543, 29524788
43, 1, 21
3, 132664, 28097769, 29098822
44, 1, 21
4, 132664, 27609316, 28614656
45, 1, 21
2, 374995, 28878610, 29880959
46, 1, 21
1, 103824, 29524788, 30526309
47, 1, 21
3, 144200, 29098822, 30101606
48, 1, 21
4, 141316, 28614656, 29619186
49, 1, 21
2, 392299, 29880959, 30891387
50, 1, 21
1, 118244, 30526309, 31544893
51, 1, 21
3, 147084, 30101606, 31109999
52, 1, 21
2, 274030, 30891387, 31895903
53, 1, 21
1, 119686, 31544893, 32550794
54, 1, 21
3, 147084, 31109999, 32115249
55, 1, 21
2, 265378, 31895903, 32898646
56, 1, 21
1, 118244, 32550794, 33552109
57, 2, 21
2, 161529, 32898646, 34024620
1, 74984, 33552109, 34568351
58, 2, 21
2, 66332, 34024620, 35027991
1, 66332, 34568351, 35571675
59, 1, 21
3, 106708, 32115249, 35081813
60, 1, 21
2, 230745, 35027991, 36031130
61, 1, 21
1, 98056, 35571675, 36575980
62, 1, 21
3, 248024, 35081813, 36086659
63, 1, 21
2, 315823, 36031130, 37031474
64, 1, 21
1, 86520, 36575980, 37580032
65, 1, 21
3, 324450, 36086659, 37090392
66, 1, 21
2, 441302, 37031474, 38033444
67, 1, 21
1, 113918, 37580032, 38582417
68, 1, 21
3, 297052, 37090392, 38091933
69, 2, 21
2, 302870, 38033444, 39057904
1, 111034, 38582417, 39600440
70, 2, 21
2, 95172, 39057904, 40058167
1, 95172, 39600440, 40600778
71, 1, 21
3, 12978, 38091933, 40348370
72, 1, 21
2, 157203, 40058167, 41059507
73, 1, 21
1, 105266, 40600778, 41629784
74, 1, 21
3, 294168, 40348370, 41351563
75, 1, 21
2, 399484, 41059507, 42064364
76, 1, 21
1, 108150, 41629784, 42639778
77, 1, 21
3, 301378, 41351563, 42352613
78, 1, 21
2, 412462, 42064364, 43067144
79, 1, 21
1, 111034, 42639778, 43645599
80, 1, 21
3, 318682, 42352613, 43354731
81, 1, 21
2, 380738, 43067144, 44067858
82, 1, 21
1, 111034, 43645599, 44649836
83, 1, 21
2, 90871, 44067858, 45093193
84, 1, 21
1, 87962, 44649836, 45654362
85, 1, 21
2, 76451, 45093193, 46096976
86, 1, 21
1, 76426, 45654362, 46655192
87, 1, 21
2, 115385, 46096976, 47110149
88, 1, 21
1, 115360, 46655192, 47665674
89, 1, 21
2, 118269, 47110149, 48116699
90, 1, 21
1, 118244, 47665674, 48672844
91, 1, 21
2, 86545, 48116699, 49116998
92, 1, 21
1, 86520, 48672844, 49673426
93, 1, 21
2, 80777, 49116998, 50129140
94, 1, 21
1, 80752, 49673426, 50685607
95, 1, 21
2, 93755, 50129140, 51136482
96, 1, 21
1, 93730, 50685607, 51692912
97, 1, 21
2, 119711, 51136482, 52146591
98, 1, 21
1, 119686, 51692912, 52704071
99, 1, 21
2, 118269, 52146591, 53155579
100, 1, 21
1, 118244, 52704071, 53712000
101, 1, 21
3, 4326, 43354731, 53112375
102, 1, 21
2, 278356, 53155579, 54156770
103, 1, 21
1, 116802, 53712000, 54716051
104, 1, 21
3, 340312, 53112375, 54112784
105, 1, 21
2, 477352, 54156770, 55156913
106, 1, 21
1, 119686, 54716051, 55725400
107, 1, 21
3, 354732, 54112784, 55116799
108, 1, 21
2, 457164, 55156913, 56159519
109, 1, 21
1, 116802, 55725400, 56733418
110, 1, 21
3, 344638, 55116799, 56117852
111, 1, 21
2, 462932, 56159519, 57160857
112, 1, 21
1, 119686, 56733418, 57738176
113, 1, 21
3, 335986, 56117852, 57120438
114, 1, 21
2, 445628, 57160857, 58164142
115, 1, 21
1, 118244, 57738176, 58743749
116, 1, 21
3, 340312, 57120438, 58122005
117, 1, 21
2, 312964, 58164142, 59173430
118, 1, 21
1, 115360, 58743749, 59744159
119, 1, 21
2, 108175, 59173430, 60179759
120, 1, 21
1, 108150, 59744159, 60751386
121, 1, 21
2, 112501, 60179759, 61185776
122, 1, 21
1, 112476, 60751386, 61754025
123, 1, 21
2, 115385, 61185776, 62185802
124, 1, 21
1, 115360, 61754025, 62757749
125, 1, 21
2, 106733, 62185802, 63193751
126, 1, 21
1, 106708, 62757749, 63767405
127, 1, 21
2, 106733, 63193751, 64195148
128, 1, 21
1, 108150, 63767405, 64779860
129, 1, 21
2, 111059, 64195148, 65202670
130, 1, 21
1, 111034, 64779860, 65785375
