0, 2, 21
2, 752, 491747, 4492875, 5494284
1, 752, 491722, 5047083, 6048234
1, 2, 21
2, 752, 483095, 5494284, 6495178
1, 752, 483070, 6048234, 7048858
2, 2, 21
2, 752, 488863, 6495178, 7495317
1, 752, 488838, 7048858, 8049162
3, 2, 21
2, 752, 474443, 7495317, 8495785
1, 752, 474418, 8049162, 9049725
4, 2, 21
2, 752, 457139, 8495785, 9497568
1, 752, 457114, 9049725, 10050894
5, 2, 21
2, 752, 473001, 9497568, 10499253
1, 752, 472976, 10050894, 11052322
6, 2, 21
2, 752, 458581, 10499253, 11500050
1, 752, 458556, 11052322, 12053905
7, 2, 21
2, 752, 510493, 11500050, 12502152
1, 752, 510468, 12053905, 13056103
8, 2, 21
2, 752, 452813, 12502152, 13502089
1, 752, 452788, 13056103, 14056151
9, 2, 21
2, 752, 504725, 13502089, 14503127
1, 752, 504700, 14056151, 15057218
10, 2, 21
2, 752, 477327, 14503127, 15504759
1, 752, 477302, 15057218, 16058599
11, 2, 21
2, 752, 498957, 15504759, 16505260
1, 752, 498932, 16058599, 17059068
12, 2, 21
2, 752, 470117, 16505260, 17506598
1, 752, 470092, 17059068, 18060093
13, 2, 21
2, 752, 501841, 17506598, 18507940
1, 752, 501816, 18060093, 19061403
14, 2, 21
2, 752, 493189, 18507940, 19519108
1, 752, 493164, 19061403, 20072886
15, 2, 21
2, 752, 493189, 19519108, 20518910
1, 752, 493164, 20072886, 21073033
16, 2, 21
2, 752, 496073, 20518910, 21522591
1, 752, 496048, 21073033, 22075659
17, 2, 21
2, 752, 497515, 21522591, 22522538
1, 752, 497490, 22075659, 23076572
18, 2, 21
2, 752, 484537, 22522538, 23524876
1, 752, 484512, 23076572, 24079022
19, 2, 21
2, 752, 390807, 23524876, 24642404
1, 752, 390782, 24079022, 25177985
20, 2, 21
2, 752, 497515, 24642404, 25625654
1, 752, 496048, 25177985, 26179649
21, 2, 21
2, 752, 435509, 25625654, 26627115
1, 752, 435484, 26179649, 27180838
22, 2, 21
2, 752, 491747, 26627115, 27627330
1, 752, 491722, 27180838, 28181277
23, 2, 21
2, 752, 481653, 27627330, 28629946
1, 752, 481628, 28181277, 29183858
24, 2, 21
2, 752, 510493, 28629946, 29631770
1, 752, 510468, 29183858, 30185456
25, 2, 21
2, 752, 514819, 29631770, 30632490
1, 752, 514794, 30185456, 31186289
26, 2, 21
2, 752, 462907, 30632490, 31632967
1, 752, 462882, 31186289, 32186937
27, 2, 21
2, 752, 506167, 31632967, 32634607
1, 752, 506142, 32186937, 33187876
28, 2, 21
2, 752, 324475, 32634607, 33643439
1, 752, 324450, 33187876, 34191997
29, 2, 21
2, 752, 405227, 33643439, 34639841
1, 752, 405202, 34191997, 35193326
30, 2, 21
2, 752, 448487, 34639841, 35639870
1, 752, 448462, 35193326, 36193909
31, 2, 21
2, 752, 475885, 35639870, 36640461
1, 752, 475860, 36193909, 37194442
32, 2, 21
2, 752, 457139, 36640461, 37643182
1, 752, 457114, 37194442, 38197107
33, 2, 21
2, 752, 457139, 37643182, 38644580
1, 752, 457114, 38197107, 39198253
34, 2, 21
2, 752, 475885, 38644580, 39647113
1, 752, 475860, 39198253, 40200880
35, 2, 21
2, 752, 485979, 39647113, 40649526
1, 752, 485954, 40200880, 41202484
36, 2, 21
2, 752, 481653, 40649526, 41650531
1, 752, 481628, 41202484, 42203841
37, 2, 21
2, 752, 480211, 41650531, 42651134
1, 752, 480186, 42203841, 43204941
38, 2, 21
2, 752, 431183, 42651134, 43655570
1, 752, 431158, 43204941, 44209440
39, 2, 21
2, 752, 439835, 43655570, 44656772
1, 752, 439810, 44209440, 45210097
40, 2, 21
2, 752, 432625, 44656772, 45659979
1, 752, 432600, 45210097, 46212673
41, 2, 21
2, 752, 474443, 45659979, 46660529
1, 752, 474418, 46212673, 47214273
42, 2, 21
2, 752, 454255, 46660529, 47663588
1, 752, 454230, 47214273, 48216858
43, 2, 21
2, 752, 484537, 47663588, 48665634
1, 752, 484512, 48216858, 49219306
44, 2, 21
2, 752, 403785, 48665634, 49667608
1, 752, 403760, 49219306, 50221276
45, 2, 21
2, 752, 473001, 49667608, 50670502
1, 752, 472976, 50221276, 51224296
46, 2, 21
2, 752, 457139, 50670502, 51672037
1, 752, 457114, 51224296, 52225399
47, 2, 21
2, 752, 418205, 51672037, 52672953
1, 752, 418180, 52225399, 53226902
48, 2, 21
2, 752, 447045, 52672953, 53674952
1, 752, 447020, 53226902, 54228731
49, 2, 21
2, 752, 468675, 53674952, 54677559
1, 752, 468650, 54228731, 55231210
50, 2, 21
2, 752, 451371, 54677559, 55679565
1, 752, 451346, 55231210, 56233478
51, 2, 21
2, 752, 484537, 55679565, 56682436
1, 752, 485954, 56233478, 57236213
52, 2, 21
2, 752, 1467, 57686043, 57691777
1, 752, 410970, 57236213, 58241084
53, 2, 21
2, 752, 500399, 57691777, 58688717
1, 752, 500374, 58241084, 59242017
54, 2, 21
2, 752, 448487, 58688717, 59690857
1, 752, 448462, 59242017, 60244529
55, 2, 21
2, 752, 475885, 59690857, 60691999
1, 752, 475860, 60244529, 61245686
56, 2, 21
2, 752, 468675, 60691999, 61695095
1, 752, 468650, 61245686, 62248261
57, 2, 21
2, 752, 500399, 61695095, 62695733
1, 752, 500374, 62248261, 63249559
58, 2, 21
2, 752, 485979, 62695733, 63697376
1, 752, 485954, 63249559, 64251131
