0, 2, 21
2, 27398, 5572691, 5827533
1, 27398, 6143382, 6397963
1, 2, 21
2, 34608, 5827533, 6215410
1, 34608, 6397963, 6786100
2, 2, 21
2, 27398, 6215410, 6469356
1, 27398, 6786100, 7039879
3, 2, 21
2, 28840, 6469356, 6726237
1, 28840, 7039879, 7296810
4, 2, 21
2, 43260, 6726237, 7103533
1, 43260, 7296810, 7674312
5, 2, 21
2, 33166, 7103533, 7409970
1, 33166, 7674312, 7980376
6, 2, 21
2, 40376, 7409970, 7789499
1, 40376, 7980376, 8360033
7, 2, 21
2, 200438, 7789499, 15706638
1, 200438, 8360033, 16276671
8, 2, 21
2, 27398, 15706638, 15963179
1, 27398, 16276671, 16533331
9, 2, 21
2, 43260, 15963179, 16346790
1, 43260, 16533331, 16917217
10, 1, 21
2, 190344, 16346790, 17756148
11, 1, 21
3, 40376, 16992881, 17251370
12, 1, 21
2, 66357, 17756148, 18006545
13, 1, 21
3, 38934, 17251370, 17508212
14, 1, 21
3, 36050, 17508212, 17765608
15, 1, 21
2, 96664, 18006545, 18382165
16, 1, 21
3, 27398, 17765608, 18061634
17, 1, 21
2, 72125, 18382165, 18764815
18, 1, 21
1, 268212, 16917217, 19372779
19, 1, 21
3, 30282, 18061634, 18317859
20, 1, 21
2, 57730, 18764815, 19019958
21, 1, 21
1, 24514, 19372779, 19627944
22, 1, 21
3, 40376, 18317859, 18573533
23, 1, 21
2, 67824, 19019958, 19277269
24, 1, 21
1, 27398, 19627944, 19882150
25, 1, 21
3, 59122, 18573533, 18950899
26, 1, 21
2, 108200, 19277269, 19653724
27, 1, 21
1, 43260, 19882150, 20272622
28, 1, 21
4, 40376, 18503291, 18757749
29, 1, 21
2, 102432, 19653724, 19904365
30, 1, 21
3, 60564, 18950899, 19349845
31, 1, 21
4, 36050, 18757749, 19011630
32, 1, 21
2, 95197, 19904365, 20156406
33, 1, 21
3, 54796, 19349845, 19734313
34, 1, 21
1, 69216, 20272622, 20910464
35, 1, 21
4, 40376, 19011630, 19266462
36, 1, 21
2, 157253, 20156406, 20532619
37, 1, 21
1, 28840, 20910464, 21170226
38, 1, 21
4, 38934, 19266462, 19517614
39, 1, 21
4, 37492, 19517614, 19768650
40, 1, 21
1, 43260, 21170226, 21552450
41, 1, 21
2, 196212, 20532619, 21055235
42, 1, 21
4, 27398, 19768650, 20034353
43, 1, 21
3, 113918, 19734313, 20617542
44, 1, 21
2, 62056, 21055235, 21310207
45, 1, 21
1, 36050, 21552450, 21932083
46, 1, 21
4, 18746, 20034353, 20300603
47, 1, 21
3, 17304, 20617542, 20873507
48, 1, 21
2, 76501, 21310207, 21561717
49, 1, 21
1, 18746, 21932083, 22188176
50, 1, 21
4, 30282, 20300603, 20551460
51, 1, 21
3, 30282, 20873507, 21150802
52, 1, 21
1, 24514, 22188176, 22441770
53, 1, 21
4, 38934, 20551460, 20802527
54, 1, 21
2, 129905, 21561717, 21939878
55, 1, 21
3, 51912, 21150802, 21533624
56, 1, 21
1, 30282, 22441770, 22699063
57, 1, 21
2, 102432, 21939878, 22190000
58, 1, 21
4, 56238, 20802527, 21179567
59, 1, 21
3, 36050, 21533624, 21791834
60, 1, 21
1, 41818, 22699063, 23075903
61, 1, 21
2, 216375, 22190000, 22754315
62, 1, 21
1, 44702, 23075903, 23471011
63, 1, 21
4, 80752, 21179567, 21820149
64, 1, 21
2, 51962, 22754315, 23019195
65, 1, 21
1, 18746, 23471011, 23736125
66, 1, 21
4, 33166, 21820149, 22076121
67, 1, 21
2, 56288, 23019195, 23277707
68, 1, 21
1, 25956, 23736125, 23990380
69, 1, 21
4, 37492, 22076121, 22331473
70, 1, 21
2, 63498, 23277707, 23541059
71, 1, 21
4, 21630, 22331473, 22585196
72, 1, 21
1, 31724, 23990380, 24374787
73, 1, 21
2, 47636, 23541059, 23843232
74, 1, 21
4, 28840, 22585196, 22840855
75, 1, 21
1, 23072, 24374787, 24632945
76, 1, 21
2, 75034, 23843232, 24227949
77, 1, 21
1, 23072, 24632945, 24894087
78, 1, 21
4, 46144, 22840855, 23218249
79, 1, 21
2, 64940, 24227949, 24478560
80, 1, 21
1, 30282, 24894087, 25152603
81, 1, 21
4, 34608, 23218249, 23473523
82, 1, 21
2, 98106, 24478560, 24859911
83, 1, 21
1, 63448, 25152603, 25722107
84, 1, 21
4, 85078, 23473523, 24043790
85, 1, 21
4, 348964, 24043790, 26385301
86, 1, 21
4, 54796, 26385301, 26762715
87, 1, 21
3, 50470, 21791834, 28069283
88, 1, 21
2, 1013851, 24859911, 28677601
89, 1, 21
2, 92288, 28677601, 28929877
90, 1, 21
3, 44702, 28069283, 28454139
91, 1, 21
4, 151410, 26762715, 27906014
92, 1, 21
1, 452788, 25722107, 29641521
93, 1, 21
2, 76501, 28929877, 29179936
94, 1, 21
3, 27398, 28454139, 28705948
95, 1, 21
4, 37492, 27906014, 28156134
96, 1, 21
2, 103874, 29179936, 29433927
97, 1, 21
1, 41818, 29641521, 30026993
98, 1, 21
3, 38934, 28705948, 28964269
99, 1, 21
4, 51912, 28156134, 28532151
100, 1, 21
2, 96689, 29433927, 29687133
101, 1, 21
2, 148526, 29687133, 30064505
102, 1, 21
3, 82194, 28964269, 29535923
103, 1, 21
1, 93730, 30026993, 30912747
104, 1, 21
1, 44702, 30912747, 31296283
105, 1, 21
2, 325967, 30064505, 30954290
106, 1, 21
2, 100940, 30954290, 31331924
107, 1, 21
1, 284074, 31296283, 33747972
108, 1, 21
3, 448462, 29535923, 32645002
109, 1, 21
1, 36050, 33747972, 34171523
110, 1, 21
3, 33166, 32645002, 33056157
111, 2, 21
2, 556712, 31331924, 33876706
1, 5768, 34171523, 34446932
112, 1, 21
1, 24514, 34446932, 34775417
113, 1, 21
2, 25981, 33876706, 34273075
114, 1, 21
1, 12978, 34775417, 35025676
115, 1, 21
2, 28865, 34273075, 34653385
116, 1, 21
1, 23072, 35025676, 35279607
117, 1, 21
2, 14445, 34653385, 34904418
118, 1, 21
1, 14420, 35279607, 35549243
119, 1, 21
1, 18746, 35549243, 35805793
120, 1, 21
2, 27448, 34904418, 35286571
121, 1, 21
1, 25956, 35805793, 36062128
122, 1, 21
3, 2884, 33056157, 35067256
123, 1, 21
2, 60614, 35286571, 35670504
124, 1, 21
1, 30282, 36062128, 36325127
125, 1, 21
3, 83636, 35067256, 35320703
126, 1, 21
2, 113968, 35670504, 35923386
127, 1, 21
1, 44702, 36325127, 36706778
128, 1, 21
2, 93755, 35923386, 36182472
129, 1, 21
3, 105266, 35320703, 35725518
130, 1, 21
1, 17304, 36706778, 36957219
131, 1, 21
2, 85128, 36182472, 36433715
132, 1, 21
3, 56238, 35725518, 35978297
133, 2, 21
2, 44727, 36433715, 36691395
1, 21630, 36957219, 37260532
134, 1, 21
3, 43260, 35978297, 36229502
135, 2, 21
2, 106733, 36691395, 36944628
1, 24514, 37260532, 37513600
136, 1, 21
3, 87962, 36229502, 36479683
137, 1, 21
2, 121153, 36944628, 37200263
138, 1, 21
1, 30282, 37513600, 37770234
139, 1, 21
3, 87962, 36479683, 36731043
140, 1, 21
3, 85078, 36731043, 36984586
141, 1, 21
2, 171673, 37200263, 37579069
142, 1, 21
1, 44702, 37770234, 38155284
143, 1, 21
3, 82194, 36984586, 37237359
144, 1, 21
2, 108200, 37579069, 37832305
145, 1, 21
3, 74984, 37237359, 37491126
146, 1, 21
2, 105291, 37832305, 38082814
147, 1, 21
3, 109592, 37491126, 37869838
148, 1, 21
2, 149993, 38082814, 38462624
149, 1, 21
1, 116802, 38155284, 39209313
150, 1, 21
2, 83661, 38462624, 38716367
151, 1, 21
1, 25956, 39209313, 39469320
152, 1, 21
2, 25981, 38716367, 38977031
153, 1, 21
1, 37492, 39469320, 39853286
154, 1, 21
2, 36075, 38977031, 39353019
155, 1, 21
1, 33166, 39853286, 40242334
156, 1, 21
1, 28840, 40242334, 40503340
157, 1, 21
1, 44702, 40503340, 40885978
158, 1, 21
1, 41818, 40885978, 41281882
159, 1, 21
2, 148626, 39353019, 40779546
160, 1, 21
3, 66332, 37869838, 40296641
161, 1, 21
1, 18746, 41281882, 41535002
162, 1, 21
2, 79360, 40779546, 41030404
163, 1, 21
3, 77868, 40296641, 40609777
164, 1, 21
1, 24514, 41535002, 41825826
165, 1, 21
2, 70708, 41030404, 41280515
166, 1, 21
1, 30282, 41825826, 42087587
167, 1, 21
2, 109617, 41280515, 41532633
168, 1, 21
3, 115360, 40609777, 40984862
169, 1, 21
3, 80752, 40984862, 41241502
170, 1, 21
1, 44702, 42087587, 42468554
171, 1, 21
2, 165905, 41532633, 41908117
172, 1, 21
3, 187460, 41241502, 41805057
173, 1, 21
1, 69216, 42468554, 43103445
174, 1, 21
2, 256726, 41908117, 42544703
175, 1, 21
3, 56238, 41805057, 42056362
176, 1, 21
1, 28840, 43103445, 43360838
177, 1, 21
2, 108200, 42544703, 42801652
178, 1, 21
1, 43260, 43360838, 43736303
179, 2, 21
2, 164413, 42801652, 43177046
3, 184576, 42056362, 42619888
180, 1, 21
1, 43260, 43736303, 44121429
181, 1, 21
3, 161504, 42619888, 43158365
182, 1, 21
1, 40376, 44121429, 44505374
183, 1, 21
2, 312989, 43177046, 44095651
184, 1, 21
1, 33166, 44505374, 44886558
185, 1, 21
2, 23097, 44095651, 44353395
186, 1, 21
1, 28840, 44886558, 45148894
187, 1, 21
2, 37517, 44353395, 44735830
188, 1, 21
1, 21630, 45148894, 45449904
189, 1, 21
1, 33166, 45449904, 45848599
190, 1, 21
1, 17304, 45848599, 46101324
191, 1, 21
1, 21630, 46101324, 46383907
192, 2, 21
2, 116902, 44735830, 46175663
1, 36050, 46383907, 46744377
193, 2, 21
2, 43260, 46175663, 46558724
1, 43260, 46744377, 47128297
194, 1, 21
1, 190344, 47128297, 48794430
195, 1, 21
2, 193253, 46558724, 48248328
196, 1, 21
2, 23072, 48248328, 48505184
197, 1, 21
1, 33166, 48794430, 49187419
198, 1, 21
2, 15887, 48505184, 48756641
199, 1, 21
1, 17304, 49187419, 49441036
200, 1, 21
2, 24539, 48756641, 49009203
201, 1, 21
1, 25956, 49441036, 49693268
202, 1, 21
2, 34633, 49009203, 49385383
203, 1, 21
1, 34608, 49693268, 50073203
204, 1, 21
2, 17329, 49385383, 49649728
205, 1, 21
1, 14420, 50073203, 50333708
206, 1, 21
2, 18771, 49649728, 49930783
207, 1, 21
1, 21630, 50333708, 50597848
208, 1, 21
2, 25981, 49930783, 50183241
209, 1, 21
1, 30282, 50597848, 50981674
210, 1, 21
2, 28865, 50183241, 50558680
211, 2, 21
2, 59122, 50558680, 51114592
1, 73542, 50981674, 51683580
212, 1, 21
1, 44702, 51683580, 52059970
213, 1, 21
2, 46169, 51114592, 51502454
214, 1, 21
3, 54796, 43158365, 53068610
215, 1, 21
2, 269679, 51502454, 53667219
216, 1, 21
3, 83636, 53068610, 53319670
217, 1, 21
2, 109617, 53667219, 53918384
218, 1, 21
3, 118244, 53319670, 53694777
219, 1, 21
2, 167297, 53918384, 54296631
220, 1, 21
2, 122570, 54296631, 54550021
221, 1, 21
3, 138432, 53694777, 54076746
222, 1, 21
2, 122595, 54550021, 54803147
223, 1, 21
3, 136990, 54076746, 54455546
224, 1, 21
2, 259585, 54803147, 55366452
225, 1, 21
3, 128338, 54455546, 54836681
226, 1, 21
2, 119711, 55366452, 55619763
227, 1, 21
3, 89404, 54836681, 55091888
228, 1, 21
2, 113943, 55619763, 55871580
229, 1, 21
3, 129780, 55091888, 55469692
230, 1, 21
2, 1319455, 55871580, 58965739
231, 1, 21
2, 41818, 58965739, 59341994
232, 1, 21
1, 1162252, 52059970, 62061595
233, 1, 21
1, 99498, 62061595, 62959158
234, 1, 21
1, 41818, 62959158, 63346440
235, 1, 21
2, 610041, 59341994, 64870805
236, 1, 21
2, 27398, 64870805, 65122949
237, 1, 21
2, 43260, 65122949, 65507014
