0, 2, 21
2, 72100, 5609909, 6354027
1, 72104, 6191580, 6937314
1, 2, 21
2, 144200, 6354027, 7646369
1, 144204, 6937314, 8229608
2, 2, 21
2, 144200, 7646369, 8933121
1, 144204, 8229608, 9516363
3, 2, 21
2, 217742, 8933121, 16994232
1, 217746, 9516363, 17577658
4, 2, 21
2, 86520, 16994232, 17651425
1, 72104, 17577658, 18234724
5, 2, 21
2, 80752, 17651425, 17961953
1, 36054, 18234724, 18545306
6, 2, 21
2, 43260, 17961953, 18122281
1, 18750, 18545306, 18705684
7, 2, 21
2, 21630, 18122281, 18210030
1, 10098, 18705684, 18793429
8, 2, 21
2, 333102, 18210030, 19612825
1, 144204, 18793429, 20195758
9, 2, 21
2, 272538, 19612825, 20277664
1, 72104, 20195758, 20861079
10, 2, 21
2, 135548, 20277664, 20600644
1, 36054, 20861079, 21182963
11, 2, 21
2, 67774, 20600644, 20768258
1, 18750, 21182963, 21351337
12, 2, 21
2, 497490, 20768258, 22216883
1, 144204, 21351337, 22800228
13, 2, 21
2, 217742, 22216883, 22859688
1, 72104, 22800228, 23443014
14, 2, 21
2, 98056, 22859688, 23300659
1, 36054, 23443014, 23884094
15, 2, 21
2, 40376, 23300659, 23473411
1, 18750, 23884094, 24056600
16, 2, 21
2, 11536, 23473411, 23569615
1, 10098, 24056600, 24152248
17, 2, 21
2, 343196, 23569615, 25054710
1, 144204, 24152248, 25636641
18, 2, 21
2, 331660, 25054710, 26280443
1, 144204, 25636641, 26863375
19, 2, 21
2, 162946, 26280443, 26899131
1, 72104, 26863375, 27482049
20, 2, 21
2, 330218, 26899131, 28159056
1, 144204, 27482049, 28741522
21, 2, 21
2, 431158, 28159056, 29462149
1, 144204, 28741522, 30045045
22, 2, 21
2, 252350, 29462149, 30101819
1, 72104, 30045045, 30683543
23, 2, 21
2, 122570, 30101819, 30410244
1, 36054, 30683543, 30992828
24, 2, 21
2, 351848, 30410244, 31633330
1, 144204, 30992828, 32216306
25, 2, 21
2, 164388, 31633330, 32245654
1, 72104, 32216306, 32828674
26, 2, 21
2, 77868, 32245654, 32551494
1, 36054, 32828674, 33134478
27, 2, 21
2, 263886, 32551494, 34411498
1, 144204, 33134478, 34994680
28, 2, 21
2, 72100, 34411498, 35363631
1, 72104, 34994680, 35946826
29, 2, 21
2, 57680, 35363631, 35670606
1, 36054, 35946826, 36253637
30, 2, 21
2, 74984, 35670606, 35842948
1, 18750, 36253637, 36426096
31, 2, 21
2, 43260, 35842948, 35929695
1, 10098, 36426096, 36511548
32, 2, 21
2, 21630, 35929695, 35978003
1, 5772, 36511548, 36559869
33, 2, 21
2, 547960, 35978003, 37462325
1, 144204, 36559869, 38044885
34, 2, 21
2, 273980, 37462325, 38113600
1, 72104, 38044885, 38696505
35, 2, 21
2, 128338, 38113600, 38440655
1, 36054, 38696505, 39023504
36, 2, 21
2, 200438, 38440655, 39893729
1, 144204, 39023504, 40476302
37, 2, 21
2, 72100, 39893729, 40514843
1, 72104, 40476302, 41097573
38, 2, 21
2, 478744, 40514843, 41958346
1, 144204, 41097573, 42541006
39, 2, 21
2, 265328, 41958346, 42626650
1, 72104, 42541006, 43209570
40, 2, 21
2, 136990, 42626650, 42939485
1, 36054, 43209570, 43521990
41, 2, 21
2, 70658, 42939485, 43099919
1, 18750, 43521990, 43682792
42, 2, 21
2, 380688, 43099919, 44501112
1, 144204, 43682792, 45083480
43, 2, 21
2, 72100, 44501112, 45452373
1, 72104, 45083480, 46034714
44, 2, 21
2, 36050, 45452373, 45904507
1, 36054, 46034714, 46486940
45, 2, 21
2, 144200, 45904507, 47164335
1, 144204, 46486940, 47747363
46, 2, 21
2, 72100, 47164335, 47767064
1, 72104, 47747363, 48350072
47, 2, 21
2, 144200, 47767064, 49356337
1, 144204, 48350072, 49938762
48, 2, 21
2, 144200, 49356337, 51020136
1, 144204, 49938762, 51603205
49, 2, 21
2, 144200, 51020136, 52240589
1, 144204, 51603205, 52822836
50, 2, 21
2, 72100, 52240589, 52853850
1, 72104, 52822836, 53433226
51, 2, 21
2, 305704, 52853850, 54088906
1, 144204, 53433226, 54671974
52, 2, 21
2, 286958, 54088906, 54693621
1, 72104, 54671974, 55276614
53, 2, 21
2, 149968, 54693621, 55000649
1, 36054, 55276614, 55583093
54, 2, 21
2, 571032, 55000649, 56233343
1, 144204, 55583093, 56816219
55, 2, 21
2, 556612, 56233343, 57445940
1, 144204, 56816219, 58028066
56, 2, 21
2, 543634, 57445940, 58671063
1, 144204, 58028066, 59254056
57, 2, 21
2, 144200, 58671063, 59978395
1, 144204, 59254056, 60561602
58, 2, 21
2, 72100, 59978395, 60621854
1, 72104, 60561602, 61205170
59, 2, 21
2, 144200, 60621854, 61874606
1, 144204, 61205170, 62457468
60, 2, 21
2, 144200, 61874606, 63236330
1, 144204, 62457468, 63819587
61, 2, 21
2, 144200, 63236330, 64565862
1, 144204, 63819587, 65149166
