0, 2, 21
2, 27398, 5566814, 5821656
1, 27398, 6137320, 6391846
1, 2, 21
2, 27398, 5821656, 6126398
1, 27398, 6391846, 6696600
2, 2, 21
2, 25956, 6126398, 6388183
1, 25956, 6696600, 6958202
3, 2, 21
2, 28840, 6388183, 6640892
1, 28840, 6958202, 7211052
4, 2, 21
2, 28840, 6640892, 6897435
1, 28840, 7211052, 7467589
5, 2, 21
2, 28840, 6897435, 7154245
1, 28840, 7467589, 7724174
6, 2, 21
2, 27398, 7154245, 7404895
1, 27398, 7724174, 7974389
7, 2, 21
2, 28840, 7404895, 7666724
1, 28840, 7974389, 8236533
8, 2, 21
2, 27398, 7666724, 7919041
1, 27398, 8236533, 8488916
9, 2, 21
2, 28840, 7919041, 8179209
1, 28840, 8488916, 8749256
10, 2, 21
2, 28840, 8179209, 8439203
1, 28840, 8749256, 9009278
11, 2, 21
2, 30282, 8439203, 8700145
1, 30282, 9009278, 9269933
12, 2, 21
2, 28840, 8700145, 8961668
1, 28840, 9269933, 9531161
13, 2, 21
2, 28840, 8961668, 9225330
1, 28840, 9531161, 9794960
14, 2, 21
2, 28840, 9225330, 9485879
1, 28840, 9794960, 10054989
15, 2, 21
2, 10094, 9485879, 15692823
1, 10094, 10054989, 16262297
16, 2, 21
2, 27398, 15692823, 15949525
1, 27398, 16262297, 16519108
17, 2, 21
2, 28840, 15949525, 16210700
1, 28840, 16519108, 16780788
18, 2, 21
2, 30282, 16210700, 16466774
1, 30282, 16780788, 17036908
19, 2, 21
2, 30282, 16466774, 16726940
1, 30282, 17036908, 17296750
20, 2, 21
2, 28840, 16726940, 16981217
1, 28840, 17296750, 17550867
21, 2, 21
2, 27398, 16981217, 17235560
1, 27398, 17550867, 17805230
22, 2, 21
2, 27398, 17235560, 17491676
1, 27398, 17805230, 18061366
23, 1, 21
2, 60564, 17491676, 17746325
24, 1, 21
1, 28840, 18061366, 18322634
25, 1, 21
3, 40376, 16987442, 17246181
26, 1, 21
2, 66382, 17746325, 17996729
27, 1, 21
1, 30282, 18322634, 18583664
28, 1, 21
3, 38934, 17246181, 17503190
29, 1, 21
2, 64940, 17996729, 18247585
30, 1, 21
1, 30282, 18583664, 18843350
31, 1, 21
3, 36050, 17503190, 17760588
32, 1, 21
2, 63498, 18247585, 18503670
33, 1, 21
1, 30282, 18843350, 19102690
34, 1, 21
3, 27398, 17760588, 18056838
35, 1, 21
2, 40426, 18503670, 18755662
36, 1, 21
1, 18746, 19102690, 19358933
37, 1, 21
3, 30282, 18056838, 18314593
38, 1, 21
2, 57730, 18755662, 19008918
39, 1, 21
1, 24514, 19358933, 19616323
40, 1, 21
3, 40376, 18314593, 18570190
41, 1, 21
2, 66382, 19008918, 19259083
42, 1, 21
1, 27398, 19616323, 19870579
43, 1, 21
3, 40376, 18570190, 18828666
44, 1, 21
2, 67824, 19259083, 19509848
45, 1, 21
1, 28840, 19870579, 20128402
46, 1, 21
3, 40376, 18828666, 19087803
47, 1, 21
2, 102432, 19509848, 19762246
48, 1, 21
4, 40376, 18394038, 18649104
49, 1, 21
1, 27398, 20128402, 20380990
50, 1, 21
3, 38934, 19087803, 19348297
51, 1, 21
2, 99573, 19762246, 20012342
52, 1, 21
4, 34608, 18649104, 18899827
53, 1, 21
1, 30282, 20380990, 20642448
54, 1, 21
3, 36050, 19348297, 19599125
55, 1, 21
2, 102457, 20012342, 20263043
56, 1, 21
4, 40376, 18899827, 19155051
57, 1, 21
1, 25956, 20642448, 20900828
58, 1, 21
3, 37492, 19599125, 19853310
59, 1, 21
2, 106783, 20263043, 20515298
60, 1, 21
4, 38934, 19155051, 19406845
61, 1, 21
1, 28840, 20900828, 21160353
62, 1, 21
3, 38934, 19853310, 20107813
63, 1, 21
2, 102457, 20515298, 20766464
64, 1, 21
4, 37492, 19406845, 19662742
65, 1, 21
1, 28840, 21160353, 21417934
66, 1, 21
3, 37492, 20107813, 20358683
67, 1, 21
2, 86595, 20766464, 21022237
68, 1, 21
4, 27398, 19662742, 19922252
69, 1, 21
1, 28840, 21417934, 21670069
70, 1, 21
3, 23072, 20358683, 20612508
71, 1, 21
2, 62081, 21022237, 21272481
72, 1, 21
4, 18746, 19922252, 20186379
73, 1, 21
1, 21630, 21670069, 21922335
74, 1, 21
3, 20188, 20612508, 20871600
75, 1, 21
2, 80827, 21272481, 21524044
76, 1, 21
4, 30282, 20186379, 20447080
77, 1, 21
1, 18746, 21922335, 22177952
78, 1, 21
3, 31724, 20871600, 21130352
79, 1, 21
2, 88037, 21524044, 21777823
80, 1, 21
4, 38934, 20447080, 20703997
81, 1, 21
1, 24514, 22177952, 22431391
82, 1, 21
3, 38934, 21130352, 21388790
83, 1, 21
2, 102457, 21777823, 22028835
84, 1, 21
4, 37492, 20703997, 20956458
85, 1, 21
1, 30282, 22431391, 22688797
86, 1, 21
3, 37492, 21388790, 21644924
87, 1, 21
2, 102457, 22028835, 22279302
88, 1, 21
4, 37492, 20956458, 21212548
89, 1, 21
1, 28840, 22688797, 22945185
90, 1, 21
3, 37492, 21644924, 21900799
91, 1, 21
2, 99573, 22279302, 22530617
92, 1, 21
4, 36050, 21212548, 21468571
93, 1, 21
1, 27398, 22945185, 23197019
94, 1, 21
2, 67824, 22530617, 22786514
95, 1, 21
4, 27398, 21468571, 21738636
96, 1, 21
1, 30282, 23197019, 23460449
97, 1, 21
2, 44752, 22786514, 23044425
98, 1, 21
4, 31724, 21738636, 21990884
99, 1, 21
1, 18746, 23460449, 23725543
100, 1, 21
2, 59172, 23044425, 23299581
101, 1, 21
4, 36050, 21990884, 22245400
102, 1, 21
1, 25956, 23725543, 23979720
103, 1, 21
2, 54846, 23299581, 23558235
104, 1, 21
4, 21630, 22245400, 22498234
105, 1, 21
1, 27398, 23979720, 24246297
106, 1, 21
2, 40426, 23558235, 23809286
107, 1, 21
4, 28840, 22498234, 22756128
108, 1, 21
1, 15862, 24246297, 24501511
109, 1, 21
2, 46194, 23809286, 24061777
110, 1, 21
4, 24514, 22756128, 23006514
111, 1, 21
1, 21630, 24501511, 24752256
112, 1, 21
2, 60614, 24061777, 24314503
113, 1, 21
4, 38934, 23006514, 23263501
114, 1, 21
1, 27398, 24752256, 25009426
115, 1, 21
2, 64940, 24314503, 24568983
116, 1, 21
4, 36050, 23263501, 23517050
117, 1, 21
1, 27398, 25009426, 25267761
118, 1, 21
2, 63498, 24568983, 24821440
119, 1, 21
4, 37492, 23517050, 23772153
120, 1, 21
1, 28840, 25267761, 25523069
121, 1, 21
2, 66382, 24821440, 25074015
122, 1, 21
4, 37492, 23772153, 24033418
123, 1, 21
1, 30282, 25523069, 25778821
124, 1, 21
2, 67824, 25074015, 25328601
125, 1, 21
4, 37492, 24033418, 24293179
126, 1, 21
1, 30282, 25778821, 26034170
127, 1, 21
2, 66382, 25328601, 25584342
128, 1, 21
4, 38934, 24293179, 24551652
129, 1, 21
1, 30282, 26034170, 26294717
130, 1, 21
2, 67824, 25584342, 25835568
131, 1, 21
4, 38934, 24551652, 24804007
132, 1, 21
1, 30282, 26294717, 26551064
133, 1, 21
2, 70708, 25835568, 26091154
134, 1, 21
4, 40376, 24804007, 25059477
135, 1, 21
1, 30282, 26551064, 26807342
136, 1, 21
2, 69266, 26091154, 26345080
137, 1, 21
4, 38934, 25059477, 25319601
138, 1, 21
1, 28840, 26807342, 27061134
139, 1, 21
2, 64940, 26345080, 26598914
140, 1, 21
4, 37492, 25319601, 25571453
141, 1, 21
1, 28840, 27061134, 27318976
142, 1, 21
2, 67824, 26598914, 26855507
143, 1, 21
4, 37492, 25571453, 25827424
144, 1, 21
1, 28840, 27318976, 27572438
145, 1, 21
2, 63498, 26855507, 27106434
146, 1, 21
4, 34608, 25827424, 26079243
147, 1, 21
1, 27398, 27572438, 27827091
148, 1, 21
2, 64940, 27106434, 27360019
149, 1, 21
4, 38934, 26079243, 26333380
150, 1, 21
1, 28840, 27827091, 28078999
151, 1, 21
2, 64940, 27360019, 27610504
152, 1, 21
4, 37492, 26333380, 26585644
153, 1, 21
1, 28840, 28078999, 28335085
154, 1, 21
2, 66382, 27610504, 27863550
155, 1, 21
4, 36050, 26585644, 26838714
156, 1, 21
1, 30282, 28335085, 28597761
157, 1, 21
2, 67824, 27863550, 28114007
158, 1, 21
4, 37492, 26838714, 27089620
159, 1, 21
1, 30282, 28597761, 28857436
160, 1, 21
2, 63498, 28114007, 28364593
161, 1, 21
4, 34608, 27089620, 27339774
162, 1, 21
3, 15862, 21900799, 27929491
163, 1, 21
1, 28840, 28857436, 29108714
164, 1, 21
2, 85153, 28364593, 28621281
165, 1, 21
4, 36050, 27339774, 27597680
166, 1, 21
3, 36050, 27929491, 28192230
167, 1, 21
1, 28840, 29108714, 29364025
168, 1, 21
2, 88037, 28621281, 28872998
169, 1, 21
4, 25956, 27597680, 27855583
170, 1, 21
3, 27398, 28192230, 28444794
171, 1, 21
1, 25956, 29364025, 29622525
172, 1, 21
2, 90921, 28872998, 29123882
173, 1, 21
4, 38934, 27855583, 28107035
174, 1, 21
3, 38934, 28444794, 28697343
175, 1, 21
1, 23072, 29622525, 29876041
176, 1, 21
2, 99573, 29123882, 29374369
177, 1, 21
4, 37492, 28107035, 28367300
178, 1, 21
3, 33166, 28697343, 28949655
179, 1, 21
1, 27398, 29876041, 30141824
180, 1, 21
2, 93805, 29374369, 29625224
181, 1, 21
4, 36050, 28367300, 28627146
182, 1, 21
3, 40376, 28949655, 29208565
183, 1, 21
1, 25956, 30141824, 30397149
184, 1, 21
2, 99573, 29625224, 29877928
185, 1, 21
4, 36050, 28627146, 28879573
186, 1, 21
3, 37492, 29208565, 29465078
187, 1, 21
1, 28840, 30397149, 30658689
188, 1, 21
2, 102457, 29877928, 30133698
189, 1, 21
4, 36050, 28879573, 29131416
190, 1, 21
3, 37492, 29465078, 29720315
191, 1, 21
1, 30282, 30658689, 30919734
192, 1, 21
2, 101015, 30133698, 30386534
193, 1, 21
4, 36050, 29131416, 29383800
194, 1, 21
3, 36050, 29720315, 29977995
195, 1, 21
1, 28840, 30919734, 31176350
196, 1, 21
2, 101015, 30386534, 30639017
197, 1, 21
3, 38934, 29977995, 30239027
198, 1, 21
1, 28840, 31176350, 31429661
199, 1, 21
2, 72150, 30639017, 30890459
200, 1, 21
3, 38934, 30239027, 30496542
201, 1, 21
1, 30282, 31429661, 31685302
202, 1, 21
2, 67824, 30890459, 31145814
203, 1, 21
3, 37492, 30496542, 30755430
204, 1, 21
1, 30282, 31685302, 31940999
205, 1, 21
2, 67824, 31145814, 31399666
206, 1, 21
3, 37492, 30755430, 31006154
207, 1, 21
1, 30282, 31940999, 32194984
208, 1, 21
2, 66382, 31399666, 31651194
209, 1, 21
3, 37492, 31006154, 31262843
210, 1, 21
1, 30282, 32194984, 32453226
211, 1, 21
2, 67824, 31651194, 31906683
212, 1, 21
3, 38934, 31262843, 31519316
213, 1, 21
1, 30282, 32453226, 32709727
214, 1, 21
2, 67824, 31906683, 32159058
215, 1, 21
3, 36050, 31519316, 31771514
216, 1, 21
1, 30282, 32709727, 32967252
217, 1, 21
2, 64940, 32159058, 32409180
218, 1, 21
3, 38934, 31771514, 32022478
219, 1, 21
1, 30282, 32967252, 33225018
220, 1, 21
2, 69266, 32409180, 32666602
221, 1, 21
3, 30282, 32022478, 32286580
222, 1, 21
1, 30282, 33225018, 33478469
223, 1, 21
2, 57730, 32666602, 32920332
224, 1, 21
3, 36050, 32286580, 32540522
225, 1, 21
1, 28840, 33478469, 33739181
226, 1, 21
2, 63498, 32920332, 33172418
227, 1, 21
3, 15862, 32540522, 32796380
228, 2, 21
2, 37517, 33172418, 33430124
1, 27398, 33739181, 34000167
229, 2, 21
2, 17304, 33430124, 33685059
1, 17304, 34000167, 34255030
230, 2, 21
2, 5768, 33685059, 33960361
1, 5768, 34255030, 34530350
231, 2, 21
2, 18746, 33960361, 34220977
1, 18746, 34530350, 34790965
232, 2, 21
2, 14420, 34220977, 34483348
1, 14420, 34790965, 35053465
233, 2, 21
2, 21630, 34483348, 34736986
1, 21630, 35053465, 35306956
234, 2, 21
2, 14420, 34736986, 34988517
1, 14420, 35306956, 35558508
235, 2, 21
2, 18746, 34988517, 35249494
1, 18746, 35558508, 35819513
236, 1, 21
3, 4326, 32796380, 34858920
237, 1, 21
2, 50495, 35249494, 35500306
238, 1, 21
1, 23072, 35819513, 36069765
239, 1, 21
3, 83636, 34858920, 35112326
240, 1, 21
2, 118294, 35500306, 35751992
241, 1, 21
1, 30282, 36069765, 36326057
242, 1, 21
3, 80752, 35112326, 35415677
243, 1, 21
2, 90896, 35751992, 36003827
244, 1, 21
1, 28840, 36326057, 36583641
245, 1, 21
3, 67774, 35415677, 35668356
246, 1, 21
2, 88012, 36003827, 36258862
247, 1, 21
1, 30282, 36583641, 36908149
248, 1, 21
3, 28840, 35668356, 35925761
249, 1, 21
2, 53404, 36258862, 36509596
250, 1, 21
1, 25956, 36908149, 37164473
251, 1, 21
3, 82194, 35925761, 36179524
252, 1, 21
2, 99548, 36509596, 36761326
253, 1, 21
1, 12978, 37164473, 37418184
254, 1, 21
3, 90846, 36179524, 36433919
255, 1, 21
2, 113968, 36761326, 37014800
256, 1, 21
1, 28840, 37418184, 37673749
257, 1, 21
3, 86520, 36433919, 36685945
258, 1, 21
2, 116852, 37014800, 37265931
259, 1, 21
1, 30282, 37673749, 37929969
260, 1, 21
3, 80752, 36685945, 36936527
261, 1, 21
2, 111084, 37265931, 37520302
262, 1, 21
1, 28840, 37929969, 38181283
263, 1, 21
3, 74984, 36936527, 37189646
264, 1, 21
2, 102432, 37520302, 37770543
265, 1, 21
1, 28840, 38181283, 38441557
266, 1, 21
3, 70658, 37189646, 37442621
267, 1, 21
2, 96664, 37770543, 38022148
268, 1, 21
1, 27398, 38441557, 38692965
269, 1, 21
3, 80752, 37442621, 37696670
270, 1, 21
2, 109642, 38022148, 38275935
271, 1, 21
1, 27398, 38692965, 38948536
272, 1, 21
2, 72125, 38275935, 38527022
273, 1, 21
1, 30282, 38948536, 39210679
274, 1, 21
2, 30307, 38527022, 38787298
275, 1, 21
1, 28840, 39210679, 39464460
276, 1, 21
2, 25981, 38787298, 39045562
277, 1, 21
1, 25956, 39464460, 39727767
278, 1, 21
2, 24539, 39045562, 39304909
279, 1, 21
1, 23072, 39727767, 39979459
280, 1, 21
2, 24539, 39304909, 39564807
281, 1, 21
1, 21630, 39979459, 40237642
282, 1, 21
2, 21655, 39564807, 39824139
283, 1, 21
1, 25956, 40237642, 40499363
284, 1, 21
2, 28865, 39824139, 40079367
285, 1, 21
1, 30282, 40499363, 40758871
286, 1, 21
2, 30307, 40079367, 40336846
287, 1, 21
1, 30282, 40758871, 41015461
288, 1, 21
2, 30307, 40336846, 40596597
289, 1, 21
3, 54796, 37696670, 40087629
290, 1, 21
1, 27398, 41015461, 41268338
291, 1, 21
2, 95222, 40596597, 40848373
292, 1, 21
3, 77868, 40087629, 40401089
293, 1, 21
1, 21630, 41268338, 41565009
294, 1, 21
2, 70708, 40848373, 41098800
295, 1, 21
3, 74984, 40401089, 40653459
296, 1, 21
1, 28840, 41565009, 41893057
297, 1, 21
2, 100990, 41098800, 41350313
298, 1, 21
3, 83636, 40653459, 40906868
299, 1, 21
1, 30282, 41893057, 42155650
300, 1, 21
2, 106758, 41350313, 41600498
301, 1, 21
3, 82194, 40906868, 41160709
302, 1, 21
1, 30282, 42155650, 42411658
303, 1, 21
2, 115410, 41600498, 41853461
304, 1, 21
3, 82194, 41160709, 41411588
305, 1, 21
1, 28840, 42411658, 42661695
306, 1, 21
2, 109642, 41853461, 42104578
307, 1, 21
3, 70658, 41411588, 41681063
308, 1, 21
1, 30282, 42661695, 42920197
309, 1, 21
2, 89454, 42104578, 42357343
310, 1, 21
3, 76426, 41681063, 41934734
311, 1, 21
1, 24514, 42920197, 43171969
312, 1, 21
2, 108200, 42357343, 42614021
313, 1, 21
3, 79310, 41934734, 42187125
314, 1, 21
1, 28840, 43171969, 43429103
315, 1, 21
2, 108200, 42614021, 42865090
316, 1, 21
3, 83636, 42187125, 42437420
317, 1, 21
1, 28840, 43429103, 43679547
318, 1, 21
2, 111084, 42865090, 43116709
319, 1, 21
3, 82194, 42437420, 42691002
320, 2, 21
2, 106733, 43116709, 43368454
1, 30282, 43679547, 43938394
321, 1, 21
3, 67774, 42691002, 42942467
322, 2, 21
2, 105291, 43368454, 43619462
1, 27398, 43938394, 44189327
323, 2, 21
2, 37492, 43619462, 43871845
1, 25956, 44189327, 44441880
324, 2, 21
2, 27398, 43871845, 44129017
1, 27398, 44441880, 44699084
325, 2, 21
2, 20188, 44129017, 44384366
1, 20188, 44699084, 44954345
326, 2, 21
2, 28840, 44384366, 44646629
1, 28840, 44954345, 45216565
327, 2, 21
2, 21630, 44646629, 44947703
1, 21630, 45216565, 45517679
328, 2, 21
2, 20188, 44947703, 45198551
1, 20188, 45517679, 45768584
329, 2, 21
2, 23072, 45198551, 45470055
1, 23072, 45768584, 46040205
330, 2, 21
2, 17304, 45470055, 45729546
1, 17304, 46040205, 46299634
331, 2, 21
2, 18746, 45729546, 45985478
1, 18746, 46299634, 46555632
332, 2, 21
2, 28840, 45985478, 46241946
1, 28840, 46555632, 46811960
333, 2, 21
2, 28840, 46241946, 46492926
1, 28840, 46811960, 47062252
334, 2, 21
2, 28840, 46492926, 46748986
1, 28840, 47062252, 47318971
335, 2, 21
2, 30282, 46748986, 47009213
1, 30282, 47318971, 47579275
336, 2, 21
2, 30282, 47009213, 47268788
1, 30282, 47579275, 47838789
337, 2, 21
2, 30282, 47268788, 47527614
1, 30282, 47838789, 48097756
338, 2, 21
2, 30282, 47527614, 47780729
1, 30282, 48097756, 48350584
339, 2, 21
2, 30282, 47780729, 48039759
1, 30282, 48350584, 48609754
340, 2, 21
2, 24514, 48039759, 48291483
1, 24514, 48609754, 48861562
341, 2, 21
2, 23072, 48291483, 48544003
1, 23072, 48861562, 49114042
342, 2, 21
2, 18746, 48544003, 48822245
1, 18746, 49114042, 49392344
343, 2, 21
2, 24514, 48822245, 49075648
1, 24514, 49392344, 49645728
344, 2, 21
2, 24514, 49075648, 49340516
1, 24514, 49645728, 49910645
345, 2, 21
2, 21630, 49340516, 49607691
1, 21630, 49910645, 50177808
346, 2, 21
2, 15862, 49607691, 49861486
1, 15862, 50177808, 50431613
347, 2, 21
2, 21630, 49861486, 50120513
1, 21630, 50431613, 50690545
348, 2, 21
2, 23072, 50120513, 50403207
1, 23072, 50690545, 50973358
349, 2, 21
2, 23072, 50403207, 50663061
1, 23072, 50973358, 51233109
350, 2, 21
2, 24514, 50663061, 50922567
1, 24514, 51233109, 51491773
351, 2, 21
2, 30282, 50922567, 51178889
1, 30282, 51491773, 51748954
352, 2, 21
2, 30282, 51178889, 51433662
1, 30282, 51748954, 52003768
353, 2, 21
2, 30282, 51433662, 51688530
1, 30282, 52003768, 52257787
354, 2, 21
2, 30282, 51688530, 51942702
1, 30282, 52257787, 52512150
355, 2, 21
2, 30282, 51942702, 52200442
1, 30282, 52512150, 52769847
356, 2, 21
2, 30282, 52200442, 52459448
1, 30282, 52769847, 53028846
357, 2, 21
2, 30282, 52459448, 52714738
1, 30282, 53028846, 53284773
358, 2, 21
2, 30282, 52714738, 52969844
1, 30282, 53284773, 53539122
359, 2, 21
2, 28840, 52969844, 53223265
1, 28840, 53539122, 53792372
360, 1, 21
3, 57680, 42942467, 52849711
361, 1, 21
2, 54821, 53223265, 53475084
362, 1, 21
1, 30282, 53792372, 54050609
363, 1, 21
3, 85078, 52849711, 53102317
364, 1, 21
2, 111084, 53475084, 53725346
365, 1, 21
1, 30282, 54050609, 54310768
366, 1, 21
3, 82194, 53102317, 53356725
367, 1, 21
2, 111084, 53725346, 53975587
368, 1, 21
1, 30282, 54310768, 54567381
369, 1, 21
3, 85078, 53356725, 53609761
370, 1, 21
2, 118294, 53975587, 54226824
371, 1, 21
1, 30282, 54567381, 54827283
372, 1, 21
3, 93730, 53609761, 53862707
373, 1, 21
2, 124062, 54226824, 54479753
374, 1, 21
1, 30282, 54827283, 55083183
375, 1, 21
3, 93730, 53862707, 54116473
376, 1, 21
2, 122620, 54479753, 54733144
377, 1, 21
1, 30282, 55083183, 55336264
378, 1, 21
3, 92288, 54116473, 54367200
379, 1, 21
2, 119736, 54733144, 54985627
380, 1, 21
1, 30282, 55336264, 55592523
381, 1, 21
3, 82194, 54367200, 54618967
382, 1, 21
2, 116852, 54985627, 55238362
383, 1, 21
1, 30282, 55592523, 55845687
384, 1, 21
3, 89404, 54618967, 54868975
385, 1, 21
2, 116852, 55238362, 55490230
386, 1, 21
1, 30282, 55845687, 56104029
387, 1, 21
3, 85078, 54868975, 55121376
388, 1, 21
2, 115410, 55490230, 55741007
389, 1, 21
1, 30282, 56104029, 56365753
390, 1, 21
3, 89404, 55121376, 55372910
391, 1, 21
2, 118294, 55741007, 55994574
392, 1, 21
1, 28840, 56365753, 56624039
393, 1, 21
3, 87962, 55372910, 55625151
394, 1, 21
2, 115410, 55994574, 56246842
395, 1, 21
1, 30282, 56624039, 56876070
396, 1, 21
3, 86520, 55625151, 55878390
397, 1, 21
2, 115410, 56246842, 56496900
398, 1, 21
1, 30282, 56876070, 57130089
399, 1, 21
3, 85078, 55878390, 56129354
400, 1, 21
2, 116852, 56496900, 56750107
401, 1, 21
1, 30282, 57130089, 57382309
402, 1, 21
3, 87962, 56129354, 56383608
403, 1, 21
2, 118294, 56750107, 57001216
404, 1, 21
1, 30282, 57382309, 57638298
405, 1, 21
3, 82194, 56383608, 56634271
406, 1, 21
2, 112526, 57001216, 57256921
407, 1, 21
1, 30282, 57638298, 57892285
408, 1, 21
3, 83636, 56634271, 56886491
409, 1, 21
2, 115410, 57256921, 57509188
410, 1, 21
1, 30282, 57892285, 58147852
411, 1, 21
3, 79310, 56886491, 57139279
412, 1, 21
2, 109642, 57509188, 57761191
413, 1, 21
1, 30282, 58147852, 58408142
414, 1, 21
3, 87962, 57139279, 57392005
415, 1, 21
2, 118294, 57761191, 58014346
416, 1, 21
1, 30282, 58408142, 58665137
417, 1, 21
3, 89404, 57392005, 57644464
418, 1, 21
2, 119736, 58014346, 58267170
419, 1, 21
1, 30282, 58665137, 58915938
420, 1, 21
2, 85103, 58267170, 58526528
421, 1, 21
1, 30282, 58915938, 59169051
422, 1, 21
2, 30307, 58526528, 58786847
423, 1, 21
1, 28840, 59169051, 59429084
424, 1, 21
2, 27423, 58786847, 59042716
425, 1, 21
1, 28840, 59429084, 59689898
426, 1, 21
2, 28865, 59042716, 59302248
427, 1, 21
1, 28840, 59689898, 59950301
428, 1, 21
2, 28865, 59302248, 59566825
429, 1, 21
1, 27398, 59950301, 60204572
430, 1, 21
2, 27423, 59566825, 59818505
431, 1, 21
1, 28840, 60204572, 60466389
432, 1, 21
2, 28865, 59818505, 60071956
433, 1, 21
1, 28840, 60466389, 60722925
434, 1, 21
2, 28865, 60071956, 60333178
435, 1, 21
1, 28840, 60722925, 60983263
436, 1, 21
2, 28865, 60333178, 60588747
437, 1, 21
1, 28840, 60983263, 61235753
438, 1, 21
2, 28865, 60588747, 60841323
439, 1, 21
1, 28840, 61235753, 61487996
440, 1, 21
2, 28865, 60841323, 61095110
441, 1, 21
1, 28840, 61487996, 61738716
442, 1, 21
2, 30307, 61095110, 61356062
443, 1, 21
1, 28840, 61738716, 61991971
444, 1, 21
2, 28865, 61356062, 61606968
445, 1, 21
1, 30282, 61991971, 62250113
446, 1, 21
2, 30307, 61606968, 61864084
447, 1, 21
1, 30282, 62250113, 62512841
448, 1, 21
2, 28865, 61864084, 62123115
449, 1, 21
1, 28840, 62512841, 62769479
450, 1, 21
2, 27423, 62123115, 62383237
451, 1, 21
1, 25956, 62769479, 63024264
452, 1, 21
2, 27423, 62383237, 62640185
453, 1, 21
1, 27398, 63024264, 63282924
454, 1, 21
2, 27423, 62640185, 62904220
455, 1, 21
1, 27398, 63282924, 63541810
456, 1, 21
2, 27423, 62904220, 63160840
457, 1, 21
1, 27398, 63541810, 63803624
458, 1, 21
2, 27423, 63160840, 63423977
459, 1, 21
1, 27398, 63803624, 64063802
460, 1, 21
2, 27423, 63423977, 63685646
461, 1, 21
1, 27398, 64063802, 64319818
462, 1, 21
2, 28865, 63685646, 63949828
463, 1, 21
1, 28840, 64319818, 64580929
464, 1, 21
2, 28865, 63949828, 64210189
465, 1, 21
1, 27398, 64580929, 64833982
466, 1, 21
2, 28865, 64210189, 64471116
467, 1, 21
1, 27398, 64833982, 65085483
468, 1, 21
2, 27423, 64471116, 64722933
469, 1, 21
1, 28840, 65085483, 65342645
470, 1, 21
2, 30307, 64722933, 64985006
471, 1, 21
1, 28840, 65342645, 65598580
472, 1, 21
2, 27423, 64985006, 65239948
473, 1, 21
1, 28840, 65598580, 65859673
474, 1, 21
2, 28865, 65239948, 65495901
475, 1, 21
1, 28840, 65859673, 66118589
476, 1, 21
2, 28865, 65495901, 65755801
477, 1, 21
1, 28840, 66118589, 66383355
