0, 2, 21
2, 27398, 5593040, 5848500
1, 27398, 6158323, 6412683
1, 2, 21
2, 28840, 5848500, 6166231
1, 28840, 6412683, 6730861
2, 2, 21
2, 25956, 6166231, 6426746
1, 25956, 6730861, 6991382
3, 2, 21
2, 28840, 6426746, 6679061
1, 28840, 6991382, 7243713
4, 2, 21
2, 36050, 6679061, 6998131
1, 36050, 7243713, 7562894
5, 2, 21
2, 43260, 6998131, 7392452
1, 43260, 7562894, 7957176
6, 2, 21
2, 27398, 7392452, 7643900
1, 27398, 7957176, 8208418
7, 2, 21
2, 27398, 7643900, 7896146
1, 27398, 8208418, 8460770
8, 2, 21
2, 28840, 7896146, 8152952
1, 28840, 8460770, 8717464
9, 2, 21
2, 44702, 8152952, 8553073
1, 44702, 8717464, 9117527
10, 2, 21
2, 69216, 8553073, 9168206
1, 69216, 9117527, 9733532
11, 2, 21
2, 47586, 9168206, 15717262
1, 47586, 9733532, 16282292
12, 2, 21
2, 27398, 15717262, 15974007
1, 27398, 16282292, 16538957
13, 2, 21
2, 36050, 15974007, 16296477
1, 36050, 16538957, 16861743
14, 2, 21
2, 46144, 16296477, 16689565
1, 46144, 16861743, 17254731
15, 2, 21
2, 85078, 16689565, 17455224
1, 85078, 17254731, 18020445
16, 1, 21
2, 67774, 17455224, 17766459
17, 1, 21
1, 36050, 18020445, 18337921
18, 1, 21
3, 38934, 16997866, 17248825
19, 1, 21
2, 66382, 17766459, 18017783
20, 1, 21
1, 37492, 18337921, 18660106
21, 1, 21
3, 47586, 17248825, 17565340
22, 1, 21
2, 80802, 18017783, 18332706
23, 1, 21
3, 34608, 17565340, 17815795
24, 1, 21
1, 46144, 18660106, 19054501
25, 1, 21
2, 57730, 18332706, 18587429
26, 1, 21
3, 21630, 17815795, 18071037
27, 1, 21
1, 25956, 19054501, 19371887
28, 1, 21
2, 40426, 18587429, 18844704
29, 1, 21
3, 30282, 18071037, 18328040
30, 1, 21
1, 24514, 19371887, 19626106
31, 1, 21
2, 66382, 18844704, 19099367
32, 1, 21
3, 40376, 18328040, 18584931
33, 1, 21
2, 66357, 19099367, 19350490
34, 1, 21
1, 34608, 19626106, 19952422
35, 1, 21
3, 38934, 18584931, 18836054
36, 1, 21
3, 40376, 18836054, 19093601
37, 1, 21
2, 103899, 19350490, 19667111
38, 1, 21
1, 43260, 19952422, 20348737
39, 1, 21
4, 40376, 18426311, 18678949
40, 1, 21
3, 37492, 19093601, 19343802
41, 1, 21
2, 101015, 19667111, 19919246
42, 1, 21
4, 36050, 18678949, 18931779
43, 1, 21
3, 44702, 19343802, 19659970
44, 1, 21
2, 125504, 19919246, 20232574
45, 1, 21
4, 40376, 18931779, 19184737
46, 1, 21
1, 57680, 20348737, 20906759
47, 1, 21
4, 38934, 19184737, 19437438
48, 1, 21
1, 25956, 20906759, 21159935
49, 1, 21
3, 56238, 19659970, 20057647
50, 1, 21
2, 194795, 20232574, 20722091
51, 1, 21
4, 37492, 19437438, 19690910
52, 1, 21
1, 28840, 21159935, 21419607
53, 2, 21
2, 122620, 20722091, 21062248
4, 25956, 19690910, 19941813
54, 1, 21
1, 36050, 21419607, 21737521
55, 1, 21
3, 72100, 20057647, 20628777
56, 1, 21
2, 60614, 21062248, 21318344
57, 1, 21
4, 18746, 19941813, 20205750
58, 1, 21
1, 21630, 21737521, 21993070
59, 1, 21
3, 17304, 20628777, 20880316
60, 1, 21
2, 80827, 21318344, 21573685
61, 1, 21
4, 30282, 20205750, 20464497
62, 1, 21
1, 18746, 21993070, 22244340
63, 1, 21
3, 30282, 20880316, 21131282
64, 1, 21
2, 93805, 21573685, 21826334
65, 1, 21
4, 38934, 20464497, 20715719
66, 1, 21
1, 24514, 22244340, 22498280
67, 1, 21
3, 36050, 21131282, 21382491
68, 1, 21
2, 125529, 21826334, 22141723
69, 1, 21
4, 47586, 20715719, 21036264
70, 1, 21
1, 30282, 22498280, 22756086
71, 1, 21
3, 46144, 21382491, 21704594
72, 1, 21
1, 34608, 22756086, 23069972
73, 1, 21
2, 158720, 22141723, 22539594
74, 1, 21
4, 57680, 21036264, 21432571
75, 1, 21
2, 83661, 22539594, 22845837
76, 1, 21
4, 33166, 21432571, 21729589
77, 1, 21
1, 44702, 23069972, 23461472
78, 1, 21
4, 33166, 21729589, 21981758
79, 2, 21
2, 69291, 22845837, 23163744
1, 20188, 23461472, 23728835
80, 1, 21
4, 37492, 21981758, 22235988
81, 1, 21
1, 24514, 23728835, 23979824
82, 1, 21
2, 83686, 23163744, 23561512
83, 1, 21
4, 21630, 22235988, 22486335
84, 1, 21
1, 27398, 23979824, 24233390
85, 1, 21
2, 51962, 23561512, 23834692
86, 1, 21
4, 28840, 22486335, 22747239
87, 1, 21
1, 15862, 24233390, 24499232
88, 1, 21
4, 36050, 22747239, 23059962
89, 1, 21
1, 24514, 24499232, 24761821
90, 1, 21
2, 80852, 23834692, 24226613
91, 1, 21
4, 36050, 23059962, 23320282
92, 1, 21
2, 62031, 24226613, 24481936
93, 1, 21
1, 33166, 24761821, 25084420
94, 1, 21
4, 47586, 23320282, 23634113
95, 1, 21
2, 82244, 24481936, 24803283
96, 1, 21
1, 43260, 25084420, 25478545
97, 1, 21
4, 72100, 23634113, 24124400
98, 1, 21
2, 131272, 24803283, 25295892
99, 1, 21
1, 89404, 25478545, 26247477
100, 1, 21
4, 474418, 24124400, 27319351
101, 1, 21
3, 54796, 21704594, 28000109
102, 1, 21
2, 920071, 25295892, 28699594
103, 1, 21
4, 41818, 27319351, 27632343
104, 1, 21
3, 36050, 28000109, 28262769
105, 1, 21
4, 28840, 27632343, 27883075
106, 1, 21
2, 105341, 28699594, 29012506
107, 1, 21
3, 27398, 28262769, 28515261
108, 1, 21
4, 38934, 27883075, 28138257
109, 1, 21
2, 99548, 29012506, 29265490
110, 1, 21
3, 38934, 28515261, 28766419
111, 1, 21
4, 31724, 28138257, 28394197
112, 1, 21
2, 96664, 29265490, 29517379
113, 1, 21
3, 33166, 28766419, 29018641
114, 1, 21
1, 445578, 26247477, 30156817
115, 1, 21
2, 95222, 29517379, 29769690
116, 1, 21
4, 43260, 28394197, 28714069
117, 1, 21
3, 40376, 29018641, 29277448
118, 1, 21
1, 34608, 30156817, 30474230
119, 1, 21
2, 129855, 29769690, 30084404
120, 1, 21
3, 47586, 29277448, 29599322
121, 1, 21
1, 46144, 30474230, 30870724
122, 1, 21
4, 72100, 28714069, 29211457
123, 1, 21
3, 54796, 29599322, 29993898
124, 1, 21
2, 196212, 30084404, 30576688
125, 1, 21
2, 77868, 30576688, 30831958
126, 1, 21
1, 90846, 30870724, 31640964
127, 1, 21
2, 66357, 30831958, 31083343
128, 1, 21
3, 113918, 29993898, 30758158
129, 1, 21
2, 83661, 31083343, 31397630
130, 1, 21
2, 129780, 31397630, 31886072
131, 1, 21
3, 121128, 30758158, 31567780
132, 1, 21
3, 36050, 31567780, 31831006
133, 1, 21
3, 40376, 31831006, 32085737
134, 1, 21
3, 31724, 32085737, 32359058
135, 1, 21
2, 284174, 31886072, 32998163
136, 1, 21
3, 36050, 32359058, 32613070
137, 1, 21
1, 245140, 31640964, 33750700
138, 1, 21
2, 73592, 32998163, 33314092
139, 1, 21
3, 15862, 32613070, 32868901
140, 1, 21
1, 31724, 33750700, 34064069
141, 1, 21
2, 26006, 33314092, 33596304
142, 2, 21
2, 5768, 33596304, 33872434
1, 8652, 34064069, 34436772
143, 2, 21
2, 18746, 33872434, 34132845
1, 18746, 34436772, 34697275
144, 1, 21
1, 14420, 34697275, 34959831
145, 1, 21
2, 18771, 34132845, 34449580
146, 1, 21
1, 21630, 34959831, 35213109
147, 1, 21
2, 23097, 34449580, 34703333
148, 1, 21
1, 14420, 35213109, 35464666
149, 1, 21
2, 14445, 34703333, 34970792
150, 1, 21
1, 18746, 35464666, 35725520
151, 1, 21
2, 23097, 34970792, 35291656
152, 1, 21
1, 23072, 35725520, 35975661
153, 1, 21
3, 4326, 32868901, 34931398
154, 1, 21
2, 99548, 35291656, 35664010
155, 1, 21
1, 30282, 35975661, 36231581
156, 1, 21
3, 83636, 34931398, 35184665
157, 1, 21
2, 119736, 35664010, 35916622
158, 1, 21
1, 36050, 36231581, 36549383
159, 1, 21
3, 85078, 35184665, 35499524
160, 1, 21
2, 77918, 35916622, 36169179
161, 1, 21
3, 67774, 35499524, 35794223
162, 1, 21
1, 36050, 36549383, 36949601
163, 1, 21
2, 69266, 36169179, 36419981
164, 1, 21
3, 34608, 35794223, 36044807
165, 2, 21
2, 63473, 36419981, 36676283
1, 20188, 36949601, 37241001
166, 1, 21
3, 87962, 36044807, 36295147
167, 1, 21
2, 115385, 36676283, 36926427
168, 1, 21
1, 24514, 37241001, 37493790
169, 1, 21
3, 89404, 36295147, 36548582
170, 1, 21
1, 30282, 37493790, 37748786
171, 1, 21
2, 147159, 36926427, 37239877
172, 1, 21
3, 86520, 36548582, 36800081
173, 1, 21
2, 111059, 37239877, 37493706
174, 1, 21
1, 37492, 37748786, 38070409
175, 1, 21
3, 80752, 36800081, 37052640
176, 1, 21
2, 128388, 37493706, 37807322
177, 1, 21
3, 74984, 37052640, 37305192
178, 1, 21
1, 53354, 38070409, 38559656
179, 1, 21
2, 103874, 37807322, 38067601
180, 1, 21
3, 87962, 37305192, 37621538
181, 1, 21
2, 106733, 38067601, 38321456
182, 1, 21
3, 79310, 37621538, 37872513
183, 1, 21
1, 62006, 38559656, 39114459
184, 1, 21
2, 86570, 38321456, 38574222
185, 1, 21
2, 28840, 38574222, 38831646
186, 1, 21
1, 34608, 39114459, 39440688
187, 1, 21
2, 24539, 38831646, 39083685
188, 1, 21
1, 25956, 39440688, 39701579
189, 1, 21
1, 24514, 39701579, 39958984
190, 1, 21
2, 30332, 39083685, 39420143
191, 1, 21
1, 27398, 39958984, 40281647
192, 1, 21
2, 47611, 39420143, 39908626
193, 1, 21
1, 28840, 40281647, 40537660
194, 1, 21
1, 30282, 40537660, 40796847
195, 1, 21
1, 37492, 40796847, 41119472
196, 1, 21
3, 24514, 37872513, 40160929
197, 1, 21
2, 103924, 39908626, 40755968
198, 1, 21
1, 23072, 41119472, 41371997
199, 1, 21
2, 85103, 40755968, 41018160
200, 1, 21
3, 77868, 40160929, 40475391
201, 1, 21
1, 20188, 41371997, 41622787
202, 1, 21
2, 92338, 41018160, 41271294
203, 1, 21
1, 21630, 41622787, 41883265
204, 1, 21
3, 92288, 40475391, 40787899
205, 1, 21
2, 111084, 41271294, 41524412
206, 1, 21
3, 82194, 40787899, 41037907
207, 1, 21
1, 37492, 41883265, 42201203
208, 1, 21
2, 139924, 41524412, 41839077
209, 1, 21
3, 105266, 41037907, 41352672
210, 1, 21
1, 57680, 42201203, 42696531
211, 1, 21
2, 174532, 41839077, 42231234
212, 1, 21
3, 113918, 41352672, 41754598
213, 1, 21
2, 83661, 42231234, 42486419
214, 1, 21
1, 40376, 42696531, 43084707
215, 1, 21
3, 95172, 41754598, 42070318
216, 1, 21
2, 106758, 42486419, 42738876
217, 1, 21
1, 28840, 43084707, 43341611
218, 1, 21
2, 112501, 42738876, 42990035
219, 1, 21
3, 128338, 42070318, 42463333
220, 1, 21
1, 37492, 43341611, 43665503
221, 1, 21
2, 173090, 42990035, 43380963
222, 1, 21
1, 44702, 43665503, 44065110
223, 1, 21
3, 168714, 42463333, 43022655
224, 1, 21
2, 98106, 43380963, 43631477
225, 1, 21
1, 31724, 44065110, 44368790
226, 1, 21
2, 69241, 43631477, 43949365
227, 1, 21
1, 30282, 44368790, 44691081
228, 1, 21
2, 23097, 43949365, 44209464
229, 1, 21
1, 24514, 44691081, 44945100
230, 1, 21
2, 31749, 44209464, 44525149
231, 1, 21
1, 24514, 44945100, 45200351
232, 1, 21
2, 24539, 44525149, 44852518
233, 1, 21
1, 20188, 45200351, 45469693
234, 1, 21
2, 27423, 44852518, 45173606
235, 1, 21
1, 27398, 45469693, 45788355
236, 1, 21
1, 15862, 45788355, 46040010
237, 1, 21
2, 28890, 45173606, 45592278
238, 1, 21
1, 21630, 46040010, 46300760
239, 1, 21
1, 28840, 46300760, 46624943
240, 1, 21
2, 51962, 45592278, 46146364
241, 1, 21
1, 30282, 46624943, 46885317
242, 1, 21
2, 36075, 46146364, 46469150
243, 1, 21
1, 36050, 46885317, 47206510
244, 1, 21
2, 46169, 46469150, 46864173
245, 1, 21
1, 57680, 47206510, 47699067
246, 1, 21
2, 90871, 46864173, 47635723
247, 2, 21
2, 60564, 47635723, 48195478
1, 119686, 47699067, 48760465
248, 2, 21
2, 28840, 48195478, 48522143
1, 28840, 48760465, 49087329
249, 2, 21
2, 17304, 48522143, 48799728
1, 17304, 49087329, 49364602
250, 2, 21
2, 27398, 48799728, 49055581
1, 27398, 49364602, 49620736
251, 2, 21
2, 28840, 49055581, 49378441
1, 28840, 49620736, 49943623
252, 2, 21
2, 17304, 49378441, 49632709
1, 17304, 49943623, 50197814
253, 2, 21
2, 17304, 49632709, 49901091
1, 17304, 50197814, 50466304
254, 2, 21
2, 25956, 49901091, 50153611
1, 25956, 50466304, 50718770
255, 2, 21
2, 23072, 50153611, 50466287
1, 23072, 50718770, 51031369
256, 2, 21
2, 50470, 50466287, 50958347
1, 50470, 51031369, 51523510
257, 2, 21
2, 30282, 50958347, 51216021
1, 30282, 51523510, 51781082
258, 2, 21
2, 37492, 51216021, 51531157
1, 37492, 51781082, 52095535
259, 2, 21
2, 59122, 51531157, 52030661
1, 59122, 52095535, 52595033
260, 1, 21
3, 54796, 43022655, 52921881
261, 1, 21
2, 240839, 52030661, 53634436
262, 1, 21
3, 85078, 52921881, 53174351
263, 1, 21
2, 111059, 53634436, 53886635
264, 1, 21
3, 100940, 53174351, 53491392
265, 1, 21
2, 141341, 53886635, 54201325
266, 1, 21
3, 141316, 53491392, 53882612
267, 1, 21
2, 122595, 54201325, 54452017
268, 1, 21
3, 92288, 53882612, 54132742
269, 1, 21
2, 151435, 54452017, 54767328
270, 1, 21
3, 139874, 54132742, 54527965
271, 1, 21
2, 174507, 54767328, 55144677
272, 1, 21
3, 87962, 54527965, 54779147
273, 1, 21
2, 149993, 55144677, 55460811
274, 1, 21
3, 86520, 54779147, 55032412
275, 1, 21
2, 178833, 55460811, 55853515
276, 1, 21
3, 108150, 55032412, 55344936
277, 1, 21
3, 170156, 55344936, 55833218
278, 1, 21
2, 353340, 55853515, 56618978
279, 1, 21
3, 547960, 55833218, 57464932
280, 1, 21
3, 111034, 57464932, 57777490
281, 1, 21
2, 883996, 56618978, 58675040
282, 1, 21
2, 27398, 58675040, 58932228
283, 1, 21
2, 36050, 58932228, 59253538
284, 1, 21
2, 43260, 59253538, 59653238
285, 1, 21
2, 86520, 59653238, 60427745
286, 1, 21
1, 1160810, 52595033, 62601217
287, 1, 21
1, 33166, 62601217, 62919414
288, 1, 21
1, 34608, 62919414, 63241972
289, 1, 21
1, 41818, 63241972, 63642979
290, 1, 21
1, 82194, 63642979, 64414984
291, 1, 21
2, 486079, 60427745, 64834882
292, 1, 21
2, 27398, 64834882, 65087587
293, 1, 21
2, 36050, 65087587, 65407094
294, 1, 21
2, 43260, 65407094, 65804493
