0, 2, 21
2, 72100, 5535733, 6281946
1, 72104, 6107152, 6853429
1, 2, 21
2, 144200, 6281946, 7574105
1, 144204, 6853429, 8145605
2, 2, 21
2, 144200, 7574105, 8860377
1, 144204, 8145605, 9432178
3, 2, 21
2, 217742, 8860377, 16921398
1, 217746, 9432178, 17493350
4, 2, 21
2, 87962, 16921398, 17578682
1, 72104, 17493350, 18150504
5, 2, 21
2, 80752, 17578682, 17888988
1, 36054, 18150504, 18460754
6, 2, 21
2, 43260, 17888988, 18052130
1, 18750, 18460754, 18623730
7, 2, 21
2, 23072, 18052130, 18139580
1, 10098, 18623730, 18711450
8, 2, 21
2, 337428, 18139580, 19542566
1, 144204, 18711450, 20113874
9, 2, 21
2, 269654, 19542566, 20206949
1, 72104, 20113874, 20778739
10, 2, 21
2, 135548, 20206949, 20528151
1, 36054, 20778739, 21100046
11, 2, 21
2, 69216, 20528151, 20696546
1, 18750, 21100046, 21268377
12, 2, 21
2, 494606, 20696546, 22145172
1, 144204, 21268377, 22716092
13, 2, 21
2, 211974, 22145172, 22786502
1, 72104, 22716092, 23358361
14, 2, 21
2, 96614, 22786502, 23227490
1, 36054, 23358361, 23799363
15, 2, 21
2, 41818, 23227490, 23399863
1, 18750, 23799363, 23971764
16, 2, 21
2, 12978, 23399863, 23495492
1, 10098, 23971764, 24067389
17, 2, 21
2, 341754, 23495492, 24979655
1, 144204, 24067389, 25551100
18, 2, 21
2, 328776, 24979655, 26201124
1, 144204, 25551100, 26771642
19, 2, 21
2, 162946, 26201124, 26819258
1, 72104, 26771642, 27389694
20, 2, 21
2, 328776, 26819258, 28062838
1, 144204, 27389694, 28632750
21, 2, 21
2, 449904, 28062838, 29365135
1, 144204, 28632750, 29936662
22, 2, 21
2, 256676, 29365135, 30006131
1, 72104, 29936662, 30577651
23, 2, 21
2, 122570, 30006131, 30314123
1, 36054, 30577651, 30885691
24, 2, 21
2, 356174, 30314123, 31530863
1, 144204, 30885691, 32102599
25, 2, 21
2, 162946, 31530863, 32142668
1, 72104, 32102599, 32714346
26, 2, 21
2, 80752, 32142668, 32449981
1, 36054, 32714346, 33019929
27, 2, 21
2, 242256, 32449981, 34308022
1, 144204, 33019929, 34879785
28, 2, 21
2, 72100, 34308022, 35257035
1, 72104, 34879785, 35828059
29, 2, 21
2, 102382, 35257035, 35566240
1, 36054, 35828059, 36137278
30, 2, 21
2, 82194, 35566240, 35734102
1, 18750, 36137278, 36305015
31, 2, 21
2, 40376, 35734102, 35818844
1, 10098, 36305015, 36389831
32, 2, 21
2, 10094, 35818844, 35867164
1, 5772, 36389831, 36438163
33, 2, 21
2, 555170, 35867164, 37350855
1, 144204, 36438163, 37922510
34, 2, 21
2, 262444, 37350855, 38003064
1, 72104, 37922510, 38574252
35, 2, 21
2, 139874, 38003064, 38329612
1, 36054, 38574252, 38901203
36, 2, 21
2, 155736, 38329612, 39779202
1, 144204, 38901203, 40350791
37, 2, 21
2, 72100, 39779202, 40400716
1, 72104, 40350791, 40971845
38, 2, 21
2, 527772, 40400716, 41843491
1, 144204, 40971845, 42415075
39, 2, 21
2, 263886, 41843491, 42511924
1, 72104, 42415075, 43083545
40, 2, 21
2, 135548, 42511924, 42825661
1, 36054, 43083545, 43395903
41, 2, 21
2, 70658, 42825661, 42985660
1, 18750, 43395903, 43556672
42, 2, 21
2, 334544, 42985660, 44384442
1, 144204, 43556672, 44955573
43, 2, 21
2, 72100, 44384442, 45335364
1, 72104, 44955573, 45906601
44, 2, 21
2, 36050, 45335364, 45787295
1, 36054, 45906601, 46358612
45, 2, 21
2, 144200, 45787295, 47046890
1, 144204, 46358612, 47618189
46, 2, 21
2, 72100, 47046890, 47649676
1, 72104, 47618189, 48220912
47, 2, 21
2, 144200, 47649676, 49238368
1, 144204, 48220912, 49809567
48, 2, 21
2, 144200, 49238368, 50902652
1, 144204, 49809567, 51473897
49, 2, 21
2, 144200, 50902652, 52121882
1, 144204, 51473897, 52693072
50, 2, 21
2, 72100, 52121882, 52731771
1, 72104, 52693072, 53303233
51, 2, 21
2, 350406, 52731771, 53969744
1, 144204, 53303233, 54540178
52, 2, 21
2, 292726, 53969744, 54573302
1, 72104, 54540178, 55144695
53, 2, 21
2, 148526, 54573302, 54879613
1, 36054, 55144695, 55451058
54, 2, 21
2, 571032, 54879613, 56112377
1, 144204, 55451058, 56683850
55, 2, 21
2, 553728, 56112377, 57324602
1, 144204, 56683850, 57895190
56, 2, 21
2, 497490, 57324602, 58549270
1, 144204, 57895190, 59120348
57, 2, 21
2, 144200, 58549270, 59856447
1, 144204, 59120348, 60427578
58, 2, 21
2, 72100, 59856447, 60499739
1, 72104, 60427578, 61070996
59, 2, 21
2, 144200, 60499739, 61751373
1, 144204, 61070996, 62322666
60, 2, 21
2, 144200, 61751373, 63112600
1, 144204, 62322666, 63684327
61, 2, 21
2, 144200, 63112600, 64442060
1, 144204, 63684327, 65013847
