0, 2, 21
2, 27398, 5509385, 5765025
1, 27398, 6049763, 6304980
1, 2, 21
2, 27398, 5765025, 6069639
1, 27398, 6304980, 6609670
2, 1, 21
2, 24514, 6069639, 6321087
3, 1, 21
1, 25956, 6609670, 6871181
4, 1, 21
2, 28865, 6321087, 6571211
5, 1, 21
1, 28840, 6871181, 7123942
6, 1, 21
2, 28865, 6571211, 6828549
7, 1, 21
1, 28840, 7123942, 7380486
8, 1, 21
2, 28865, 6828549, 7081276
9, 1, 21
1, 28840, 7380486, 7637623
10, 1, 21
2, 27423, 7081276, 7335536
11, 1, 21
1, 27398, 7637623, 7888439
12, 1, 21
2, 27423, 7335536, 7586263
13, 1, 21
1, 27398, 7888439, 8138881
14, 1, 21
2, 27423, 7586263, 7838845
15, 1, 21
1, 27398, 8138881, 8391877
16, 1, 21
2, 28865, 7838845, 8097521
17, 1, 21
1, 28840, 8391877, 8650031
18, 1, 21
2, 28865, 8097521, 8357036
19, 1, 21
1, 28840, 8650031, 8909678
20, 1, 21
2, 28865, 8357036, 8610195
21, 1, 21
1, 28840, 8909678, 9162621
22, 1, 21
2, 28865, 8610195, 8870607
23, 1, 21
1, 28840, 9162621, 9423552
24, 1, 21
2, 28865, 8870607, 9129851
25, 1, 21
1, 28840, 9423552, 9682783
26, 1, 21
2, 27423, 9129851, 9383828
27, 1, 21
1, 27398, 9682783, 9936394
28, 2, 21
2, 15887, 9383828, 15640026
1, 14420, 9936394, 16179500
29, 2, 21
2, 27398, 15640026, 15896041
1, 27398, 16179500, 16436150
30, 2, 21
2, 28840, 15896041, 16157857
1, 28840, 16436150, 16697883
31, 2, 21
2, 30282, 16157857, 16413769
1, 30282, 16697883, 16953910
32, 2, 21
2, 30282, 16413769, 16673618
1, 30282, 16953910, 17213707
33, 2, 21
2, 28840, 16673618, 16925584
1, 28840, 17213707, 17465613
34, 2, 21
2, 27398, 16925584, 17177445
1, 27398, 17465613, 17717615
35, 2, 21
2, 27398, 17177445, 17433470
1, 27398, 17717615, 17973344
36, 2, 21
2, 54796, 17433470, 17684613
1, 28840, 17973344, 18224637
37, 1, 21
3, 38934, 16956915, 17207683
38, 1, 21
2, 67799, 17684613, 17943389
39, 1, 21
1, 30282, 18224637, 18485743
40, 1, 21
3, 38934, 17207683, 17465817
41, 1, 21
2, 67824, 17943389, 18200506
42, 1, 21
1, 30282, 18485743, 18744868
43, 1, 21
3, 36050, 17465817, 17721266
44, 1, 21
2, 62056, 18200506, 18452331
45, 1, 21
1, 30282, 18744868, 19004922
46, 1, 21
3, 28840, 17721266, 18030122
47, 1, 21
2, 40426, 18452331, 18710115
48, 1, 21
1, 18746, 19004922, 19261766
49, 1, 21
3, 30282, 18030122, 18287324
50, 1, 21
2, 57730, 18710115, 18961518
51, 1, 21
1, 24514, 19261766, 19517335
52, 1, 21
3, 40376, 18287324, 18544228
53, 1, 21
2, 67824, 18961518, 19216951
54, 1, 21
1, 27398, 19517335, 19772279
55, 1, 21
3, 38934, 18544228, 18795210
56, 1, 21
2, 67824, 19216951, 19468769
57, 1, 21
1, 28840, 19772279, 20031220
58, 1, 21
3, 40376, 18795210, 19052849
59, 1, 21
2, 103874, 19468769, 19723481
60, 1, 21
4, 40376, 18345090, 18603087
61, 1, 21
1, 28840, 20031220, 20287960
62, 1, 21
3, 37492, 19052849, 19303475
63, 1, 21
2, 101015, 19723481, 19973666
64, 1, 21
4, 36050, 18603087, 18855936
65, 1, 21
1, 28840, 20287960, 20538090
66, 1, 21
3, 36050, 19303475, 19558158
67, 1, 21
2, 102457, 19973666, 20224091
68, 1, 21
4, 40376, 18855936, 19109475
69, 1, 21
1, 25956, 20538090, 20797302
70, 1, 21
3, 37492, 19558158, 19812238
71, 1, 21
2, 103899, 20224091, 20474653
72, 1, 21
4, 38934, 19109475, 19361030
73, 1, 21
1, 28840, 20797302, 21057530
74, 1, 21
3, 38934, 19812238, 20067911
75, 1, 21
2, 105341, 20474653, 20725674
76, 1, 21
4, 37492, 19361030, 19612244
77, 1, 21
1, 28840, 21057530, 21315899
78, 1, 21
3, 37492, 20067911, 20317936
79, 1, 21
2, 88037, 20725674, 20980124
80, 1, 21
4, 25956, 19612244, 19862999
81, 1, 21
1, 28840, 21315899, 21568590
82, 1, 21
3, 24514, 20317936, 20576719
83, 1, 21
2, 60639, 20980124, 21232135
84, 1, 21
4, 18746, 19862999, 20126693
85, 1, 21
1, 21630, 21568590, 21820705
86, 1, 21
3, 18746, 20576719, 20832801
87, 1, 21
2, 77943, 21232135, 21489344
88, 1, 21
4, 30282, 20126693, 20385504
89, 1, 21
1, 18746, 21820705, 22076639
90, 1, 21
3, 31724, 20832801, 21091894
91, 1, 21
2, 88037, 21489344, 21741125
92, 1, 21
4, 38934, 20385504, 20636677
93, 1, 21
1, 24514, 22076639, 22330716
94, 1, 21
3, 37492, 21091894, 21341928
95, 1, 21
2, 108225, 21741125, 21995088
96, 1, 21
4, 38934, 20636677, 20896499
97, 1, 21
1, 30282, 22330716, 22588647
98, 1, 21
3, 37492, 21341928, 21595488
99, 1, 21
2, 103899, 21995088, 22252806
100, 1, 21
4, 37492, 20896499, 21149475
101, 1, 21
1, 28840, 22588647, 22845690
102, 1, 21
3, 38934, 21595488, 21852365
103, 1, 21
2, 103899, 22252806, 22507096
104, 1, 21
4, 37492, 21149475, 21401433
105, 1, 21
1, 27398, 22845690, 23098151
106, 1, 21
2, 63498, 22507096, 22768360
107, 1, 21
4, 25956, 21401433, 21657593
108, 1, 21
1, 30282, 23098151, 23362059
109, 1, 21
2, 51962, 22768360, 23022881
110, 1, 21
4, 33166, 21657593, 21908872
111, 1, 21
1, 18746, 23362059, 23627534
112, 1, 21
2, 60614, 23022881, 23274955
113, 1, 21
4, 37492, 21908872, 22163450
114, 1, 21
1, 25956, 23627534, 23882344
115, 1, 21
2, 49078, 23274955, 23525260
116, 1, 21
4, 21630, 22163450, 22435619
117, 1, 21
1, 27398, 23882344, 24149410
118, 1, 21
2, 44752, 23525260, 23776910
119, 1, 21
4, 28840, 22435619, 22689611
120, 1, 21
1, 15862, 24149410, 24405039
121, 1, 21
2, 49078, 23776910, 24029900
122, 1, 21
4, 30282, 22689611, 22945605
123, 1, 21
1, 21630, 24405039, 24656094
124, 1, 21
2, 62056, 24029900, 24282762
125, 1, 21
4, 37492, 22945605, 23204403
126, 1, 21
1, 27398, 24656094, 24909687
127, 1, 21
2, 64940, 24282762, 24536219
128, 1, 21
4, 37492, 23204403, 23460386
129, 1, 21
1, 27398, 24909687, 25166785
130, 1, 21
2, 64940, 24536219, 24788883
131, 1, 21
4, 37492, 23460386, 23713150
132, 1, 21
1, 28840, 25166785, 25420786
133, 1, 21
2, 64940, 24788883, 25039154
134, 1, 21
4, 37492, 23713150, 23968652
135, 1, 21
1, 30282, 25420786, 25677142
136, 1, 21
2, 66382, 25039154, 25291229
137, 1, 21
4, 36050, 23968652, 24221264
138, 1, 21
1, 30282, 25677142, 25933059
139, 1, 21
2, 66382, 25291229, 25541473
140, 1, 21
4, 38934, 24221264, 24472718
141, 1, 21
1, 30282, 25933059, 26194143
142, 1, 21
2, 69266, 25541473, 25792801
143, 1, 21
4, 38934, 24472718, 24724015
144, 1, 21
1, 30282, 26194143, 26450577
145, 1, 21
2, 69266, 25792801, 26044828
146, 1, 21
4, 40376, 24724015, 24978656
147, 1, 21
1, 30282, 26450577, 26706739
148, 1, 21
2, 69266, 26044828, 26300016
149, 1, 21
4, 37492, 24978656, 25230808
150, 1, 21
1, 30282, 26706739, 26962277
151, 1, 21
2, 67824, 26300016, 26556149
152, 1, 21
4, 37492, 25230808, 25486599
153, 1, 21
1, 28840, 26962277, 27214188
154, 1, 21
2, 66382, 26556149, 26809761
155, 1, 21
4, 37492, 25486599, 25736963
156, 1, 21
1, 30282, 27214188, 27473738
157, 1, 21
2, 64940, 26809761, 27062314
158, 1, 21
4, 36050, 25736963, 25995574
159, 1, 21
1, 28840, 27473738, 27732405
160, 1, 21
2, 66382, 27062314, 27315950
161, 1, 21
4, 38934, 25995574, 26248950
162, 1, 21
1, 30282, 27732405, 27992780
163, 1, 21
2, 67824, 27315950, 27566254
164, 1, 21
4, 37492, 26248950, 26503114
165, 1, 21
1, 30282, 27992780, 28253958
166, 1, 21
2, 64940, 27566254, 27822088
167, 1, 21
4, 36050, 26503114, 26755452
168, 1, 21
1, 30282, 28253958, 28512798
169, 1, 21
2, 67824, 27822088, 28072841
170, 1, 21
4, 37492, 26755452, 27010688
171, 1, 21
1, 30282, 28512798, 28770154
172, 1, 21
2, 63498, 28072841, 28323079
173, 1, 21
4, 34608, 27010688, 27266934
174, 1, 21
3, 18746, 21852365, 27910467
175, 1, 21
1, 30282, 28770154, 29027321
176, 1, 21
2, 79385, 28323079, 28575027
177, 1, 21
4, 36050, 27266934, 27538622
178, 1, 21
3, 36050, 27910467, 28173065
179, 1, 21
1, 30282, 29027321, 29286152
180, 1, 21
2, 86595, 28575027, 28830820
181, 1, 21
4, 28840, 27538622, 27790716
182, 1, 21
3, 27398, 28173065, 28425554
183, 1, 21
1, 24514, 29286152, 29546110
184, 1, 21
2, 93805, 28830820, 29081385
185, 1, 21
4, 38934, 27790716, 28045733
186, 1, 21
3, 38934, 28425554, 28677255
187, 1, 21
1, 27398, 29546110, 29799095
188, 1, 21
2, 102457, 29081385, 29331766
189, 1, 21
4, 33166, 28045733, 28296700
190, 1, 21
3, 33166, 28677255, 28929987
191, 1, 21
1, 28840, 29799095, 30055118
192, 1, 21
2, 95247, 29331766, 29584182
193, 1, 21
4, 37492, 28296700, 28546770
194, 1, 21
3, 40376, 28929987, 29189108
195, 1, 21
1, 27398, 30055118, 30312559
196, 1, 21
2, 102457, 29584182, 29839515
197, 1, 21
4, 37492, 28546770, 28802476
198, 1, 21
3, 36050, 29189108, 29448763
199, 1, 21
1, 30282, 30312559, 30571247
200, 1, 21
2, 102457, 29839515, 30092406
201, 1, 21
4, 37492, 28802476, 29057617
202, 1, 21
3, 36050, 29448763, 29705318
203, 1, 21
1, 30282, 30571247, 30831752
204, 1, 21
2, 99573, 30092406, 30342580
205, 1, 21
4, 36050, 29057617, 29315737
206, 1, 21
3, 36050, 29705318, 29964026
207, 1, 21
1, 30282, 30831752, 31087474
208, 1, 21
2, 92363, 30342580, 30594467
209, 1, 21
3, 38934, 29964026, 30222909
210, 1, 21
1, 30282, 31087474, 31342048
211, 1, 21
2, 69266, 30594467, 30850370
212, 1, 21
3, 37492, 30222909, 30473043
213, 1, 21
1, 30282, 31342048, 31599053
214, 1, 21
2, 67824, 30850370, 31101507
215, 1, 21
3, 37492, 30473043, 30728363
216, 1, 21
1, 30282, 31599053, 31853155
217, 1, 21
2, 66382, 31101507, 31351522
218, 1, 21
3, 38934, 30728363, 30986673
219, 1, 21
1, 30282, 31853155, 32109186
220, 1, 21
2, 67824, 31351522, 31605141
221, 1, 21
3, 36050, 30986673, 31238231
222, 1, 21
1, 30282, 32109186, 32365933
223, 1, 21
2, 66382, 31605141, 31858907
224, 1, 21
3, 38934, 31238231, 31488979
225, 1, 21
1, 30282, 32365933, 32622920
226, 1, 21
2, 69266, 31858907, 32114024
227, 1, 21
3, 36050, 31488979, 31746729
228, 1, 21
1, 30282, 32622920, 32882133
229, 1, 21
2, 64940, 32114024, 32365763
230, 1, 21
3, 38934, 31746729, 31998288
231, 1, 21
1, 30282, 32882133, 33135105
232, 1, 21
2, 69266, 32365763, 32618939
233, 1, 21
3, 33166, 31998288, 32263452
234, 1, 21
1, 28840, 33135105, 33387227
235, 1, 21
2, 57730, 32618939, 32871114
236, 1, 21
3, 34608, 32263452, 32521933
237, 1, 21
1, 27398, 33387227, 33649806
238, 1, 21
2, 62056, 32871114, 33121645
239, 1, 21
1, 24514, 33649806, 33899822
240, 1, 21
3, 18746, 32521933, 32799132
241, 1, 21
2, 38984, 33121645, 33372822
242, 2, 21
2, 10094, 33372822, 33733123
1, 8652, 33899822, 34272562
243, 2, 21
2, 18746, 33733123, 33993524
1, 18746, 34272562, 34533050
244, 2, 21
2, 14420, 33993524, 34255814
1, 14420, 34533050, 34795673
245, 2, 21
2, 21630, 34255814, 34509280
1, 21630, 34795673, 35048894
246, 2, 21
2, 14420, 34509280, 34760693
1, 14420, 35048894, 35300534
247, 2, 21
2, 18746, 34760693, 35021443
1, 18746, 35300534, 35561351
248, 2, 21
2, 23072, 35021443, 35271933
1, 23072, 35561351, 35811476
249, 1, 21
3, 4326, 32799132, 34861692
250, 1, 21
2, 60589, 35271933, 35524783
251, 1, 21
1, 30282, 35811476, 36067714
252, 1, 21
3, 83636, 34861692, 35114941
253, 1, 21
2, 116852, 35524783, 35775407
254, 1, 21
1, 28840, 36067714, 36325209
255, 1, 21
3, 80752, 35114941, 35418110
256, 1, 21
2, 90896, 35775407, 36026950
257, 1, 21
1, 30282, 36325209, 36649646
258, 1, 21
3, 67774, 35418110, 35670612
259, 1, 21
2, 75034, 36026950, 36281565
260, 1, 21
1, 25956, 36649646, 36906082
261, 1, 21
3, 28840, 35670612, 35927943
262, 1, 21
2, 50520, 36281565, 36537360
263, 1, 21
1, 12978, 36906082, 37159834
264, 1, 21
3, 82194, 35927943, 36181631
265, 1, 21
2, 111084, 36537360, 36788183
266, 1, 21
1, 28840, 37159834, 37415281
267, 1, 21
3, 90846, 36181631, 36435783
268, 1, 21
2, 119736, 36788183, 37044914
269, 1, 21
1, 30282, 37415281, 37671291
270, 1, 21
3, 86520, 36435783, 36688012
271, 1, 21
2, 118294, 37044914, 37296915
272, 1, 21
1, 28840, 37671291, 37922285
273, 1, 21
3, 80752, 36688012, 36938568
274, 1, 21
2, 108200, 37296915, 37548930
275, 1, 21
1, 28840, 37922285, 38182341
276, 1, 21
3, 74984, 36938568, 37191484
277, 1, 21
2, 102432, 37548930, 37799614
278, 1, 21
1, 27398, 38182341, 38433628
279, 1, 21
3, 70658, 37191484, 37444306
280, 1, 21
2, 96664, 37799614, 38052039
281, 1, 21
1, 27398, 38433628, 38688954
282, 1, 21
3, 80752, 37444306, 37698403
283, 1, 21
2, 108200, 38052039, 38303683
284, 1, 21
1, 30282, 38688954, 38950836
285, 1, 21
2, 70683, 38303683, 38557122
286, 1, 21
1, 28840, 38950836, 39204222
287, 1, 21
2, 25981, 38557122, 38815096
288, 1, 21
1, 25956, 39204222, 39467329
289, 1, 21
2, 24539, 38815096, 39074156
290, 1, 21
1, 23072, 39467329, 39718757
291, 1, 21
2, 24539, 39074156, 39333715
292, 1, 21
1, 21630, 39718757, 39976851
293, 1, 21
2, 21655, 39333715, 39593082
294, 1, 21
1, 25956, 39976851, 40238311
295, 1, 21
2, 28865, 39593082, 39847922
296, 1, 21
1, 30282, 40238311, 40497538
297, 1, 21
2, 30307, 39847922, 40104907
298, 1, 21
1, 30282, 40497538, 40753820
299, 1, 21
2, 30307, 40104907, 40364540
300, 1, 21
1, 27398, 40753820, 41006519
301, 1, 21
2, 24539, 40364540, 40616450
302, 1, 21
3, 54796, 37698403, 40089140
303, 1, 21
1, 21630, 41006519, 41303105
304, 1, 21
2, 90896, 40616450, 40866623
305, 1, 21
3, 77868, 40089140, 40402155
306, 1, 21
1, 28840, 41303105, 41631126
307, 1, 21
2, 73592, 40866623, 41119622
308, 1, 21
3, 74984, 40402155, 40654378
309, 1, 21
1, 30282, 41631126, 41893484
310, 1, 21
2, 109642, 41119622, 41372760
311, 1, 21
3, 83636, 40654378, 40907698
312, 1, 21
1, 30282, 41893484, 42149715
313, 1, 21
2, 109642, 41372760, 41625240
314, 1, 21
3, 82194, 40907698, 41161311
315, 1, 21
1, 28840, 42149715, 42399768
316, 1, 21
2, 113968, 41625240, 41875506
317, 1, 21
3, 82194, 41161311, 41411737
318, 1, 21
1, 30282, 42399768, 42657948
319, 1, 21
2, 109642, 41875506, 42127765
320, 1, 21
3, 70658, 41411737, 41680603
321, 1, 21
1, 24514, 42657948, 42909358
322, 1, 21
2, 83686, 42127765, 42378386
323, 1, 21
3, 76426, 41680603, 41933954
324, 1, 21
1, 28840, 42909358, 43166741
325, 1, 21
2, 111084, 42378386, 42638328
326, 1, 21
3, 79310, 41933954, 42185934
327, 1, 21
1, 28840, 43166741, 43417152
328, 1, 21
2, 111084, 42638328, 42888848
329, 1, 21
3, 85078, 42185934, 42439172
330, 1, 21
1, 30282, 43417152, 43675867
331, 1, 21
2, 111084, 42888848, 43138951
332, 1, 21
3, 82194, 42439172, 42695790
333, 1, 21
1, 27398, 43675867, 43926823
334, 1, 21
2, 103874, 43138951, 43389462
335, 1, 21
3, 69216, 42695790, 42947575
336, 2, 21
2, 105291, 43389462, 43639783
1, 25956, 43926823, 44179365
337, 2, 21
2, 34608, 43639783, 43896792
1, 27398, 44179365, 44436464
338, 2, 21
2, 20188, 43896792, 44155339
1, 20188, 44436464, 44691722
339, 2, 21
2, 28840, 44155339, 44414606
1, 28840, 44691722, 44953897
340, 2, 21
2, 21630, 44414606, 44715317
1, 21630, 44953897, 45254980
341, 2, 21
2, 20188, 44715317, 44966141
1, 20188, 45254980, 45505908
342, 2, 21
2, 23072, 44966141, 45237895
1, 23072, 45505908, 45777517
343, 2, 21
2, 17304, 45237895, 45497217
1, 17304, 45777517, 46036896
344, 2, 21
2, 18746, 45497217, 45752844
1, 18746, 46036896, 46292895
345, 2, 21
2, 28840, 45752844, 46009037
1, 28840, 46292895, 46549054
346, 2, 21
2, 28840, 46009037, 46259677
1, 28840, 46549054, 46799290
347, 2, 21
2, 28840, 46259677, 46516312
1, 28840, 46799290, 47055955
348, 2, 21
2, 30282, 46516312, 46776331
1, 30282, 47055955, 47316015
349, 2, 21
2, 30282, 46776331, 47035709
1, 30282, 47316015, 47575283
350, 2, 21
2, 30282, 47035709, 47294455
1, 30282, 47575283, 47834155
351, 2, 21
2, 30282, 47294455, 47546782
1, 30282, 47834155, 48086387
352, 2, 21
2, 30282, 47546782, 47805760
1, 30282, 48086387, 48345432
353, 2, 21
2, 24514, 47805760, 48057475
1, 24514, 48345432, 48597156
354, 2, 21
2, 23072, 48057475, 48309876
1, 23072, 48597156, 48849604
355, 2, 21
2, 18746, 48309876, 48588032
1, 18746, 48849604, 49127839
356, 2, 21
2, 24514, 48588032, 48841458
1, 24514, 49127839, 49381191
357, 2, 21
2, 24514, 48841458, 49106223
1, 24514, 49381191, 49646034
358, 2, 21
2, 21630, 49106223, 49373349
1, 21630, 49646034, 49913130
359, 2, 21
2, 15862, 49373349, 49627134
1, 15862, 49913130, 50166872
360, 2, 21
2, 21630, 49627134, 49885829
1, 21630, 50166872, 50425605
361, 2, 21
2, 23072, 49885829, 50168542
1, 23072, 50425605, 50708475
362, 2, 21
2, 23072, 50168542, 50428339
1, 23072, 50708475, 50968110
363, 2, 21
2, 24514, 50428339, 50686788
1, 24514, 50968110, 51226641
364, 2, 21
2, 30282, 50686788, 50944096
1, 30282, 51226641, 51483747
365, 2, 21
2, 30282, 50944096, 51198754
1, 30282, 51483747, 51738592
366, 2, 21
2, 30282, 51198754, 51452826
1, 30282, 51738592, 51992481
367, 2, 21
2, 30282, 51452826, 51707149
1, 30282, 51992481, 52246660
368, 2, 21
2, 30282, 51707149, 51964599
1, 30282, 52246660, 52504269
369, 2, 21
2, 30282, 51964599, 52223236
1, 30282, 52504269, 52763079
370, 2, 21
2, 30282, 52223236, 52479282
1, 30282, 52763079, 53018879
371, 2, 21
2, 30282, 52479282, 52733470
1, 30282, 53018879, 53273071
372, 2, 21
2, 28840, 52733470, 52987188
1, 28840, 53273071, 53526045
373, 2, 21
2, 30282, 52987188, 53244314
1, 30282, 53526045, 53783980
374, 1, 21
3, 54796, 42947575, 52846745
375, 1, 21
2, 59147, 53244314, 53496908
376, 1, 21
1, 30282, 53783980, 54044470
377, 1, 21
3, 85078, 52846745, 53098555
378, 1, 21
2, 112526, 53496908, 53748327
379, 1, 21
1, 30282, 54044470, 54301228
380, 1, 21
3, 82194, 53098555, 53352099
381, 1, 21
2, 111084, 53748327, 54002812
382, 1, 21
1, 30282, 54301228, 54561116
383, 1, 21
3, 85078, 53352099, 53604731
384, 1, 21
2, 121178, 54002812, 54255350
385, 1, 21
1, 30282, 54561116, 54816645
386, 1, 21
3, 93730, 53604731, 53857345
387, 1, 21
2, 124062, 54255350, 54507538
388, 1, 21
1, 30282, 54816645, 55070042
389, 1, 21
3, 93730, 53857345, 54111091
390, 1, 21
2, 121178, 54507538, 54760277
391, 1, 21
1, 30282, 55070042, 55325931
392, 1, 21
3, 92288, 54111091, 54361845
393, 1, 21
2, 116852, 54760277, 55010430
394, 1, 21
1, 30282, 55325931, 55579386
395, 1, 21
3, 82194, 54361845, 54613922
396, 1, 21
2, 116852, 55010430, 55261251
397, 1, 21
1, 30282, 55579386, 55837572
398, 1, 21
3, 89404, 54613922, 54863971
399, 1, 21
2, 115410, 55261251, 55516512
400, 1, 21
1, 30282, 55837572, 56099012
401, 1, 21
3, 85078, 54863971, 55116277
402, 1, 21
2, 116852, 55516512, 55769715
403, 1, 21
1, 28840, 56099012, 56357158
404, 1, 21
3, 89404, 55116277, 55367667
405, 1, 21
2, 118294, 55769715, 56020925
406, 1, 21
1, 30282, 56357158, 56609004
407, 1, 21
3, 87962, 55367667, 55619625
408, 1, 21
2, 115410, 56020925, 56271866
409, 1, 21
1, 30282, 56609004, 56862871
410, 1, 21
3, 86520, 55619625, 55872445
411, 1, 21
2, 116852, 56271866, 56524416
412, 1, 21
1, 30282, 56862871, 57114994
413, 1, 21
3, 85078, 55872445, 56123142
414, 1, 21
2, 116852, 56524416, 56776966
415, 1, 21
1, 30282, 57114994, 57370975
416, 1, 21
3, 87962, 56123142, 56376942
417, 1, 21
2, 119736, 56776966, 57029785
418, 1, 21
1, 30282, 57370975, 57625035
419, 1, 21
3, 82194, 56376942, 56627362
420, 1, 21
2, 109642, 57029785, 57280176
421, 1, 21
1, 30282, 57625035, 57880395
422, 1, 21
3, 83636, 56627362, 56879708
423, 1, 21
2, 113968, 57280176, 57531851
424, 1, 21
1, 30282, 57880395, 58140666
425, 1, 21
3, 79310, 56879708, 57132708
426, 1, 21
2, 109642, 57531851, 57782706
427, 1, 21
1, 30282, 58140666, 58397353
428, 1, 21
3, 87962, 57132708, 57385181
429, 1, 21
2, 118294, 57782706, 58036989
430, 1, 21
1, 30282, 58397353, 58648133
431, 1, 21
3, 89404, 57385181, 57637301
432, 1, 21
2, 118294, 58036989, 58288837
433, 1, 21
1, 30282, 58648133, 58901174
434, 1, 21
2, 77893, 58288837, 58548985
435, 1, 21
1, 28840, 58901174, 59161136
436, 1, 21
2, 27423, 58548985, 58804816
437, 1, 21
1, 28840, 59161136, 59421853
438, 1, 21
2, 28865, 58804816, 59064304
439, 1, 21
1, 28840, 59421853, 59682195
440, 1, 21
2, 28865, 59064304, 59328869
441, 1, 21
1, 27398, 59682195, 59936421
442, 1, 21
2, 27423, 59328869, 59580376
443, 1, 21
1, 28840, 59936421, 60198126
444, 1, 21
2, 28865, 59580376, 59833794
445, 1, 21
1, 28840, 60198126, 60454508
446, 1, 21
2, 28865, 59833794, 60094911
447, 1, 21
1, 28840, 60454508, 60714851
448, 1, 21
2, 28865, 60094911, 60350334
449, 1, 21
1, 28840, 60714851, 60967207
450, 1, 21
2, 28865, 60350334, 60602865
451, 1, 21
1, 28840, 60967207, 61219397
452, 1, 21
2, 28865, 60602865, 60856403
453, 1, 21
1, 28840, 61219397, 61469844
454, 1, 21
2, 30307, 60856403, 61117352
455, 1, 21
1, 28840, 61469844, 61723191
456, 1, 21
2, 28865, 61117352, 61368154
457, 1, 21
1, 30282, 61723191, 61981059
458, 1, 21
2, 30307, 61368154, 61625083
459, 1, 21
1, 30282, 61981059, 62243628
460, 1, 21
2, 28865, 61625083, 61883963
461, 1, 21
1, 28840, 62243628, 62500048
462, 1, 21
2, 27423, 61883963, 62143862
463, 1, 21
1, 25956, 62500048, 62754616
464, 1, 21
2, 27423, 62143862, 62400334
465, 1, 21
1, 27398, 62754616, 63013016
466, 1, 21
2, 27423, 62400334, 62664217
467, 1, 21
1, 27398, 63013016, 63271840
468, 1, 21
2, 27423, 62664217, 62920861
469, 1, 21
1, 27398, 63271840, 63533409
470, 1, 21
2, 27423, 62920861, 63183802
471, 1, 21
1, 27398, 63533409, 63793515
472, 1, 21
2, 27423, 63183802, 63444894
473, 1, 21
1, 27398, 63793515, 64049412
474, 1, 21
2, 28865, 63444894, 63709091
475, 1, 21
1, 28840, 64049412, 64310308
476, 1, 21
2, 28865, 63709091, 63969500
477, 1, 21
1, 27398, 64310308, 64563156
478, 1, 21
2, 28865, 63969500, 64230420
479, 1, 21
1, 27398, 64563156, 64814644
480, 1, 21
2, 27423, 64230420, 64482083
481, 1, 21
1, 28840, 64814644, 65071567
482, 1, 21
2, 30307, 64482083, 64743793
483, 1, 21
1, 28840, 65071567, 65327284
484, 1, 21
2, 27423, 64743793, 64998056
485, 1, 21
1, 28840, 65327284, 65588157
486, 1, 21
2, 28865, 64998056, 65254487
487, 1, 21
1, 28840, 65588157, 65847025
488, 1, 21
2, 28865, 65254487, 65514167
489, 1, 21
1, 28840, 65847025, 66111644
