0, 2, 21
2, 27398, 5577710, 5831897
1, 27398, 6133218, 6387365
1, 2, 21
2, 27398, 5831897, 6137407
1, 27398, 6387365, 6692158
2, 2, 21
2, 25956, 6137407, 6398544
1, 25956, 6692158, 6953667
3, 2, 21
2, 28840, 6398544, 6651056
1, 28840, 6953667, 7206643
4, 2, 21
2, 28840, 6651056, 6907315
1, 28840, 7206643, 7462910
5, 2, 21
2, 28840, 6907315, 7164070
1, 28840, 7462910, 7719641
6, 2, 21
2, 27398, 7164070, 7414208
1, 27398, 7719641, 7969791
7, 2, 21
2, 28840, 7414208, 7676318
1, 28840, 7969791, 8231886
8, 2, 21
2, 27398, 7676318, 7928619
1, 27398, 8231886, 8484102
9, 2, 21
2, 28840, 7928619, 8189151
1, 28840, 8484102, 8744450
10, 2, 21
2, 28840, 8189151, 8449163
1, 28840, 8744450, 9004478
11, 2, 21
2, 30282, 8449163, 8709557
1, 30282, 9004478, 9264999
12, 2, 21
2, 28840, 8709557, 8970954
1, 28840, 9264999, 9526208
13, 2, 21
2, 28840, 8970954, 9234544
1, 28840, 9526208, 9789880
14, 2, 21
2, 28840, 9234544, 9494470
1, 28840, 9789880, 10049837
15, 2, 21
2, 10094, 9494470, 15702062
1, 10094, 10049837, 16257254
16, 2, 21
2, 27398, 15702062, 15958624
1, 27398, 16257254, 16513965
17, 2, 21
2, 28840, 15958624, 16220340
1, 28840, 16513965, 16775699
18, 2, 21
2, 30282, 16220340, 16476218
1, 30282, 16775699, 17031774
19, 2, 21
2, 30282, 16476218, 16736111
1, 30282, 17031774, 17291503
20, 2, 21
2, 28840, 16736111, 16988165
1, 28840, 17291503, 17543596
21, 2, 21
2, 27398, 16988165, 17240095
1, 27398, 17543596, 17795603
22, 2, 21
2, 27398, 17240095, 17496186
1, 27398, 17795603, 18051531
23, 1, 21
2, 59122, 17496186, 17748242
24, 1, 21
1, 30282, 18051531, 18312472
25, 1, 21
3, 38934, 16972284, 17227459
26, 1, 21
2, 66382, 17748242, 18000788
27, 1, 21
1, 30282, 18312472, 18572868
28, 1, 21
3, 37492, 17227459, 17477630
29, 1, 21
2, 66382, 18000788, 18250916
30, 1, 21
1, 30282, 18572868, 18831118
31, 1, 21
3, 36050, 17477630, 17731375
32, 1, 21
2, 62056, 18250916, 18505996
33, 1, 21
1, 30282, 18831118, 19090278
34, 1, 21
3, 28840, 17731375, 17981628
35, 1, 21
2, 40426, 18505996, 18764037
36, 1, 21
1, 18746, 19090278, 19347261
37, 1, 21
3, 21630, 17981628, 18240173
38, 1, 21
2, 59172, 18764037, 19017656
39, 1, 21
1, 24514, 19347261, 19601557
40, 1, 21
3, 38934, 18240173, 18492306
41, 1, 21
2, 67824, 19017656, 19272831
42, 1, 21
1, 27398, 19601557, 19857787
43, 1, 21
3, 40376, 18492306, 18752429
44, 1, 21
2, 69266, 19272831, 19524359
45, 1, 21
1, 28840, 19857787, 20114064
46, 1, 21
3, 40376, 18752429, 19009724
47, 1, 21
4, 40376, 18405318, 18659200
48, 1, 21
2, 105341, 19524359, 19778384
49, 1, 21
1, 28840, 20114064, 20370633
50, 1, 21
3, 38934, 19009724, 19266996
51, 1, 21
4, 36050, 18659200, 18913218
52, 1, 21
2, 99573, 19778384, 20028818
53, 1, 21
1, 28840, 20370633, 20625154
54, 1, 21
3, 36050, 19266996, 19522380
55, 2, 21
2, 102432, 20028818, 20280411
4, 40376, 18913218, 19168963
56, 1, 21
1, 24514, 20625154, 20877371
57, 1, 21
3, 37492, 19522380, 19775835
58, 1, 21
2, 105316, 20280411, 20531569
59, 1, 21
4, 38934, 19168963, 19422327
60, 1, 21
1, 28840, 20877371, 21137000
61, 1, 21
3, 38934, 19775835, 20028571
62, 2, 21
2, 103899, 20531569, 20785987
4, 37492, 19422327, 19674995
63, 1, 21
1, 28840, 21137000, 21395963
64, 1, 21
3, 38934, 20028571, 20285961
65, 1, 21
2, 85128, 20785987, 21037710
66, 1, 21
4, 25956, 19674995, 19929894
67, 1, 21
1, 28840, 21395963, 21657108
68, 1, 21
3, 27398, 20285961, 20545016
69, 1, 21
2, 59197, 21037710, 21289797
70, 1, 21
4, 18746, 19929894, 20195539
71, 1, 21
1, 21630, 21657108, 21913918
72, 1, 21
3, 18746, 20545016, 20809592
73, 1, 21
2, 77943, 21289797, 21541123
74, 1, 21
4, 30282, 20195539, 20461524
75, 1, 21
1, 18746, 21913918, 22174815
76, 1, 21
3, 30282, 20809592, 21068124
77, 1, 21
2, 90921, 21541123, 21795079
78, 1, 21
4, 38934, 20461524, 20713233
79, 1, 21
1, 23072, 22174815, 22426167
80, 1, 21
3, 37492, 21068124, 21319083
81, 1, 21
2, 103899, 21795079, 22049142
82, 1, 21
4, 37492, 20713233, 20969833
83, 1, 21
1, 30282, 22426167, 22684635
84, 1, 21
3, 38934, 21319083, 21578846
85, 1, 21
2, 102457, 22049142, 22303195
86, 1, 21
4, 37492, 20969833, 21227331
87, 1, 21
1, 28840, 22684635, 22940702
88, 1, 21
3, 37492, 21578846, 21829750
89, 1, 21
2, 101015, 22303195, 22553609
90, 1, 21
4, 37492, 21227331, 21483979
91, 1, 21
1, 28840, 22940702, 23207596
92, 1, 21
2, 63498, 22553609, 22812606
93, 1, 21
4, 25956, 21483979, 21736188
94, 1, 21
1, 28840, 23207596, 23457816
95, 1, 21
2, 49078, 22812606, 23062739
96, 1, 21
4, 33166, 21736188, 21990656
97, 1, 21
1, 18746, 23457816, 23710469
98, 1, 21
2, 59172, 23062739, 23313572
99, 1, 21
4, 37492, 21990656, 22252302
100, 1, 21
1, 24514, 23710469, 23966381
101, 1, 21
2, 49078, 23313572, 23574291
102, 1, 21
4, 21630, 22252302, 22509499
103, 1, 21
1, 27398, 23966381, 24218784
104, 1, 21
2, 47636, 23574291, 23824751
105, 1, 21
4, 28840, 22509499, 22773258
106, 1, 21
1, 14420, 24218784, 24475064
107, 1, 21
2, 46194, 23824751, 24079559
108, 1, 21
4, 27398, 22773258, 23030281
109, 1, 21
1, 23072, 24475064, 24725129
110, 1, 21
2, 60614, 24079559, 24333506
111, 1, 21
4, 37492, 23030281, 23286604
112, 1, 21
1, 25956, 24725129, 24987534
113, 1, 21
2, 63498, 24333506, 24590177
114, 1, 21
4, 34608, 23286604, 23540742
115, 1, 21
1, 27398, 24987534, 25242542
116, 1, 21
2, 64940, 24590177, 24844592
117, 1, 21
4, 38934, 23540742, 23804273
118, 1, 21
1, 28840, 25242542, 25497008
119, 1, 21
2, 66382, 24844592, 25101353
120, 1, 21
4, 36050, 23804273, 24056826
121, 1, 21
1, 30282, 25497008, 25757358
122, 1, 21
2, 67824, 25101353, 25358228
123, 1, 21
4, 37492, 24056826, 24314736
124, 1, 21
1, 30282, 25757358, 26011896
125, 1, 21
2, 66382, 25358228, 25612434
126, 1, 21
4, 37492, 24314736, 24565906
127, 1, 21
1, 28840, 26011896, 26262169
128, 1, 21
2, 67824, 25612434, 25862508
129, 1, 21
4, 38934, 24565906, 24818478
130, 1, 21
1, 30282, 26262169, 26518682
131, 1, 21
2, 69266, 25862508, 26113026
132, 1, 21
4, 38934, 24818478, 25072456
133, 1, 21
1, 30282, 26518682, 26774281
134, 1, 21
2, 66382, 26113026, 26363740
135, 1, 21
4, 38934, 25072456, 25332544
136, 1, 21
1, 28840, 26774281, 27030756
137, 1, 21
2, 63498, 26363740, 26617442
138, 1, 21
4, 37492, 25332544, 25588220
139, 1, 21
1, 28840, 27030756, 27292276
140, 1, 21
2, 66382, 26617442, 26869200
141, 1, 21
4, 37492, 25588220, 25844520
142, 1, 21
1, 28840, 27292276, 27549204
143, 1, 21
2, 64940, 26869200, 27127815
144, 1, 21
4, 33166, 25844520, 26095199
145, 1, 21
1, 28840, 27549204, 27804064
146, 1, 21
2, 64940, 27127815, 27379550
147, 1, 21
4, 38934, 26095199, 26352513
148, 1, 21
1, 28840, 27804064, 28056599
149, 1, 21
2, 66382, 27379550, 27634074
150, 1, 21
4, 37492, 26352513, 26609346
151, 1, 21
1, 30282, 28056599, 28314741
152, 1, 21
2, 67824, 27634074, 27893918
153, 1, 21
4, 36050, 26609346, 26864100
154, 1, 21
1, 30282, 28314741, 28572491
155, 1, 21
2, 69266, 27893918, 28154087
156, 1, 21
4, 37492, 26864100, 27116309
157, 1, 21
1, 30282, 28572491, 28829543
158, 1, 21
2, 64940, 28154087, 28408451
159, 1, 21
4, 36050, 27116309, 27376419
160, 1, 21
3, 24514, 21829750, 27924091
161, 1, 21
1, 30282, 28829543, 29086329
162, 1, 21
2, 88037, 28408451, 28658859
163, 1, 21
4, 34608, 27376419, 27631759
164, 1, 21
3, 36050, 27924091, 28186781
165, 1, 21
1, 30282, 29086329, 29345240
166, 1, 21
2, 86595, 28658859, 28910885
167, 1, 21
4, 24514, 27631759, 27888050
168, 1, 21
3, 27398, 28186781, 28442226
169, 1, 21
1, 27398, 29345240, 29597161
170, 1, 21
2, 90921, 28910885, 29162038
171, 1, 21
4, 40376, 27888050, 28146178
172, 1, 21
3, 38934, 28442226, 28696720
173, 1, 21
1, 24514, 29597161, 29852652
174, 1, 21
2, 101015, 29162038, 29412346
175, 1, 21
4, 37492, 28146178, 28396795
176, 1, 21
3, 31724, 28696720, 28958028
177, 1, 21
1, 28840, 29852652, 30110736
178, 1, 21
2, 93805, 29412346, 29662984
179, 1, 21
4, 34608, 28396795, 28652585
180, 1, 21
3, 38934, 28958028, 29217924
181, 1, 21
1, 27398, 30110736, 30367061
182, 1, 21
2, 102457, 29662984, 29919062
183, 1, 21
4, 36050, 28652585, 28903764
184, 1, 21
3, 36050, 29217924, 29470368
185, 1, 21
1, 30282, 30367061, 30627446
186, 1, 21
2, 103899, 29919062, 30169756
187, 1, 21
4, 37492, 28903764, 29162003
188, 1, 21
3, 36050, 29470368, 29720414
189, 1, 21
1, 30282, 30627446, 30888993
190, 1, 21
2, 99573, 30169756, 30421002
191, 1, 21
4, 37492, 29162003, 29421945
192, 1, 21
3, 36050, 29720414, 29976157
193, 1, 21
1, 28840, 30888993, 31140633
194, 1, 21
2, 99573, 30421002, 30671011
195, 1, 21
3, 37492, 29976157, 30231694
196, 1, 21
1, 28840, 31140633, 31392199
197, 1, 21
2, 72150, 30671011, 30924155
198, 1, 21
3, 38934, 30231694, 30490439
199, 1, 21
1, 30282, 31392199, 31653701
200, 1, 21
2, 66382, 30924155, 31177181
201, 1, 21
3, 37492, 30490439, 30745969
202, 1, 21
1, 30282, 31653701, 31911656
203, 1, 21
2, 66382, 31177181, 31430044
204, 1, 21
3, 38934, 30745969, 31004876
205, 1, 21
1, 28840, 31911656, 32164721
206, 1, 21
2, 66382, 31430044, 31683723
207, 1, 21
3, 36050, 31004876, 31255955
208, 1, 21
1, 30282, 32164721, 32423682
209, 1, 21
2, 67824, 31683723, 31939079
210, 1, 21
3, 38934, 31255955, 31506449
211, 1, 21
1, 28840, 32423682, 32678114
212, 1, 21
2, 67824, 31939079, 32196086
213, 1, 21
3, 36050, 31506449, 31758764
214, 1, 21
1, 28840, 32678114, 32931254
215, 1, 21
2, 64940, 32196086, 32449129
216, 1, 21
3, 38934, 31758764, 32015647
217, 1, 21
1, 30282, 32931254, 33191231
218, 1, 21
2, 69266, 32449129, 32703023
219, 1, 21
3, 33166, 32015647, 32273727
220, 1, 21
1, 30282, 33191231, 33445741
221, 1, 21
2, 57730, 32703023, 32958013
222, 1, 21
3, 33166, 32273727, 32530056
223, 1, 21
1, 27398, 33445741, 33695912
224, 1, 21
2, 62056, 32958013, 33216233
225, 1, 21
3, 21630, 32530056, 32800563
226, 1, 21
1, 27398, 33695912, 33958362
227, 1, 21
2, 38984, 33216233, 33466918
228, 1, 21
1, 17304, 33958362, 34233067
229, 1, 21
2, 14445, 33466918, 33730366
230, 1, 21
1, 5768, 34233067, 34492376
231, 1, 21
2, 8677, 33730366, 33984459
232, 1, 21
1, 18746, 34492376, 34750437
233, 1, 21
2, 18771, 33984459, 34250771
234, 1, 21
1, 12978, 34750437, 35001468
235, 1, 21
2, 13003, 34250771, 34501300
236, 1, 21
1, 21630, 35001468, 35255404
237, 1, 21
2, 23097, 34501300, 34755673
238, 1, 21
1, 14420, 35255404, 35507551
239, 1, 21
2, 14445, 34755673, 35023499
240, 1, 21
1, 18746, 35507551, 35768994
241, 1, 21
2, 18771, 35023499, 35280552
242, 1, 21
1, 23072, 35768994, 36020083
243, 1, 21
3, 5768, 32800563, 34897553
244, 1, 21
2, 44752, 35280552, 35533734
245, 1, 21
1, 30282, 36020083, 36277181
246, 1, 21
3, 83636, 34897553, 35150876
247, 1, 21
2, 113968, 35533734, 35785564
248, 1, 21
1, 28840, 36277181, 36535570
249, 1, 21
3, 80752, 35150876, 35454057
250, 1, 21
2, 90896, 35785564, 36038049
251, 1, 21
3, 67774, 35454057, 35706716
252, 1, 21
2, 90871, 36038049, 36291656
253, 1, 21
1, 30282, 36535570, 36860883
254, 2, 21
2, 51937, 36291656, 36546026
3, 28840, 35706716, 35964261
255, 1, 21
1, 25956, 36860883, 37118151
256, 2, 21
2, 96639, 36546026, 36798895
3, 82194, 35964261, 36218110
257, 1, 21
1, 12978, 37118151, 37372208
258, 2, 21
2, 119711, 36798895, 37057864
3, 90846, 36218110, 36472460
259, 1, 21
1, 28840, 37372208, 37628548
260, 1, 21
3, 86520, 36472460, 36724520
261, 1, 21
2, 116852, 37057864, 37309591
262, 1, 21
1, 30282, 37628548, 37885669
263, 1, 21
3, 80752, 36724520, 36975062
264, 1, 21
2, 111084, 37309591, 37563547
265, 1, 21
1, 28840, 37885669, 38137552
266, 1, 21
3, 74984, 36975062, 37228108
267, 1, 21
2, 100990, 37563547, 37815156
268, 1, 21
1, 28840, 38137552, 38398395
269, 1, 21
3, 70658, 37228108, 37481269
270, 1, 21
2, 98106, 37815156, 38069084
271, 1, 21
1, 27398, 38398395, 38650650
272, 1, 21
3, 80752, 37481269, 37735304
273, 1, 21
2, 108200, 38069084, 38319358
274, 1, 21
1, 27398, 38650650, 38906968
275, 1, 21
2, 82219, 38319358, 38574161
276, 1, 21
1, 30282, 38906968, 39169682
277, 1, 21
2, 28865, 38574161, 38829248
278, 1, 21
1, 28840, 39169682, 39423864
279, 1, 21
2, 25981, 38829248, 39093354
280, 1, 21
1, 24514, 39423864, 39674280
281, 1, 21
2, 24539, 39093354, 39358674
282, 1, 21
1, 23072, 39674280, 39926574
283, 1, 21
2, 23097, 39358674, 39616691
284, 1, 21
1, 23072, 39926574, 40198825
285, 1, 21
2, 23097, 39616691, 39868497
286, 1, 21
1, 25956, 40198825, 40460484
287, 1, 21
2, 30307, 39868497, 40127700
288, 1, 21
1, 30282, 40460484, 40719805
289, 1, 21
2, 30307, 40127700, 40384398
290, 1, 21
1, 30282, 40719805, 40976172
291, 1, 21
2, 28865, 40384398, 40635205
292, 1, 21
1, 27398, 40976172, 41228935
293, 1, 21
3, 54796, 37735304, 40126282
294, 1, 21
2, 83686, 40635205, 40886991
295, 1, 21
1, 21630, 41228935, 41525611
296, 1, 21
3, 77868, 40126282, 40439643
297, 1, 21
2, 70708, 40886991, 41137866
298, 1, 21
3, 74984, 40439643, 40692049
299, 1, 21
1, 28840, 41525611, 41853528
300, 1, 21
2, 102432, 41137866, 41391108
301, 1, 21
3, 83636, 40692049, 40945407
302, 1, 21
1, 30282, 41853528, 42115789
303, 1, 21
2, 111084, 41391108, 41644279
304, 1, 21
3, 82194, 40945407, 41199065
305, 1, 21
1, 30282, 42115789, 42371918
306, 1, 21
2, 113968, 41644279, 41896918
307, 1, 21
3, 82194, 41199065, 41449609
308, 1, 21
1, 30282, 42371918, 42634760
309, 1, 21
2, 109642, 41896918, 42149082
310, 1, 21
3, 70658, 41449609, 41718558
311, 1, 21
1, 30282, 42634760, 42892092
312, 1, 21
2, 92338, 42149082, 42407837
313, 1, 21
3, 74984, 41718558, 41975993
314, 1, 21
1, 24514, 42892092, 43143508
315, 1, 21
2, 106758, 42407837, 42658736
316, 1, 21
3, 82194, 41975993, 42228635
317, 1, 21
1, 28840, 43143508, 43400413
318, 1, 21
2, 108200, 42658736, 42909628
319, 1, 21
3, 85078, 42228635, 42482178
320, 1, 21
1, 28840, 43400413, 43650907
321, 1, 21
2, 111084, 42909628, 43162873
322, 1, 21
3, 80752, 42482178, 42734638
323, 1, 21
1, 30282, 43650907, 43911512
324, 1, 21
2, 109642, 43162873, 43419320
325, 1, 21
3, 69216, 42734638, 42986521
326, 1, 21
1, 28840, 43911512, 44173246
327, 1, 21
2, 103874, 43419320, 43669827
328, 1, 21
1, 25956, 44173246, 44427614
329, 1, 21
2, 43285, 43669827, 43924079
330, 1, 21
1, 25956, 44427614, 44693550
331, 1, 21
2, 23097, 43924079, 44182310
332, 1, 21
1, 23072, 44693550, 44951274
333, 1, 21
2, 24539, 44182310, 44436684
334, 1, 21
1, 27398, 44951274, 45203248
335, 1, 21
2, 24539, 44436684, 44688446
336, 1, 21
1, 18746, 45203248, 45476804
337, 1, 21
2, 20213, 44688446, 44947416
338, 1, 21
1, 20188, 45476804, 45727786
339, 1, 21
2, 20213, 44947416, 45203929
340, 1, 21
1, 23072, 45727786, 46000143
341, 1, 21
2, 21655, 45203929, 45456237
342, 1, 21
1, 17304, 46000143, 46260385
343, 1, 21
2, 17329, 45456237, 45717315
344, 1, 21
1, 18746, 46260385, 46516397
345, 1, 21
2, 18771, 45717315, 45972578
346, 1, 21
1, 28840, 46516397, 46772620
347, 1, 21
2, 28865, 45972578, 46229558
348, 1, 21
1, 28840, 46772620, 47023043
349, 1, 21
2, 28865, 46229558, 46479698
350, 1, 21
1, 28840, 47023043, 47279766
351, 1, 21
2, 28865, 46479698, 46736478
352, 1, 21
1, 30282, 47279766, 47540088
353, 1, 21
2, 30307, 46736478, 46996646
354, 1, 21
1, 30282, 47540088, 47799579
355, 1, 21
2, 30307, 46996646, 47259490
356, 1, 21
1, 30282, 47799579, 48058474
357, 1, 21
2, 30307, 47259490, 47514369
358, 1, 21
1, 30282, 48058474, 48310732
359, 1, 21
2, 30307, 47514369, 47766435
360, 1, 21
1, 30282, 48310732, 48569860
361, 1, 21
2, 30307, 47766435, 48034015
362, 1, 21
1, 24514, 48569860, 48821774
363, 1, 21
2, 25981, 48034015, 48290108
364, 1, 21
1, 23072, 48821774, 49074282
365, 1, 21
2, 23097, 48290108, 48545866
366, 2, 21
2, 15862, 48545866, 48797118
1, 18746, 49074282, 49352578
367, 2, 21
2, 24514, 48797118, 49050686
1, 24514, 49352578, 49606062
368, 2, 21
2, 24514, 49050686, 49315520
1, 24514, 49606062, 49871063
369, 2, 21
2, 21630, 49315520, 49582682
1, 21630, 49871063, 50138173
370, 2, 21
2, 15862, 49582682, 49836432
1, 15862, 50138173, 50391931
371, 2, 21
2, 21630, 49836432, 50095274
1, 21630, 50391931, 50650789
372, 2, 21
2, 23072, 50095274, 50379119
1, 23072, 50650789, 50933797
373, 2, 21
2, 23072, 50379119, 50638787
1, 23072, 50933797, 51193544
374, 2, 21
2, 24514, 50638787, 50897251
1, 24514, 51193544, 51451952
375, 2, 21
2, 30282, 50897251, 51154495
1, 30282, 51451952, 51709198
376, 2, 21
2, 30282, 51154495, 51409458
1, 30282, 51709198, 51964149
377, 2, 21
2, 30282, 51409458, 51663354
1, 30282, 51964149, 52218128
378, 2, 21
2, 30282, 51663354, 51922106
1, 30282, 52218128, 52472238
379, 2, 21
2, 30282, 51922106, 52174597
1, 30282, 52472238, 52730095
380, 2, 21
2, 30282, 52174597, 52433576
1, 30282, 52730095, 52989048
381, 2, 21
2, 30282, 52433576, 52690093
1, 30282, 52989048, 53244902
382, 2, 21
2, 30282, 52690093, 52944544
1, 30282, 53244902, 53499252
383, 2, 21
2, 28840, 52944544, 53197068
1, 28840, 53499252, 53752459
384, 2, 21
2, 30282, 53197068, 53455487
1, 30282, 53752459, 54010271
385, 1, 21
3, 54796, 42986521, 52885674
386, 1, 21
2, 111059, 53455487, 53706705
387, 1, 21
1, 30282, 54010271, 54270706
388, 1, 21
3, 85078, 52885674, 53137941
389, 1, 21
2, 111084, 53706705, 53958712
390, 1, 21
1, 30282, 54270706, 54527387
391, 1, 21
3, 82194, 53137941, 53391804
392, 1, 21
2, 113968, 53958712, 54209296
393, 1, 21
3, 85078, 53391804, 53644629
394, 1, 21
1, 30282, 54527387, 54787388
395, 1, 21
2, 122620, 54209296, 54461920
396, 1, 21
3, 93730, 53644629, 53897428
397, 1, 21
1, 30282, 54787388, 55042879
398, 1, 21
2, 122620, 54461920, 54712272
399, 1, 21
3, 92288, 53897428, 54147716
400, 1, 21
1, 30282, 55042879, 55296375
401, 1, 21
2, 122620, 54712272, 54962693
402, 1, 21
3, 92288, 54147716, 54397905
403, 1, 21
1, 30282, 55296375, 55552402
404, 1, 21
2, 111084, 54962693, 55214269
405, 1, 21
3, 82194, 54397905, 54649785
406, 1, 21
1, 30282, 55552402, 55805965
407, 1, 21
2, 119736, 55214269, 55468021
408, 1, 21
3, 90846, 54649785, 54903453
409, 1, 21
1, 30282, 55805965, 56064338
410, 1, 21
2, 115410, 55468021, 55719179
411, 1, 21
3, 85078, 54903453, 55155438
412, 1, 21
1, 30282, 56064338, 56325876
413, 1, 21
2, 116852, 55719179, 55971768
414, 1, 21
3, 89404, 55155438, 55406631
415, 1, 21
1, 28840, 56325876, 56584068
416, 1, 21
2, 118294, 55971768, 56223804
417, 1, 21
3, 87962, 55406631, 55658592
418, 1, 21
1, 30282, 56584068, 56841729
419, 1, 21
2, 116852, 56223804, 56474023
420, 1, 21
3, 86520, 55658592, 55911738
421, 1, 21
1, 31724, 56841729, 57101600
422, 1, 21
2, 113968, 56474023, 56726951
423, 1, 21
3, 85078, 55911738, 56162356
424, 1, 21
1, 30282, 57101600, 57353683
425, 1, 21
2, 116852, 56726951, 56977804
426, 1, 21
3, 87962, 56162356, 56416460
427, 1, 21
1, 30282, 57353683, 57610228
428, 1, 21
2, 113968, 56977804, 57228140
429, 1, 21
3, 82194, 56416460, 56666969
430, 1, 21
1, 30282, 57610228, 57864276
431, 1, 21
2, 112526, 57228140, 57479290
432, 1, 21
3, 83636, 56666969, 56919224
433, 1, 21
1, 30282, 57864276, 58119311
434, 1, 21
2, 109642, 57479290, 57732751
435, 1, 21
3, 79310, 56919224, 57172229
436, 1, 21
1, 30282, 58119311, 58380933
437, 1, 21
2, 115410, 57732751, 57985700
438, 1, 21
3, 87962, 57172229, 57425211
439, 1, 21
1, 30282, 58380933, 58637181
440, 1, 21
2, 119736, 57985700, 58238913
441, 1, 21
3, 89404, 57425211, 57678747
442, 1, 21
1, 30282, 58637181, 58888757
443, 1, 21
2, 118294, 58238913, 58493312
444, 1, 21
1, 30282, 58888757, 59141414
445, 1, 21
2, 30307, 58493312, 58748354
446, 1, 21
1, 28840, 59141414, 59402885
447, 1, 21
2, 27423, 58748354, 59006029
448, 1, 21
1, 28840, 59402885, 59662368
449, 1, 21
2, 28865, 59006029, 59266232
450, 1, 21
1, 28840, 59662368, 59924069
451, 1, 21
2, 28865, 59266232, 59527257
452, 1, 21
1, 27398, 59924069, 60179731
453, 1, 21
2, 27423, 59527257, 59781187
454, 1, 21
1, 28840, 60179731, 60439658
455, 1, 21
2, 28865, 59781187, 60035829
456, 1, 21
1, 28840, 60439658, 60696231
457, 1, 21
2, 28865, 60035829, 60297298
458, 1, 21
1, 28840, 60696231, 60956985
459, 1, 21
2, 28865, 60297298, 60551213
460, 1, 21
1, 28840, 60956985, 61209378
461, 1, 21
2, 28865, 60551213, 60805262
462, 1, 21
1, 28840, 61209378, 61463646
463, 1, 21
2, 28865, 60805262, 61059453
464, 1, 21
1, 30282, 61463646, 61724683
465, 1, 21
2, 30307, 61059453, 61319493
466, 1, 21
1, 28840, 61724683, 61979087
467, 1, 21
2, 28865, 61319493, 61571831
468, 1, 21
1, 30282, 61979087, 62236172
469, 1, 21
2, 30307, 61571831, 61828470
470, 1, 21
1, 28840, 62236172, 62488975
471, 1, 21
2, 28865, 61828470, 62087654
472, 1, 21
1, 28840, 62488975, 62746418
473, 1, 21
2, 27423, 62087654, 62344394
474, 1, 21
1, 25956, 62746418, 62998627
475, 1, 21
2, 27423, 62344394, 62604009
476, 1, 21
1, 27398, 62998627, 63258041
477, 1, 21
2, 27423, 62604009, 62865617
478, 1, 21
1, 27398, 63258041, 63517915
479, 1, 21
2, 27423, 62865617, 63122381
480, 1, 21
1, 27398, 63517915, 63782197
481, 1, 21
2, 25981, 63122381, 63375806
482, 1, 21
1, 27398, 63782197, 64039299
483, 1, 21
2, 27423, 63375806, 63632234
484, 1, 21
1, 27398, 64039299, 64295932
485, 1, 21
2, 27423, 63632234, 63884364
486, 1, 21
1, 28840, 64295932, 64556700
487, 1, 21
2, 27423, 63884364, 64139739
488, 1, 21
1, 27398, 64556700, 64810102
489, 1, 21
2, 28865, 64139739, 64397877
490, 1, 21
1, 27398, 64810102, 65064596
491, 1, 21
2, 27423, 64397877, 64653534
492, 1, 21
1, 28840, 65064596, 65318783
493, 1, 21
2, 30307, 64653534, 64914488
494, 1, 21
1, 28840, 65318783, 65578686
495, 1, 21
2, 27423, 64914488, 65167084
496, 1, 21
1, 28840, 65578686, 65838237
497, 1, 21
2, 28865, 65167084, 65422735
498, 1, 21
1, 28840, 65838237, 66094925
499, 1, 21
2, 28865, 65422735, 65683942
500, 1, 21
1, 27398, 66094925, 66347846
501, 1, 21
2, 27423, 65683942, 65934721
