0, 2, 21
2, 211974, 5559229, 7562864
1, 211974, 6112722, 8116382
1, 2, 21
2, 222068, 7562864, 9564066
1, 222068, 8116382, 10117772
2, 2, 21
2, 1442, 9564066, 15695046
1, 1442, 10117772, 16247998
3, 1, 21
2, 249466, 15695046, 17695188
4, 1, 21
1, 223510, 16247998, 18250507
5, 1, 21
3, 276864, 16974076, 18977480
6, 1, 21
2, 509076, 17695188, 19699276
7, 1, 21
1, 211974, 18250507, 20262893
8, 1, 21
3, 261002, 18977480, 20980681
9, 1, 21
4, 242256, 18443164, 20445694
10, 1, 21
2, 699445, 19699276, 21699852
11, 1, 21
1, 201880, 20262893, 22267204
12, 1, 21
4, 271096, 20445694, 22454138
13, 1, 21
2, 598480, 21699852, 23703358
14, 1, 21
1, 204764, 22267204, 24268557
15, 1, 21
4, 256676, 22454138, 24456699
16, 1, 21
2, 465816, 23703358, 25703457
17, 1, 21
1, 262444, 24268557, 26771389
18, 1, 21
4, 294168, 24456699, 26461769
19, 1, 21
2, 526380, 25703457, 27704941
20, 1, 21
1, 232162, 26771389, 28781020
21, 1, 21
3, 149968, 20980681, 27985148
22, 1, 21
4, 281190, 26461769, 28470683
23, 1, 21
2, 650417, 27704941, 29705288
24, 1, 21
3, 253792, 27985148, 29988558
25, 1, 21
1, 281190, 28781020, 31288665
26, 1, 21
2, 801802, 29705288, 32213441
27, 1, 21
3, 284074, 29988558, 31989330
28, 1, 21
1, 328776, 31288665, 34459607
29, 1, 21
2, 364876, 32213441, 34213911
30, 1, 21
3, 139874, 31989330, 35185775
31, 1, 21
1, 164388, 34459607, 36468314
32, 1, 21
2, 337478, 34213911, 36216475
33, 1, 21
3, 569590, 35185775, 37187824
34, 1, 21
1, 201880, 36468314, 38477164
35, 1, 21
2, 755658, 36216475, 38219249
36, 1, 21
2, 366268, 38219249, 40223256
37, 1, 21
1, 259560, 38477164, 40985593
38, 1, 21
3, 312914, 37187824, 40443177
39, 1, 21
2, 581176, 40223256, 42224937
40, 1, 21
3, 594104, 40443177, 42444979
41, 1, 21
1, 331660, 40985593, 44114244
42, 1, 21
2, 759984, 42224937, 44232616
43, 1, 21
1, 207648, 44114244, 46526322
44, 1, 21
2, 170181, 44232616, 46240518
45, 1, 21
1, 230720, 46526322, 48527630
46, 1, 21
2, 272563, 46240518, 48744954
47, 1, 21
1, 170156, 48527630, 50545178
48, 1, 21
1, 209090, 50545178, 52550654
49, 1, 21
2, 386506, 48744954, 52661638
50, 1, 21
3, 324450, 42444979, 53210391
51, 1, 21
1, 233604, 52550654, 54556754
52, 2, 21
2, 1057036, 52661638, 55764966
3, 696486, 53210391, 55213761
53, 1, 21
1, 288400, 54556754, 57064028
54, 2, 21
2, 1119017, 55764966, 58265066
3, 829150, 55213761, 57715481
55, 1, 21
1, 363384, 57064028, 60202341
56, 1, 21
2, 426857, 58265066, 60269866
57, 1, 21
2, 229278, 60269866, 62283294
58, 1, 21
2, 266770, 62283294, 64789663
59, 1, 21
1, 671972, 60202341, 66311112
