0, 2, 21
2, 72100, 5516544, 6263639
1, 72104, 6061034, 6808284
1, 2, 21
2, 144200, 6263639, 7561056
1, 144204, 6808284, 8105769
2, 2, 21
2, 144200, 7561056, 8850774
1, 144204, 8105769, 9394645
3, 2, 21
2, 217742, 8850774, 16914575
1, 217746, 9394645, 17459056
4, 2, 21
2, 87962, 16914575, 17573554
1, 72104, 17459056, 18117040
5, 2, 21
2, 80752, 17573554, 17883784
1, 36054, 18117040, 18428155
6, 2, 21
2, 43260, 17883784, 18044286
1, 18750, 18428155, 18588671
7, 2, 21
2, 23072, 18044286, 18132096
1, 10098, 18588671, 18676436
8, 2, 21
2, 346080, 18132096, 19540675
1, 144204, 18676436, 20085013
9, 2, 21
2, 265328, 19540675, 20208211
1, 72104, 20085013, 20751823
10, 2, 21
2, 131222, 20208211, 20529672
1, 36054, 20751823, 21074001
11, 2, 21
2, 69216, 20529672, 20698946
1, 18750, 21074001, 21242572
12, 2, 21
2, 500374, 20698946, 22170930
1, 144204, 21242572, 22714593
13, 2, 21
2, 210532, 22170930, 22839025
1, 72104, 22714593, 23383410
14, 2, 21
2, 96614, 22839025, 23281397
1, 36054, 23383410, 23825755
15, 2, 21
2, 38934, 23281397, 23456036
1, 18750, 23825755, 23999484
16, 2, 21
2, 14420, 23456036, 23549669
1, 10098, 23999484, 24094105
17, 2, 21
2, 341754, 23549669, 25036211
1, 144204, 24094105, 25579562
18, 2, 21
2, 330218, 25036211, 26258628
1, 144204, 25579562, 26801842
19, 2, 21
2, 162946, 26258628, 26876359
1, 72104, 26801842, 27420071
20, 2, 21
2, 323008, 26876359, 28131191
1, 144204, 27420071, 28675436
21, 2, 21
2, 451346, 28131191, 29436968
1, 144204, 28675436, 29981372
22, 2, 21
2, 253792, 29436968, 30083983
1, 72104, 29981372, 30626722
23, 2, 21
2, 129780, 30083983, 30416452
1, 36054, 30626722, 30959611
24, 2, 21
2, 361942, 30416452, 31647634
1, 144204, 30959611, 32191878
25, 2, 21
2, 162946, 31647634, 32260741
1, 72104, 32191878, 32805010
26, 2, 21
2, 82194, 32260741, 32567076
1, 36054, 32805010, 33111127
27, 2, 21
2, 227836, 32567076, 34428751
1, 144204, 33111127, 34973123
28, 2, 21
2, 72100, 34428751, 35381328
1, 72104, 34973123, 35924240
29, 2, 21
2, 136990, 35381328, 35686791
1, 36054, 35924240, 36231222
30, 2, 21
2, 77868, 35686791, 35858185
1, 18750, 36231222, 36401559
31, 2, 21
2, 12978, 35858185, 35942834
1, 10098, 36401559, 36487112
32, 2, 21
2, 23072, 35942834, 35991520
1, 5772, 36487112, 36535466
33, 2, 21
2, 566706, 35991520, 37478458
1, 144204, 36535466, 38021809
34, 2, 21
2, 261002, 37478458, 38131300
1, 72104, 38021809, 38674514
35, 2, 21
2, 125454, 38131300, 38458568
1, 36054, 38674514, 39002127
36, 2, 21
2, 144200, 38458568, 39910602
1, 144204, 39002127, 40454293
37, 2, 21
2, 72100, 39910602, 40533615
1, 72104, 40454293, 41077112
38, 2, 21
2, 556612, 40533615, 41989247
1, 144204, 41077112, 42532717
39, 2, 21
2, 261002, 41989247, 42659612
1, 72104, 42532717, 43203205
40, 2, 21
2, 139874, 42659612, 42972642
1, 36054, 43203205, 43516264
41, 2, 21
2, 67774, 42972642, 43132908
1, 18750, 43516264, 43677162
42, 2, 21
2, 305704, 43132908, 44535690
1, 144204, 43677162, 45079152
43, 2, 21
2, 72100, 44535690, 45487293
1, 72104, 45079152, 46031594
44, 2, 21
2, 36050, 45487293, 45940322
1, 36054, 46031594, 46484508
45, 2, 21
2, 144200, 45940322, 47202486
1, 144204, 46484508, 47746265
46, 2, 21
2, 72100, 47202486, 47806357
1, 72104, 47746265, 48350100
47, 2, 21
2, 144200, 47806357, 49397968
1, 144204, 48350100, 49942209
48, 2, 21
2, 144200, 49397968, 51064989
1, 144204, 49942209, 51608782
49, 2, 21
2, 144200, 51064989, 52284516
1, 144204, 51608782, 52828974
50, 2, 21
2, 72100, 52284516, 52895151
1, 72104, 52828974, 53439201
51, 2, 21
2, 385014, 52895151, 54133212
1, 144204, 53439201, 54676604
52, 2, 21
2, 295610, 54133212, 54740208
1, 72104, 54676604, 55281619
53, 2, 21
2, 141316, 54740208, 55045327
1, 36054, 55281619, 55588630
54, 2, 21
2, 572474, 55045327, 56282442
1, 144204, 55588630, 56826042
55, 2, 21
2, 553728, 56282442, 57493126
1, 144204, 56826042, 58037533
56, 2, 21
2, 464324, 57493126, 58719195
1, 144204, 58037533, 59263472
57, 2, 21
2, 144200, 58719195, 60028011
1, 144204, 59263472, 60572460
58, 2, 21
2, 72100, 60028011, 60672499
1, 72104, 60572460, 61216793
59, 2, 21
2, 144200, 60672499, 61925149
1, 144204, 61216793, 62469732
60, 2, 21
2, 144200, 61925149, 63288562
1, 144204, 62469732, 63833106
61, 2, 21
2, 144200, 63288562, 64620390
1, 144204, 63833106, 65164753
