0, 2, 21
2, 211974, 5611185, 7612051
1, 211974, 6160870, 8161519
1, 2, 21
2, 222068, 7612051, 9617379
1, 222068, 8161519, 10166677
2, 2, 21
2, 1442, 9617379, 15747508
1, 1442, 10166677, 16296977
3, 1, 21
2, 248024, 15747508, 17755169
4, 1, 21
1, 224952, 16296977, 18308722
5, 1, 21
3, 278306, 17031171, 19034895
6, 1, 21
2, 516286, 17755169, 19756876
7, 1, 21
1, 213416, 18308722, 20320371
8, 1, 21
4, 266770, 18459100, 20465982
9, 1, 21
3, 266770, 19034895, 21043420
10, 1, 21
2, 721075, 19756876, 21760475
11, 1, 21
1, 207648, 20320371, 22329129
12, 1, 21
4, 265328, 20465982, 22514770
13, 1, 21
2, 588386, 21760475, 23772235
14, 1, 21
1, 198996, 22329129, 24335331
15, 1, 21
4, 273980, 22514770, 24518823
16, 1, 21
2, 488888, 23772235, 25774730
17, 1, 21
1, 207648, 24335331, 26336879
18, 1, 21
4, 295610, 24518823, 26521674
19, 1, 21
2, 524938, 25774730, 27782373
20, 1, 21
1, 229278, 26336879, 28344320
21, 1, 21
3, 142758, 21043420, 27981230
22, 1, 21
4, 278306, 26521674, 28526170
23, 1, 21
2, 656185, 27782373, 29789868
24, 1, 21
1, 224952, 28344320, 30356701
25, 1, 21
3, 259560, 27981230, 29993322
26, 1, 21
2, 656160, 29789868, 31793287
27, 1, 21
1, 235046, 30356701, 32361549
28, 1, 21
3, 294168, 29993322, 31999043
29, 2, 21
2, 444186, 31793287, 33931438
1, 204764, 32361549, 34479113
30, 1, 21
3, 124012, 31999043, 35079145
31, 1, 21
2, 259585, 33931438, 35937150
32, 1, 21
1, 164388, 34479113, 36486010
33, 1, 21
3, 575358, 35079145, 37083070
34, 2, 21
2, 768636, 35937150, 37939084
1, 201880, 36486010, 38487496
35, 2, 21
2, 425390, 37939084, 39942105
1, 204764, 38487496, 40490186
36, 1, 21
3, 307146, 37083070, 40318178
37, 2, 21
2, 520587, 39942105, 41943746
1, 209090, 40490186, 42492690
38, 1, 21
3, 592662, 40318178, 42318801
39, 2, 21
2, 829175, 41943746, 43956501
1, 222068, 42492690, 44504963
40, 2, 21
2, 165830, 43956501, 45966844
1, 165830, 44504963, 46515610
41, 2, 21
2, 232162, 45966844, 47974125
1, 232162, 46515610, 48521962
42, 2, 21
2, 167272, 47974125, 49987646
1, 167272, 48521962, 50536862
43, 2, 21
2, 211974, 49987646, 51999760
1, 211974, 50536862, 52548498
44, 1, 21
3, 325892, 42318801, 53088150
45, 1, 21
2, 348989, 51999760, 54002904
46, 1, 21
1, 235046, 52548498, 54559266
47, 1, 21
3, 695044, 53088150, 55091650
48, 1, 21
2, 931582, 54002904, 56003021
49, 1, 21
1, 235046, 54559266, 56565652
50, 1, 21
3, 680624, 55091650, 57093896
51, 1, 21
2, 909952, 56003021, 58004764
52, 1, 21
1, 236488, 56565652, 58566611
53, 2, 21
2, 471559, 58004764, 60017849
1, 226394, 58566611, 60567120
54, 2, 21
2, 227836, 60017849, 62020606
1, 227836, 60567120, 62569596
55, 2, 21
2, 213416, 62020606, 64023807
1, 213416, 62569596, 64573363
