0, 2, 21
2, 54796, 5857946, 6422523
1, 54796, 6435220, 6998896
1, 2, 21
2, 53354, 6422523, 6924316
1, 53354, 6998896, 7501584
2, 2, 21
2, 57680, 6924316, 7434268
1, 57680, 7501584, 8010584
3, 2, 21
2, 54796, 7434268, 7937586
1, 54796, 8010584, 8514729
4, 2, 21
2, 56238, 7937586, 8447336
1, 56238, 8514729, 9024569
5, 2, 21
2, 57680, 8447336, 8958572
1, 57680, 9024569, 9535798
6, 2, 21
2, 56238, 8958572, 9467066
1, 56238, 9535798, 10043454
7, 2, 21
2, 44702, 9467066, 15991192
1, 44702, 10043454, 16568445
8, 2, 21
2, 54796, 15991192, 16498050
1, 54796, 16568445, 17075213
9, 2, 21
2, 74984, 16498050, 17135002
1, 74984, 17075213, 17712054
10, 1, 21
2, 103824, 17135002, 17918357
11, 1, 21
1, 86520, 17712054, 18500181
12, 1, 21
3, 76426, 17234553, 17739744
13, 1, 21
2, 131272, 17918357, 18418885
14, 1, 21
3, 64890, 17739744, 18241691
15, 1, 21
2, 112501, 18418885, 18925307
16, 1, 21
1, 122570, 18500181, 19644868
17, 1, 21
3, 60564, 18241691, 18750384
18, 1, 21
2, 113968, 18925307, 19426840
19, 1, 21
1, 64890, 19644868, 20276708
20, 1, 21
3, 79310, 18750384, 19256750
21, 1, 21
2, 151460, 19426840, 19927222
22, 1, 21
4, 74984, 18694418, 19196005
23, 1, 21
3, 73542, 19256750, 19759518
24, 1, 21
2, 200488, 19927222, 20427644
25, 1, 21
1, 86520, 20276708, 21064866
26, 1, 21
4, 79310, 19196005, 19703634
27, 1, 21
3, 76426, 19759518, 20266059
28, 1, 21
2, 206281, 20427644, 20929369
29, 1, 21
4, 64890, 19703634, 20213906
30, 1, 21
3, 64890, 20266059, 20782187
31, 1, 21
2, 194720, 20929369, 21550110
32, 1, 21
3, 51912, 20782187, 21284491
33, 1, 21
4, 49028, 20213906, 20738413
34, 1, 21
1, 154294, 21064866, 22596828
35, 1, 21
2, 167347, 21550110, 22052551
36, 1, 21
3, 69216, 21284491, 21794740
37, 1, 21
4, 76426, 20738413, 21242568
38, 1, 21
1, 53354, 22596828, 23099317
39, 1, 21
2, 201955, 22052551, 22557614
40, 1, 21
4, 73542, 21242568, 21742773
41, 1, 21
1, 56238, 23099317, 23603867
42, 1, 21
2, 174532, 22557614, 23063157
43, 1, 21
4, 59122, 21742773, 22250533
44, 1, 21
2, 103849, 23063157, 23564153
45, 1, 21
1, 54796, 23603867, 24209742
46, 1, 21
4, 70658, 22250533, 22879692
47, 1, 21
2, 118294, 23564153, 24193206
48, 1, 21
1, 54796, 24209742, 24838659
49, 1, 21
4, 62006, 22879692, 23381725
50, 1, 21
2, 115410, 24193206, 24695266
51, 1, 21
4, 73542, 23381725, 23891949
52, 1, 21
1, 79310, 24838659, 25621912
53, 1, 21
2, 129830, 24695266, 25195768
54, 1, 21
1, 59122, 25621912, 26126641
55, 1, 21
4, 92288, 23891949, 24521392
56, 1, 21
2, 164438, 25195768, 25821289
57, 1, 21
1, 92288, 26126641, 26911784
58, 1, 21
4, 151410, 24521392, 25501421
59, 1, 21
2, 266820, 25821289, 26799281
60, 1, 21
1, 141316, 26911784, 28134032
61, 1, 21
3, 70658, 21794740, 28245169
62, 1, 21
2, 630204, 26799281, 29090443
63, 1, 21
3, 57680, 28245169, 28757080
64, 1, 21
2, 180275, 29090443, 29590911
65, 1, 21
1, 243698, 28134032, 30285541
66, 1, 21
3, 69216, 28757080, 29266044
67, 1, 21
1, 56238, 30285541, 30789990
68, 1, 21
2, 240889, 29590911, 30222484
69, 1, 21
3, 82194, 29266044, 29894001
70, 1, 21
1, 72100, 30789990, 31416587
71, 1, 21
2, 288450, 30222484, 31003987
72, 1, 21
3, 106708, 29894001, 30676275
73, 1, 21
2, 132689, 31003987, 31504280
74, 1, 21
1, 92288, 31416587, 32206370
75, 1, 21
2, 134131, 31504280, 32007104
76, 1, 21
3, 226394, 30676275, 32206445
77, 1, 21
2, 207673, 32007104, 32794025
78, 1, 21
1, 180250, 32206370, 33735310
79, 1, 21
3, 79310, 32206445, 32800990
80, 1, 21
2, 201930, 32794025, 33607929
81, 1, 21
1, 59122, 33735310, 34318542
82, 1, 21
3, 51912, 32800990, 33310720
83, 1, 21
2, 41868, 33607929, 34115413
84, 1, 21
1, 18746, 34318542, 34850519
85, 2, 21
2, 44727, 34115413, 34776204
1, 34608, 34850519, 35353177
86, 1, 21
1, 43260, 35353177, 35991686
87, 1, 21
2, 56263, 34776204, 35560250
88, 1, 21
1, 54796, 35991686, 36498824
89, 1, 21
3, 4326, 33310720, 35373313
90, 1, 21
2, 131272, 35560250, 36140099
91, 1, 21
1, 56238, 36498824, 37054689
92, 1, 21
3, 164388, 35373313, 35929724
93, 1, 21
2, 187510, 36140099, 36640619
94, 1, 21
1, 38934, 37054689, 37564666
95, 1, 21
3, 96614, 35929724, 36439573
96, 1, 21
2, 134156, 36640619, 37142015
97, 1, 21
3, 171598, 36439573, 36942698
98, 1, 21
1, 72100, 37564666, 38190829
99, 1, 21
2, 237980, 37142015, 37644625
100, 1, 21
1, 56238, 38190829, 38694421
101, 1, 21
3, 207648, 36942698, 37573256
102, 1, 21
2, 220676, 37644625, 38151301
103, 1, 21
3, 141316, 37573256, 38074685
104, 1, 21
2, 197579, 38151301, 38651413
105, 1, 21
1, 70658, 38694421, 39330265
106, 1, 21
2, 152877, 38651413, 39160110
107, 1, 21
2, 47586, 39160110, 39663271
108, 1, 21
1, 98056, 39330265, 40308308
109, 1, 21
1, 50470, 40308308, 40820180
110, 1, 21
2, 63498, 39663271, 40293221
111, 1, 21
1, 59122, 40820180, 41327333
112, 1, 21
2, 59147, 40293221, 40802229
113, 1, 21
3, 100940, 38074685, 40602740
114, 1, 21
1, 57680, 41327333, 41964246
115, 1, 21
2, 131272, 40802229, 41466879
116, 1, 21
3, 168714, 40602740, 41230314
117, 1, 21
1, 50470, 41964246, 42470009
118, 1, 21
2, 206256, 41466879, 41967085
119, 1, 21
3, 165830, 41230314, 41731619
120, 1, 21
1, 59122, 42470009, 42978697
121, 1, 21
2, 220676, 41967085, 42468965
122, 1, 21
3, 147084, 41731619, 42232883
123, 1, 21
1, 62006, 42978697, 43565985
124, 1, 21
2, 246632, 42468965, 43095655
125, 1, 21
3, 154294, 42232883, 42734070
126, 1, 21
1, 59122, 43565985, 44076147
127, 1, 21
2, 220676, 43095655, 43596376
128, 1, 21
3, 164388, 42734070, 43238011
129, 1, 21
1, 53354, 44076147, 44580022
130, 1, 21
2, 204814, 43596376, 44097629
131, 1, 21
1, 47586, 44580022, 45087875
132, 1, 21
2, 89429, 44097629, 44687112
133, 1, 21
1, 57680, 45087875, 45733189
134, 1, 21
2, 51937, 44687112, 45318356
135, 1, 21
1, 41818, 45733189, 46273919
136, 1, 21
2, 59147, 45318356, 46108583
137, 1, 21
1, 53354, 46273919, 46900691
138, 1, 21
1, 57680, 46900691, 47409317
139, 1, 21
1, 73542, 47409317, 48043055
140, 1, 21
2, 174557, 46108583, 47636225
141, 1, 21
1, 111034, 48043055, 49024824
142, 1, 21
1, 40376, 49024824, 49529414
143, 1, 21
2, 160112, 47636225, 49262425
144, 1, 21
1, 47586, 49529414, 50043588
145, 1, 21
2, 50495, 49262425, 49887841
146, 1, 21
1, 37492, 50043588, 50565981
147, 1, 21
2, 41843, 49887841, 50393414
148, 1, 21
1, 46144, 50565981, 51074014
149, 1, 21
1, 40376, 51074014, 51583684
150, 1, 21
2, 51962, 50393414, 51018415
151, 1, 21
1, 59122, 51583684, 52086424
152, 1, 21
2, 59147, 51018415, 51521012
153, 1, 21
1, 60564, 52086424, 52593540
154, 1, 21
2, 60589, 51521012, 52028552
155, 1, 21
1, 73542, 52593540, 53220183
156, 1, 21
2, 73567, 52028552, 52656546
157, 1, 21
1, 115360, 53220183, 54205454
158, 1, 21
2, 115385, 52656546, 53640990
159, 1, 21
3, 118244, 43238011, 53371617
160, 1, 21
2, 203347, 53640990, 54314420
161, 1, 21
3, 165830, 53371617, 53873757
162, 1, 21
2, 232187, 54314420, 54816902
163, 1, 21
3, 223510, 53873757, 54501389
164, 1, 21
2, 240839, 54816902, 55317188
165, 1, 21
2, 230720, 55317188, 55817940
166, 1, 21
3, 276864, 54501389, 55285267
167, 1, 21
2, 285541, 55817940, 56443140
168, 1, 21
2, 357616, 56443140, 57232016
169, 1, 21
3, 524888, 55285267, 56812336
170, 1, 21
2, 695069, 57232016, 58759011
171, 1, 21
2, 136990, 58759011, 59341142
172, 1, 21
2, 56238, 59341142, 59854027
173, 1, 21
2, 70658, 59854027, 60490727
174, 1, 21
2, 89404, 60490727, 61281990
175, 1, 21
2, 173040, 61281990, 62819720
176, 1, 21
1, 1131970, 54205454, 64218656
