0, 2, 21
2, 72100, 5556412, 6304107
1, 72104, 6109608, 6857190
1, 2, 21
2, 144200, 6304107, 7596874
1, 144204, 6857190, 8150012
2, 2, 21
2, 144200, 7596874, 8884007
1, 144204, 8150012, 9437257
3, 2, 21
2, 217742, 8884007, 16945537
1, 217746, 9437257, 17498719
4, 2, 21
2, 90846, 16945537, 17603004
1, 72104, 17498719, 18155796
5, 2, 21
2, 82194, 17603004, 17912982
1, 36054, 18155796, 18466230
6, 2, 21
2, 41818, 17912982, 18073312
1, 18750, 18466230, 18626551
7, 2, 21
2, 23072, 18073312, 18161086
1, 10098, 18626551, 18714316
8, 2, 21
2, 346080, 18161086, 19563226
1, 144204, 18714316, 20116513
9, 2, 21
2, 269654, 19563226, 20228801
1, 72104, 20116513, 20781601
10, 2, 21
2, 134106, 20228801, 20550003
1, 36054, 20781601, 21102938
11, 2, 21
2, 70658, 20550003, 20717912
1, 18750, 21102938, 21271234
12, 2, 21
2, 497490, 20717912, 22165687
1, 144204, 21271234, 22718965
13, 2, 21
2, 206206, 22165687, 22808182
1, 72104, 22718965, 23361285
14, 2, 21
2, 96614, 22808182, 23249412
1, 36054, 23361285, 23802094
15, 2, 21
2, 36050, 23249412, 23422380
1, 18750, 23802094, 23974550
16, 2, 21
2, 17304, 23422380, 23518423
1, 10098, 23974550, 24070508
17, 2, 21
2, 341754, 23518423, 25001536
1, 144204, 24070508, 25553786
18, 2, 21
2, 330218, 25001536, 26221289
1, 144204, 25553786, 26774221
19, 2, 21
2, 162946, 26221289, 26839051
1, 72104, 26774221, 27392035
20, 2, 21
2, 328776, 26839051, 28082439
1, 144204, 27392035, 28634712
21, 2, 21
2, 449904, 28082439, 29387519
1, 144204, 28634712, 29940530
22, 2, 21
2, 259560, 29387519, 30027789
1, 72104, 29940530, 30579394
23, 2, 21
2, 124012, 30027789, 30334363
1, 36054, 30579394, 30887320
24, 2, 21
2, 347522, 30334363, 31551878
1, 144204, 30887320, 32104790
25, 2, 21
2, 162946, 31551878, 32164265
1, 72104, 32104790, 32716637
26, 2, 21
2, 82194, 32164265, 32470023
1, 36054, 32716637, 33022224
27, 2, 21
2, 237930, 32470023, 34328860
1, 144204, 33022224, 34881805
28, 2, 21
2, 72100, 34328860, 35278810
1, 72104, 34881805, 35831824
29, 2, 21
2, 111034, 35278810, 35585661
1, 36054, 35831824, 36138679
30, 2, 21
2, 80752, 35585661, 35756492
1, 18750, 36138679, 36309300
31, 2, 21
2, 34608, 35756492, 35841199
1, 10098, 36309300, 36394258
32, 2, 21
2, 7210, 35841199, 35889501
1, 5772, 36394258, 36442530
33, 2, 21
2, 562380, 35889501, 37374770
1, 144204, 36442530, 37927804
34, 2, 21
2, 263886, 37374770, 38027129
1, 72104, 37927804, 38579827
35, 2, 21
2, 138432, 38027129, 38355208
1, 36054, 38579827, 38907168
36, 2, 21
2, 149968, 38355208, 39804183
1, 144204, 38907168, 40357165
37, 2, 21
2, 72100, 39804183, 40425284
1, 72104, 40357165, 40978279
38, 2, 21
2, 530656, 40425284, 41869515
1, 144204, 40978279, 42422177
39, 2, 21
2, 268212, 41869515, 42537694
1, 72104, 42422177, 43090570
40, 2, 21
2, 135548, 42537694, 42850194
1, 36054, 43090570, 43403121
41, 2, 21
2, 72100, 42850194, 43011014
1, 18750, 43403121, 43563926
42, 2, 21
2, 327334, 43011014, 44410635
1, 144204, 43563926, 44963540
43, 2, 21
2, 72100, 44410635, 45361582
1, 72104, 44963540, 45914590
44, 2, 21
2, 36050, 45361582, 45814575
1, 36054, 45914590, 46366908
45, 2, 21
2, 144200, 45814575, 47075420
1, 144204, 46366908, 47628308
46, 2, 21
2, 72100, 47075420, 47678631
1, 72104, 47628308, 48231598
47, 2, 21
2, 144200, 47678631, 49268012
1, 144204, 48231598, 49820481
48, 2, 21
2, 144200, 49268012, 50931727
1, 144204, 49820481, 51484757
49, 2, 21
2, 144200, 50931727, 52151722
1, 144204, 51484757, 52704743
50, 2, 21
2, 72100, 52151722, 52762773
1, 72104, 52704743, 53315083
51, 2, 21
2, 359058, 52762773, 54000233
1, 144204, 53315083, 54552613
52, 2, 21
2, 295610, 54000233, 54604889
1, 72104, 54552613, 55157278
53, 2, 21
2, 147084, 54604889, 54911393
1, 36054, 55157278, 55463835
54, 2, 21
2, 571032, 54911393, 56144970
1, 144204, 55463835, 56697139
55, 2, 21
2, 553728, 56144970, 57356431
1, 144204, 56697139, 57909306
56, 2, 21
2, 485954, 57356431, 58583999
1, 144204, 57909306, 59134765
57, 2, 21
2, 144200, 58583999, 59888963
1, 144204, 59134765, 60442028
58, 2, 21
2, 72100, 59888963, 60532582
1, 72104, 60442028, 61085565
59, 2, 21
2, 144200, 60532582, 61784092
1, 144204, 61085565, 62337348
60, 2, 21
2, 144200, 61784092, 63146451
1, 144204, 62337348, 63699407
61, 2, 21
2, 144200, 63146451, 64475519
1, 144204, 63699407, 65028720
