0, 2, 21
2, 54796, 5480112, 6040071
1, 54796, 6032383, 6591746
1, 2, 21
2, 53354, 6040071, 6542848
1, 53354, 6591746, 7094379
2, 1, 21
1, 56238, 7094379, 7594442
3, 1, 21
2, 57705, 6542848, 7054758
4, 1, 21
1, 54796, 7594442, 8098989
5, 1, 21
2, 54821, 7054758, 7558741
6, 1, 21
1, 56238, 8098989, 8609613
7, 1, 21
2, 56263, 7558741, 8069300
8, 2, 21
2, 56238, 8069300, 8569443
1, 57680, 8609613, 9121538
9, 2, 21
2, 56238, 8569443, 9073696
1, 56238, 9121538, 9625765
10, 2, 21
2, 46144, 9073696, 15610728
1, 46144, 9625765, 16162613
11, 2, 21
2, 54796, 15610728, 16116687
1, 54796, 16162613, 16668803
12, 2, 21
2, 59122, 16116687, 16619382
1, 59122, 16668803, 17171503
13, 2, 21
2, 57680, 16619382, 17133833
1, 57680, 17171503, 17684018
14, 1, 21
2, 74984, 17133833, 17640566
15, 1, 21
1, 56238, 17684018, 18193330
16, 1, 21
3, 76426, 16956580, 17457129
17, 2, 21
2, 134156, 17640566, 18147264
1, 59122, 18193330, 18699326
18, 1, 21
3, 64890, 17457129, 17961234
19, 1, 21
2, 105291, 18147264, 18652226
20, 1, 21
1, 51912, 18699326, 19238314
21, 1, 21
3, 59122, 17961234, 18462915
22, 1, 21
2, 121178, 18652226, 19153391
23, 1, 21
1, 51912, 19238314, 19747155
24, 1, 21
3, 79310, 18462915, 18971999
25, 1, 21
2, 157228, 19153391, 19656926
26, 1, 21
1, 56238, 19747155, 20248536
27, 1, 21
4, 76426, 18389592, 18896621
28, 1, 21
3, 73542, 18971999, 19478869
29, 1, 21
2, 201955, 19656926, 20158925
30, 1, 21
1, 54796, 20248536, 20756286
31, 1, 21
4, 79310, 18896621, 19402632
32, 1, 21
3, 74984, 19478869, 19983508
33, 1, 21
2, 207723, 20158925, 20663007
34, 1, 21
1, 56238, 20756286, 21257235
35, 1, 21
4, 63448, 19402632, 19904040
36, 1, 21
3, 64890, 19983508, 20497318
37, 1, 21
2, 163021, 20663007, 21173336
38, 1, 21
1, 51912, 21257235, 21772629
39, 1, 21
4, 49028, 19904040, 20426485
40, 1, 21
3, 50470, 20497318, 21005159
41, 1, 21
2, 151485, 21173336, 21679731
42, 1, 21
1, 41818, 21772629, 22273539
43, 1, 21
4, 77868, 20426485, 20937350
44, 1, 21
3, 67774, 21005159, 21514108
45, 1, 21
2, 206281, 21679731, 22182042
46, 1, 21
1, 59122, 22273539, 22784810
47, 1, 21
4, 74984, 20937350, 21440323
48, 1, 21
3, 74984, 21514108, 22022795
49, 1, 21
2, 193303, 22182042, 22682951
50, 1, 21
1, 56238, 22784810, 23285872
51, 1, 21
4, 59122, 21440323, 21944510
52, 1, 21
2, 102432, 22682951, 23187014
53, 1, 21
1, 43260, 23285872, 23791483
54, 1, 21
4, 59122, 21944510, 22471076
55, 1, 21
2, 95222, 23187014, 23687944
56, 1, 21
1, 43260, 23791483, 24310560
57, 1, 21
4, 57680, 22471076, 22971375
58, 1, 21
2, 106758, 23687944, 24189278
59, 1, 21
1, 49028, 24310560, 24820143
60, 1, 21
4, 73542, 22971375, 23471717
61, 1, 21
2, 128388, 24189278, 24691032
62, 1, 21
1, 54796, 24820143, 25321912
63, 1, 21
4, 73542, 23471717, 23978085
64, 1, 21
2, 131272, 24691032, 25191676
65, 1, 21
1, 60564, 25321912, 25829272
66, 1, 21
4, 73542, 23978085, 24481650
67, 1, 21
2, 132714, 25191676, 25696644
68, 1, 21
1, 59122, 25829272, 26334360
69, 1, 21
4, 77868, 24481650, 24982804
70, 1, 21
2, 139924, 25696644, 26204264
71, 1, 21
1, 60564, 26334360, 26844429
72, 1, 21
4, 76426, 24982804, 25492333
73, 1, 21
2, 134156, 26204264, 26709425
74, 1, 21
1, 59122, 26844429, 27352385
75, 1, 21
4, 72100, 25492333, 25996897
76, 1, 21
2, 129830, 26709425, 27211197
77, 1, 21
1, 57680, 27352385, 27859229
78, 1, 21
4, 76426, 25996897, 26501844
79, 1, 21
2, 134156, 27211197, 27711425
80, 1, 21
1, 59122, 27859229, 28362905
81, 1, 21
4, 73542, 26501844, 27002858
82, 1, 21
2, 131272, 27711425, 28219911
83, 1, 21
1, 59122, 28362905, 28868637
84, 1, 21
3, 1442, 22022795, 27959306
85, 1, 21
4, 70658, 27002858, 27510538
86, 1, 21
2, 155811, 28219911, 28720642
87, 1, 21
1, 57680, 28868637, 29376116
88, 1, 21
3, 59122, 27959306, 28470600
89, 1, 21
4, 64890, 27510538, 28016503
90, 1, 21
2, 175999, 28720642, 29222282
91, 1, 21
1, 51912, 29376116, 29880285
92, 1, 21
3, 72100, 28470600, 28973216
93, 1, 21
4, 72100, 28016503, 28524738
94, 1, 21
2, 197629, 29222282, 29722742
95, 1, 21
1, 56238, 29880285, 30382969
96, 1, 21
3, 70658, 28973216, 29482859
97, 1, 21
4, 73542, 28524738, 29031878
98, 1, 21
2, 203397, 29722742, 30224352
99, 1, 21
1, 59122, 30382969, 30886233
100, 1, 21
3, 70658, 29482859, 29983116
101, 1, 21
2, 178858, 30224352, 30732784
102, 1, 21
1, 60564, 30886233, 31395112
103, 1, 21
3, 74984, 29983116, 30488270
104, 1, 21
2, 134156, 30732784, 31232973
105, 1, 21
1, 60564, 31395112, 31905741
106, 1, 21
3, 74984, 30488270, 30993063
107, 1, 21
2, 132714, 31232973, 31733347
108, 1, 21
1, 59122, 31905741, 32407295
109, 1, 21
3, 74984, 30993063, 31500420
110, 1, 21
2, 134156, 31733347, 32237267
111, 1, 21
1, 59122, 32407295, 32910336
112, 1, 21
3, 73542, 31500420, 32002889
113, 1, 21
2, 135598, 32237267, 32742677
114, 1, 21
1, 57680, 32910336, 33411800
115, 1, 21
3, 64890, 32002889, 32507279
116, 1, 21
2, 115410, 32742677, 33249296
117, 1, 21
1, 46144, 33411800, 33940260
118, 1, 21
2, 36075, 33249296, 33763709
119, 1, 21
1, 21630, 33940260, 34451576
120, 1, 21
2, 31749, 33763709, 34266943
121, 1, 21
1, 34608, 34451576, 34953115
122, 1, 21
2, 36075, 34266943, 34775772
123, 1, 21
1, 37492, 34953115, 35504553
124, 1, 21
2, 44727, 34775772, 35287754
125, 1, 21
1, 53354, 35504553, 36010542
126, 1, 21
3, 41818, 32507279, 34965303
127, 1, 21
2, 144250, 35287754, 35788396
128, 1, 21
1, 57680, 36010542, 36513522
129, 1, 21
3, 164388, 34965303, 35524626
130, 1, 21
2, 177416, 35788396, 36291156
131, 1, 21
1, 34608, 36513522, 37020002
132, 1, 21
3, 96614, 35524626, 36039279
133, 1, 21
2, 144250, 36291156, 36793115
134, 1, 21
1, 54796, 37020002, 37527696
135, 1, 21
3, 170156, 36039279, 36542368
136, 1, 21
2, 236538, 36793115, 37295914
137, 1, 21
1, 57680, 37527696, 38033254
138, 1, 21
3, 158620, 36542368, 37042596
139, 1, 21
2, 201930, 37295914, 37797893
140, 1, 21
1, 56238, 38033254, 38541011
141, 1, 21
3, 141316, 37042596, 37542685
142, 1, 21
2, 188952, 37797893, 38299004
143, 1, 21
1, 57680, 38541011, 39055729
144, 1, 21
3, 144200, 37542685, 38045160
145, 1, 21
2, 158670, 38299004, 38800090
146, 1, 21
1, 49028, 39055729, 39557120
147, 1, 21
2, 47611, 38800090, 39305100
148, 1, 21
1, 44702, 39557120, 40060604
149, 1, 21
2, 50495, 39305100, 39815256
150, 1, 21
1, 57680, 40060604, 40563878
151, 1, 21
2, 59147, 39815256, 40320785
152, 1, 21
1, 54796, 40563878, 41069686
153, 1, 21
2, 43285, 40320785, 40822471
154, 1, 21
3, 7210, 38045160, 40285310
155, 1, 21
1, 38934, 41069686, 41573510
156, 1, 21
2, 177416, 40822471, 41323089
157, 1, 21
3, 134106, 40285310, 40786917
158, 1, 21
1, 59122, 41573510, 42079743
159, 1, 21
2, 217792, 41323089, 41826477
160, 1, 21
3, 160062, 40786917, 41287227
161, 1, 21
1, 59122, 42079743, 42587359
162, 1, 21
2, 220676, 41826477, 42329627
163, 1, 21
3, 165830, 41287227, 41788123
164, 1, 21
1, 53354, 42587359, 43096308
165, 1, 21
2, 194720, 42329627, 42830742
166, 1, 21
3, 136990, 41788123, 42290899
167, 1, 21
1, 59122, 43096308, 43605067
168, 1, 21
2, 220676, 42830742, 43332777
169, 1, 21
3, 165830, 42290899, 42794607
170, 1, 21
1, 53354, 43605067, 44107535
171, 1, 21
2, 209140, 43332777, 43839483
172, 1, 21
1, 47586, 44107535, 44617635
173, 1, 21
2, 54821, 43839483, 44342584
174, 1, 21
1, 51912, 44617635, 45195663
175, 1, 21
2, 37517, 44342584, 44844692
176, 1, 21
1, 43260, 45195663, 45718076
177, 1, 21
2, 40401, 44844692, 45383721
178, 1, 21
1, 34608, 45718076, 46218531
179, 1, 21
2, 46169, 45383721, 45887717
180, 1, 21
1, 57680, 46218531, 46727813
181, 1, 21
2, 57705, 45887717, 46395766
182, 1, 21
1, 57680, 46727813, 47231714
183, 1, 21
2, 59147, 46395766, 46899698
184, 1, 21
1, 59122, 47231714, 47738797
185, 1, 21
2, 59147, 46899698, 47402885
186, 1, 21
1, 60564, 47738797, 48249291
187, 1, 21
2, 54821, 47402885, 47905009
188, 1, 21
1, 47586, 48249291, 48750141
189, 1, 21
2, 44727, 47905009, 48414805
190, 1, 21
1, 40376, 48750141, 49259514
191, 1, 21
2, 43285, 48414805, 48917083
192, 1, 21
1, 47586, 49259514, 49764018
193, 1, 21
2, 40401, 48917083, 49422881
194, 1, 21
1, 33166, 49764018, 50269926
195, 1, 21
2, 41843, 49422881, 49927799
196, 1, 21
1, 43260, 50269926, 50781467
197, 1, 21
2, 38959, 49927799, 50431613
198, 1, 21
1, 51912, 50781467, 51288562
199, 1, 21
2, 57705, 50431613, 50932917
200, 1, 21
1, 59122, 51288562, 51788613
201, 1, 21
2, 60589, 50932917, 51441110
202, 1, 21
1, 60564, 51788613, 52298642
203, 1, 21
2, 59147, 51441110, 51945174
204, 1, 21
1, 59122, 52298642, 52801606
205, 1, 21
2, 60589, 51945174, 52455970
206, 1, 21
1, 59122, 52801606, 53305565
207, 1, 21
2, 59147, 52455970, 52962674
208, 1, 21
1, 59122, 53305565, 53810906
209, 1, 21
2, 59147, 52962674, 53473105
210, 1, 21
3, 155736, 42794607, 53044010
211, 1, 21
1, 59122, 53810906, 54319435
212, 1, 21
2, 181742, 53473105, 53973797
213, 1, 21
3, 165830, 53044010, 53545253
214, 1, 21
1, 60564, 54319435, 54829386
215, 1, 21
2, 229328, 53973797, 54474129
216, 1, 21
3, 177366, 53545253, 54048156
217, 1, 21
1, 60564, 54829386, 55340150
218, 1, 21
2, 243748, 54474129, 54975241
219, 1, 21
3, 186018, 54048156, 54552422
220, 1, 21
1, 60564, 55340150, 55850531
221, 1, 21
2, 235096, 54975241, 55477589
222, 1, 21
3, 171598, 54552422, 55053388
223, 1, 21
1, 57680, 55850531, 56357580
224, 1, 21
2, 230770, 55477589, 55979669
225, 1, 21
3, 174482, 55053388, 55556684
226, 1, 21
1, 60564, 56357580, 56863749
227, 1, 21
2, 235096, 55979669, 56480647
228, 1, 21
3, 174482, 55556684, 56058349
229, 1, 21
1, 60564, 56863749, 57372175
230, 1, 21
2, 230770, 56480647, 56982638
231, 1, 21
3, 171598, 56058349, 56561239
232, 1, 21
1, 60564, 57372175, 57881810
233, 1, 21
2, 227886, 56982638, 57483978
234, 1, 21
3, 167272, 56561239, 57064146
235, 1, 21
1, 59122, 57881810, 58385568
236, 1, 21
2, 223560, 57483978, 57984713
237, 1, 21
3, 164388, 57064146, 57564795
238, 1, 21
1, 60564, 58385568, 58889954
239, 1, 21
2, 235096, 57984713, 58486492
240, 1, 21
1, 56238, 58889954, 59398335
241, 1, 21
2, 102407, 58486492, 58992852
242, 1, 21
1, 54796, 59398335, 59906239
243, 1, 21
2, 54821, 58992852, 59495297
244, 1, 21
1, 56238, 59906239, 60406840
245, 1, 21
2, 56263, 59495297, 59998788
246, 1, 21
1, 56238, 60406840, 60907632
247, 1, 21
2, 57705, 59998788, 60507349
248, 1, 21
1, 57680, 60907632, 61410226
249, 1, 21
2, 57705, 60507349, 61007578
250, 1, 21
1, 59122, 61410226, 61921315
251, 1, 21
2, 59147, 61007578, 61517138
252, 1, 21
1, 57680, 61921315, 62428164
253, 1, 21
2, 54821, 61517138, 62018918
254, 1, 21
1, 53354, 62428164, 62937734
255, 1, 21
2, 54821, 62018918, 62529580
256, 1, 21
1, 53354, 62937734, 63446210
257, 1, 21
2, 53379, 62529580, 63042106
258, 1, 21
1, 53354, 63446210, 63950456
259, 1, 21
2, 53379, 63042106, 63544760
260, 1, 21
1, 54796, 63950456, 64450634
261, 1, 21
2, 56263, 63544760, 64054280
262, 1, 21
1, 54796, 64450634, 64951337
263, 1, 21
2, 56263, 64054280, 64556494
264, 1, 21
1, 56238, 64951337, 65454350
265, 1, 21
2, 56263, 64556494, 65066266
266, 1, 21
1, 56238, 65454350, 65959108
267, 1, 21
2, 54821, 65066266, 65568564
