0, 2, 21
2, 27398, 5598205, 5854908
1, 27398, 6142954, 6397443
1, 2, 21
2, 28840, 5854908, 6172416
1, 28840, 6397443, 6716409
2, 2, 21
2, 25956, 6172416, 6432338
1, 25956, 6716409, 6977082
3, 2, 21
2, 28840, 6432338, 6684805
1, 28840, 6977082, 7229634
4, 2, 21
2, 36050, 6684805, 7004017
1, 36050, 7229634, 7548841
5, 2, 21
2, 43260, 7004017, 7399353
1, 43260, 7548841, 7943167
6, 2, 21
2, 27398, 7399353, 7650954
1, 27398, 7943167, 8194898
7, 1, 21
2, 27398, 7650954, 7903369
8, 1, 21
1, 43260, 8194898, 8587524
9, 1, 21
2, 28865, 7903369, 8160622
10, 1, 21
2, 44702, 8160622, 8562271
11, 1, 21
1, 69216, 8587524, 9208030
12, 1, 21
2, 69241, 8562271, 9180525
13, 2, 21
2, 47586, 9180525, 15730707
1, 105266, 9208030, 16275017
14, 2, 21
2, 27398, 15730707, 15987575
1, 27398, 16275017, 16532001
15, 2, 21
2, 36050, 15987575, 16314850
1, 36050, 16532001, 16858899
16, 2, 21
2, 30282, 16314850, 16568286
1, 30282, 16858899, 17112503
17, 2, 21
2, 37492, 16568286, 16888988
1, 37492, 17112503, 17433684
18, 2, 21
2, 54796, 16888988, 17384201
1, 54796, 17433684, 17928917
19, 1, 21
2, 77868, 17384201, 17777836
20, 1, 21
3, 38934, 17009372, 17260084
21, 1, 21
2, 67799, 17777836, 18032959
22, 1, 21
3, 47586, 17260084, 17575487
23, 1, 21
2, 80777, 18032959, 18348422
24, 1, 21
3, 36050, 17575487, 17834057
25, 1, 21
3, 21630, 17834057, 18090940
26, 1, 21
2, 80802, 18348422, 18743923
27, 1, 21
1, 152852, 17928917, 19358606
28, 1, 21
3, 30282, 18090940, 18344848
29, 1, 21
2, 51962, 18743923, 18995099
30, 1, 21
1, 24514, 19358606, 19614130
31, 1, 21
3, 40376, 18344848, 18601055
32, 1, 21
2, 67824, 18995099, 19245427
33, 1, 21
1, 27398, 19614130, 19869083
34, 1, 21
3, 49028, 18601055, 18914396
35, 1, 21
2, 66382, 19245427, 19496863
36, 1, 21
1, 34608, 19869083, 20183248
37, 1, 21
2, 118269, 19496863, 19815479
38, 1, 21
4, 37492, 18487509, 18741486
39, 1, 21
3, 60564, 18914396, 19311697
40, 1, 21
1, 44702, 20183248, 20578810
41, 1, 21
2, 98131, 19815479, 20070549
42, 1, 21
4, 33166, 18741486, 18998923
43, 1, 21
3, 36050, 19311697, 19566313
44, 1, 21
4, 37492, 18998923, 19255882
45, 1, 21
1, 34608, 20578810, 20913274
46, 1, 21
2, 126996, 20070549, 20389766
47, 1, 21
3, 59122, 19566313, 19965474
48, 1, 21
4, 36050, 19255882, 19510823
49, 1, 21
1, 28840, 20913274, 21170321
50, 1, 21
2, 151485, 20389766, 20782957
51, 1, 21
4, 34608, 19510823, 19764380
52, 1, 21
1, 25956, 21170321, 21433625
53, 1, 21
3, 60564, 19965474, 20390105
54, 1, 21
2, 105341, 20782957, 21097335
55, 1, 21
4, 28840, 19764380, 20016274
56, 1, 21
3, 24514, 20390105, 20648198
57, 1, 21
1, 31724, 21433625, 21755940
58, 1, 21
2, 63523, 21097335, 21358934
59, 1, 21
4, 21630, 20016274, 20314745
60, 1, 21
3, 18746, 20648198, 20904300
61, 1, 21
1, 18746, 21755940, 22015294
62, 1, 21
2, 73617, 21358934, 21611459
63, 1, 21
4, 30282, 20314745, 20575354
64, 1, 21
3, 31724, 20904300, 21163120
65, 1, 21
1, 14420, 22015294, 22267363
66, 1, 21
2, 82269, 21611459, 21865714
67, 1, 21
3, 38934, 21163120, 21421272
68, 1, 21
4, 38934, 20575354, 20890019
69, 1, 21
1, 24514, 22267363, 22531217
70, 1, 21
2, 96689, 21865714, 22115761
71, 1, 21
4, 38934, 20890019, 21141166
72, 1, 21
3, 47586, 21421272, 21742888
73, 1, 21
1, 34608, 22531217, 22846564
74, 1, 21
2, 128413, 22115761, 22431168
75, 1, 21
4, 46144, 21141166, 21456045
76, 1, 21
1, 28840, 22846564, 23107067
77, 1, 21
2, 124062, 22431168, 22822309
78, 1, 21
1, 33166, 23107067, 23425476
79, 1, 21
4, 62006, 21456045, 21951283
80, 1, 21
2, 51962, 22822309, 23072672
81, 1, 21
4, 33166, 21951283, 22203756
82, 1, 21
2, 51937, 23072672, 23323624
83, 1, 21
1, 44702, 23425476, 23926659
84, 1, 21
4, 37492, 22203756, 22459043
85, 2, 21
2, 75034, 23323624, 23637642
1, 25956, 23926659, 24180172
86, 1, 21
4, 21630, 22459043, 22709844
87, 1, 21
1, 27398, 24180172, 24447528
88, 1, 21
2, 49078, 23637642, 23914719
89, 1, 21
4, 33166, 22709844, 23023602
90, 1, 21
1, 15862, 24447528, 24703276
91, 1, 21
2, 54846, 23914719, 24231311
92, 1, 21
4, 30282, 23023602, 23274313
93, 1, 21
1, 27398, 24703276, 25024691
94, 1, 21
2, 60614, 24231311, 24487831
95, 1, 21
4, 36050, 23274313, 23542592
96, 2, 21
2, 79335, 24487831, 24803475
1, 37492, 25024691, 25343944
97, 1, 21
4, 47586, 23542592, 23862990
98, 1, 21
1, 27398, 25343944, 25602426
99, 1, 21
2, 124062, 24803475, 25294384
100, 1, 21
1, 37492, 25602426, 25926374
101, 1, 21
4, 69216, 23862990, 24353191
102, 1, 21
1, 46144, 25926374, 26319759
103, 1, 21
1, 90846, 26319759, 27090265
104, 1, 21
1, 122570, 27090265, 28158860
105, 1, 21
2, 620185, 25294384, 27723223
106, 1, 21
1, 30282, 28158860, 28413832
107, 1, 21
2, 82219, 27723223, 28036138
108, 1, 21
1, 37492, 28413832, 28736150
109, 1, 21
2, 102407, 28036138, 28432947
110, 1, 21
3, 46144, 21742888, 27980984
111, 1, 21
1, 46144, 28736150, 29129117
112, 1, 21
2, 111084, 28432947, 28741842
113, 1, 21
3, 36050, 27980984, 28246944
114, 1, 21
4, 478744, 24353191, 27804559
115, 1, 21
2, 88012, 28741842, 28995842
116, 1, 21
3, 27398, 28246944, 28503240
117, 1, 21
4, 40376, 27804559, 28119825
118, 1, 21
2, 95222, 28995842, 29247085
119, 1, 21
3, 38934, 28503240, 28755336
120, 1, 21
1, 82194, 29129117, 29892678
121, 1, 21
4, 28840, 28119825, 28370253
122, 1, 21
3, 33166, 28755336, 29010521
123, 1, 21
2, 112576, 29247085, 29561951
124, 1, 21
1, 28840, 29892678, 30145713
125, 1, 21
4, 38934, 28370253, 28625040
126, 1, 21
3, 38934, 29010521, 29261799
127, 1, 21
2, 103899, 29561951, 29814493
128, 1, 21
1, 28840, 30145713, 30406184
129, 1, 21
4, 30282, 28625040, 28876564
130, 1, 21
3, 44702, 29261799, 29577176
131, 1, 21
2, 119761, 29814493, 30130307
132, 1, 21
1, 36050, 30406184, 30729516
133, 1, 21
4, 43260, 28876564, 29192698
134, 1, 21
3, 56238, 29577176, 29975712
135, 1, 21
2, 193303, 30130307, 30626443
136, 1, 21
4, 51912, 29192698, 29589113
137, 1, 21
1, 57680, 30729516, 31220707
138, 1, 21
2, 245190, 30626443, 31282184
139, 1, 21
3, 112476, 29975712, 30747901
140, 1, 21
2, 66357, 31282184, 31535860
141, 1, 21
3, 43260, 30747901, 31041677
142, 1, 21
2, 83661, 31535860, 31856573
143, 1, 21
3, 46144, 31041677, 31360196
144, 1, 21
2, 105291, 31856573, 32248170
145, 1, 21
3, 59122, 31360196, 31761405
146, 1, 21
3, 77868, 31761405, 32318132
147, 1, 21
2, 191836, 32248170, 33015972
148, 1, 21
3, 40376, 32318132, 32638517
149, 1, 21
1, 304262, 31220707, 33836755
150, 1, 21
2, 105316, 33015972, 33558658
151, 1, 21
1, 33166, 33836755, 34150580
152, 1, 21
2, 14445, 33558658, 33841661
153, 1, 21
1, 12978, 34150580, 34576992
154, 1, 21
2, 13003, 33841661, 34173208
155, 1, 21
1, 18746, 34576992, 34838198
156, 1, 21
2, 15887, 34173208, 34437304
157, 1, 21
1, 14420, 34838198, 35101253
158, 1, 21
2, 20213, 34437304, 34709781
159, 1, 21
1, 21630, 35101253, 35355291
160, 1, 21
2, 17329, 34709781, 34999908
161, 1, 21
1, 14420, 35355291, 35607363
162, 1, 21
2, 23097, 34999908, 35253544
163, 1, 21
1, 18746, 35607363, 35869004
164, 1, 21
3, 23072, 32638517, 34985165
165, 1, 21
2, 33216, 35253544, 35567174
166, 1, 21
1, 23072, 35869004, 36119700
167, 1, 21
3, 64890, 34985165, 35239568
168, 1, 21
2, 95222, 35567174, 35820404
169, 1, 21
1, 30282, 36119700, 36376288
170, 1, 21
3, 80752, 35239568, 35490775
171, 1, 21
2, 111084, 35820404, 36071292
172, 1, 21
1, 28840, 36376288, 36634604
173, 1, 21
3, 46144, 35490775, 35743283
174, 1, 21
2, 75034, 36071292, 36322792
175, 1, 21
1, 30282, 36634604, 36959849
176, 1, 21
3, 53354, 35743283, 36001114
177, 1, 21
2, 60614, 36322792, 36576280
178, 1, 21
1, 25956, 36959849, 37216939
179, 1, 21
3, 41818, 36001114, 36253044
180, 1, 21
2, 64940, 36576280, 36827478
181, 1, 21
1, 12978, 37216939, 37470832
182, 1, 21
3, 87962, 36253044, 36504880
183, 1, 21
2, 113968, 36827478, 37080159
184, 1, 21
1, 27398, 37470832, 37724862
185, 1, 21
2, 115385, 37080159, 37332782
186, 1, 21
3, 109592, 36504880, 36818771
187, 1, 21
1, 37492, 37724862, 38050773
188, 1, 21
2, 139924, 37332782, 37646784
189, 1, 21
3, 129780, 36818771, 37213142
190, 2, 21
2, 106733, 37646784, 37904376
1, 44702, 38050773, 38448408
191, 1, 21
3, 90846, 37213142, 37517802
192, 2, 21
2, 105291, 37904376, 38161870
1, 27398, 38448408, 38705261
193, 1, 21
3, 87962, 37517802, 37832209
194, 1, 21
2, 157203, 38161870, 38554933
195, 1, 21
1, 43260, 38705261, 39104739
196, 1, 21
3, 80752, 37832209, 38083213
197, 1, 21
2, 75034, 38554933, 38932025
198, 1, 21
1, 66332, 39104739, 39723772
199, 1, 21
2, 31749, 38932025, 39248800
200, 1, 21
1, 24514, 39723772, 39985871
201, 1, 21
2, 36075, 39248800, 39641647
202, 1, 21
1, 34608, 39985871, 40383045
203, 1, 21
1, 47586, 40383045, 40813898
204, 1, 21
2, 79360, 39641647, 40405588
205, 1, 21
1, 37492, 40813898, 41132110
206, 1, 21
3, 8652, 38083213, 40327638
207, 1, 21
2, 98106, 40405588, 40978229
208, 1, 21
1, 40376, 41132110, 41524964
209, 1, 21
3, 77868, 40327638, 40641577
210, 2, 21
2, 73592, 40978229, 41232053
1, 18746, 41524964, 41775385
211, 1, 21
2, 96614, 41232053, 41487788
212, 1, 21
3, 92288, 40641577, 40954844
213, 1, 21
1, 37492, 41775385, 42175255
214, 1, 21
2, 111084, 41487788, 41739519
215, 1, 21
3, 82194, 40954844, 41205349
216, 1, 21
1, 30282, 42175255, 42430944
217, 1, 21
2, 137040, 41739519, 42061298
218, 1, 21
3, 103824, 41205349, 41521087
219, 1, 21
1, 36050, 42430944, 42748115
220, 1, 21
2, 111084, 42061298, 42311961
221, 1, 21
3, 135548, 41521087, 42010980
222, 1, 21
2, 92313, 42311961, 42564588
223, 1, 21
1, 54796, 42748115, 43242592
224, 1, 21
3, 76426, 42010980, 42264413
225, 1, 21
2, 128388, 42564588, 42888283
226, 1, 21
1, 25956, 43242592, 43494948
227, 1, 21
3, 79310, 42264413, 42515601
228, 1, 21
1, 28840, 43494948, 43745531
229, 1, 21
3, 99498, 42515601, 42828209
230, 1, 21
2, 216400, 42888283, 43385962
231, 1, 21
1, 37492, 43745531, 44066579
232, 1, 21
3, 96614, 42828209, 43166547
233, 1, 21
2, 148576, 43385962, 43752758
234, 1, 21
1, 51912, 44066579, 44558825
235, 1, 21
2, 92313, 43752758, 44066710
236, 1, 21
1, 27398, 44558825, 44838169
237, 1, 21
2, 23097, 44066710, 44326626
238, 1, 21
1, 23072, 44838169, 45096285
239, 1, 21
2, 31749, 44326626, 44647021
240, 1, 21
1, 31724, 45096285, 45417190
241, 1, 21
2, 41843, 44647021, 45143691
242, 1, 21
1, 23072, 45417190, 45716124
243, 1, 21
1, 25956, 45716124, 46035306
244, 1, 21
1, 17304, 46035306, 46285531
245, 1, 21
1, 20188, 46285531, 46555993
246, 1, 21
2, 72200, 45143691, 46100716
247, 1, 21
1, 31724, 46555993, 46880015
248, 1, 21
2, 30307, 46100716, 46371931
249, 1, 21
1, 30282, 46880015, 47140023
250, 1, 21
2, 36075, 46371931, 46695051
251, 1, 21
1, 36050, 47140023, 47461272
252, 1, 21
2, 44727, 46695051, 47086495
253, 1, 21
1, 57680, 47461272, 47960320
254, 1, 21
2, 90871, 47086495, 47851282
255, 1, 21
1, 98056, 47960320, 48806602
256, 1, 21
2, 62031, 47851282, 48423336
257, 1, 21
1, 23072, 48806602, 49062374
258, 1, 21
2, 28865, 48423336, 48750620
259, 1, 21
1, 28840, 49062374, 49397068
260, 1, 21
2, 17329, 48750620, 49028662
261, 1, 21
1, 18746, 49397068, 49653070
262, 1, 21
2, 27423, 49028662, 49283999
263, 1, 21
1, 25956, 49653070, 49916067
264, 1, 21
2, 28865, 49283999, 49607350
265, 1, 21
1, 23072, 49916067, 50166639
266, 1, 21
1, 17304, 50166639, 50418618
267, 1, 21
2, 26006, 49607350, 49994214
268, 1, 21
1, 23072, 50418618, 50744457
269, 1, 21
2, 21655, 49994214, 50253325
270, 1, 21
1, 25956, 50744457, 51002027
271, 1, 21
2, 27423, 50253325, 50610526
272, 1, 21
1, 17304, 51002027, 51253580
273, 1, 21
1, 21630, 51253580, 51506835
274, 1, 21
2, 37542, 50610526, 51013249
275, 1, 21
1, 28840, 51506835, 51756995
276, 1, 21
2, 33191, 51013249, 51300412
277, 1, 21
1, 37492, 51756995, 52081101
278, 1, 21
2, 36075, 51300412, 51622207
279, 1, 21
2, 47586, 51622207, 52027203
280, 1, 21
1, 59122, 52081101, 52578209
281, 1, 21
2, 90871, 52027203, 52798569
282, 1, 21
3, 74984, 43166547, 53128630
283, 1, 21
2, 187485, 52798569, 53864078
284, 1, 21
3, 83636, 53128630, 53380204
285, 1, 21
2, 111059, 53864078, 54115161
286, 1, 21
3, 99498, 53380204, 53697219
287, 1, 21
2, 138457, 54115161, 54427747
288, 1, 21
3, 141316, 53697219, 54089963
289, 1, 21
2, 124037, 54427747, 54681663
290, 1, 21
3, 92288, 54089963, 54342309
291, 1, 21
2, 152877, 54681663, 54996497
292, 1, 21
3, 139874, 54342309, 54735797
293, 1, 21
2, 173065, 54996497, 55371962
294, 1, 21
3, 87962, 54735797, 54988926
295, 1, 21
2, 119711, 55371962, 55622329
296, 1, 21
3, 108150, 54988926, 55303792
297, 1, 21
2, 142783, 55622329, 55937563
298, 1, 21
2, 183134, 55937563, 56330947
299, 1, 21
3, 171598, 55303792, 55795315
300, 1, 21
2, 350431, 56330947, 57099520
301, 1, 21
2, 757050, 57099520, 58902864
302, 1, 21
2, 27398, 58902864, 59158209
303, 1, 21
2, 34608, 59158209, 59472400
304, 1, 21
2, 43260, 59472400, 59873226
305, 1, 21
2, 85078, 59873226, 60639726
306, 1, 21
1, 1150716, 52578209, 62581862
307, 1, 21
1, 70658, 62581862, 63250584
308, 1, 21
1, 27398, 63250584, 63507853
309, 1, 21
1, 33166, 63507853, 63824697
310, 1, 21
1, 41818, 63824697, 64222146
311, 1, 21
1, 82194, 64222146, 64987084
