0, 2, 21
2, 72100, 5581094, 6329270
1, 72104, 6151470, 6899277
1, 2, 21
2, 144200, 6329270, 7628415
1, 144204, 6899277, 8198237
2, 2, 21
2, 144200, 7628415, 8916246
1, 144204, 8198237, 9486348
3, 2, 21
2, 217742, 8916246, 16980147
1, 217746, 9486348, 17550068
4, 2, 21
2, 74984, 16980147, 17637876
1, 72104, 17550068, 18207662
5, 2, 21
2, 82194, 17637876, 17948891
1, 36054, 18207662, 18518282
6, 2, 21
2, 41818, 17948891, 18109102
1, 18750, 18518282, 18678898
7, 2, 21
2, 21630, 18109102, 18197226
1, 10098, 18678898, 18766664
8, 2, 21
2, 333102, 18197226, 19601986
1, 144204, 18766664, 20170962
9, 2, 21
2, 269654, 19601986, 20267449
1, 72104, 20170962, 20836662
10, 2, 21
2, 132664, 20267449, 20589144
1, 36054, 20836662, 21158843
11, 2, 21
2, 69216, 20589144, 20758671
1, 18750, 21158843, 21327476
12, 2, 21
2, 493164, 20758671, 22217045
1, 144204, 21327476, 22786182
13, 2, 21
2, 230720, 22217045, 22867316
1, 72104, 22786182, 23435733
14, 2, 21
2, 87962, 22867316, 23311465
1, 36054, 23435733, 23880149
15, 2, 21
2, 41818, 23311465, 23485870
1, 18750, 23880149, 24054172
16, 2, 21
2, 20188, 23485870, 23581327
1, 10098, 24054172, 24150865
17, 2, 21
2, 327334, 23581327, 25079919
1, 144204, 24150865, 25649606
18, 2, 21
2, 330218, 25079919, 26307515
1, 144204, 25649606, 26877389
19, 2, 21
2, 160062, 26307515, 26928076
1, 72104, 26877389, 27497980
20, 2, 21
2, 310030, 26928076, 28170092
1, 144204, 27497980, 28739918
21, 2, 21
2, 425390, 28170092, 29475369
1, 144204, 28739918, 30045388
22, 2, 21
2, 248024, 29475369, 30115206
1, 72104, 30045388, 30685139
23, 2, 21
2, 122570, 30115206, 30423636
1, 36054, 30685139, 30993580
24, 2, 21
2, 412412, 30423636, 31645808
1, 144204, 30993580, 32215224
25, 2, 21
2, 162946, 31645808, 32258574
1, 72104, 32215224, 32828167
26, 2, 21
2, 79310, 32258574, 32565038
1, 36054, 32828167, 33134426
27, 2, 21
2, 256676, 32565038, 34427849
1, 144204, 33134426, 34997644
28, 2, 21
2, 72100, 34427849, 35381293
1, 72104, 34997644, 35951238
29, 2, 21
2, 73542, 35381293, 35688480
1, 36054, 35951238, 36257901
30, 2, 21
2, 77868, 35688480, 35858180
1, 18750, 36257901, 36428198
31, 2, 21
2, 38934, 35858180, 35943434
1, 10098, 36428198, 36513540
32, 2, 21
2, 24514, 35943434, 35994215
1, 5772, 36513540, 36561846
33, 2, 21
2, 519120, 35994215, 37479759
1, 144204, 36561846, 38047810
34, 2, 21
2, 272538, 37479759, 38131058
1, 72104, 38047810, 38700028
35, 2, 21
2, 126896, 38131058, 38458562
1, 36054, 38700028, 39027300
36, 2, 21
2, 214858, 38458562, 39913315
1, 144204, 39027300, 40481639
37, 2, 21
2, 72100, 39913315, 40534963
1, 72104, 40481639, 41103832
38, 2, 21
2, 467208, 40534963, 41986091
1, 144204, 41103832, 42555720
39, 2, 21
2, 259560, 41986091, 42656413
1, 72104, 42555720, 43224856
40, 2, 21
2, 134106, 42656413, 42967406
1, 36054, 43224856, 43537428
41, 2, 21
2, 73542, 42967406, 43128901
1, 18750, 43537428, 43698176
42, 2, 21
2, 399434, 43128901, 44534103
1, 144204, 43698176, 45103402
43, 2, 21
2, 72100, 44534103, 45486823
1, 72104, 45103402, 46055846
44, 2, 21
2, 36050, 45486823, 45939119
1, 36054, 46055846, 46508382
45, 2, 21
2, 144200, 45939119, 47200447
1, 144204, 46508382, 47770337
46, 2, 21
2, 72100, 47200447, 47806355
1, 72104, 47770337, 48375037
47, 2, 21
2, 144200, 47806355, 49406074
1, 144204, 48375037, 49974705
48, 2, 21
2, 144200, 49406074, 51074491
1, 144204, 49974705, 51643303
49, 2, 21
2, 144200, 51074491, 52296908
1, 144204, 51643303, 52865702
50, 2, 21
2, 72100, 52296908, 52906921
1, 72104, 52865702, 53476650
51, 2, 21
2, 298494, 52906921, 54146146
1, 144204, 53476650, 54714945
52, 2, 21
2, 286958, 54146146, 54757724
1, 72104, 54714945, 55327473
53, 2, 21
2, 144200, 54757724, 55056821
1, 36054, 55327473, 55626816
54, 2, 21
2, 573916, 55056821, 56291416
1, 144204, 55626816, 56860809
55, 2, 21
2, 556612, 56291416, 57504117
1, 144204, 56860809, 58074048
56, 2, 21
2, 553728, 57504117, 58732368
1, 144204, 58074048, 59301608
57, 2, 21
2, 144200, 58732368, 60042539
1, 144204, 59301608, 60612085
58, 2, 21
2, 72100, 60042539, 60686541
1, 72104, 60612085, 61256371
59, 2, 21
2, 144200, 60686541, 61939787
1, 144204, 61256371, 62509620
60, 2, 21
2, 144200, 61939787, 63302893
1, 144204, 62509620, 63873087
61, 2, 21
2, 144200, 63302893, 64634611
1, 144204, 63873087, 65204537
