0, 2, 21
2, 27398, 5489949, 5745063
1, 27398, 6049967, 6304435
1, 2, 21
2, 27398, 5745063, 6051021
1, 27398, 6304435, 6610797
2, 2, 21
2, 25956, 6051021, 6313280
1, 25956, 6610797, 6872794
3, 2, 21
2, 28840, 6313280, 6566796
1, 28840, 6872794, 7126032
4, 2, 21
2, 28840, 6566796, 6823561
1, 28840, 7126032, 7383066
5, 2, 21
2, 28840, 6823561, 7080826
1, 28840, 7383066, 7640443
6, 2, 21
2, 27398, 7080826, 7332263
1, 27398, 7640443, 7891168
7, 1, 21
1, 27398, 7891168, 8141339
8, 1, 21
2, 28865, 7332263, 7593436
9, 1, 21
1, 27398, 8141339, 8394391
10, 1, 21
2, 27423, 7593436, 7846458
11, 1, 21
1, 28840, 8394391, 8652272
12, 1, 21
2, 28865, 7846458, 8106806
13, 1, 21
1, 28840, 8652272, 8911685
14, 1, 21
2, 28865, 8106806, 8367309
15, 1, 21
1, 28840, 8911685, 9164333
16, 1, 21
2, 30307, 8367309, 8628102
17, 1, 21
1, 28840, 9164333, 9425088
18, 1, 21
2, 28865, 8628102, 8889877
19, 1, 21
1, 28840, 9425088, 9684615
20, 1, 21
2, 28865, 8889877, 9154129
21, 1, 21
1, 27398, 9684615, 9938675
22, 1, 21
2, 28865, 9154129, 9414642
23, 2, 21
2, 10094, 9414642, 15622501
1, 14420, 9938675, 16181937
24, 2, 21
2, 27398, 15622501, 15879338
1, 27398, 16181937, 16439135
25, 2, 21
2, 27398, 15879338, 16129470
1, 27398, 16439135, 16689217
26, 2, 21
2, 30282, 16129470, 16385840
1, 30282, 16689217, 16945297
27, 2, 21
2, 30282, 16385840, 16646096
1, 30282, 16945297, 17205465
28, 2, 21
2, 28840, 16646096, 16898111
1, 28840, 17205465, 17457660
29, 2, 21
2, 28840, 16898111, 17162863
1, 28840, 17457660, 17722482
30, 2, 21
2, 27398, 17162863, 17419197
1, 27398, 17722482, 17978680
31, 1, 21
2, 49028, 17419197, 17669973
32, 1, 21
1, 30282, 17978680, 18240378
33, 1, 21
3, 38934, 16993797, 17244038
34, 1, 21
2, 66382, 17669973, 17921672
35, 1, 21
1, 30282, 18240378, 18501202
36, 1, 21
3, 38934, 17244038, 17500988
37, 1, 21
2, 66382, 17921672, 18174555
38, 1, 21
1, 30282, 18501202, 18759821
39, 1, 21
3, 36050, 17500988, 17756123
40, 1, 21
2, 64940, 18174555, 18426591
41, 1, 21
1, 30282, 18759821, 19020355
42, 1, 21
3, 28840, 17756123, 18064535
43, 1, 21
2, 38984, 18426591, 18677415
44, 1, 21
1, 18746, 19020355, 19277434
45, 1, 21
3, 30282, 18064535, 18320979
46, 1, 21
2, 54846, 18677415, 18928247
47, 1, 21
1, 24514, 19277434, 19532477
48, 1, 21
3, 40376, 18320979, 18577311
49, 1, 21
2, 67824, 18928247, 19184616
50, 1, 21
1, 27398, 19532477, 19790101
51, 1, 21
3, 38934, 18577311, 18827653
52, 1, 21
2, 67824, 19184616, 19437034
53, 1, 21
1, 28840, 19790101, 20045883
54, 1, 21
3, 40376, 18827653, 19085945
55, 1, 21
2, 96664, 19437034, 19693298
56, 1, 21
1, 27398, 20045883, 20301195
57, 1, 21
4, 40376, 18400084, 18654646
58, 1, 21
3, 37492, 19085945, 19336633
59, 1, 21
2, 99573, 19693298, 19945651
60, 1, 21
1, 28840, 20301195, 20555004
61, 1, 21
4, 36050, 18654646, 18907688
62, 1, 21
3, 36050, 19336633, 19592207
63, 1, 21
2, 102457, 19945651, 20197441
64, 1, 21
1, 25956, 20555004, 20816357
65, 1, 21
4, 40376, 18907688, 19164106
66, 1, 21
3, 37492, 19592207, 19846997
67, 1, 21
2, 102457, 20197441, 20447750
68, 1, 21
1, 28840, 20816357, 21080346
69, 1, 21
4, 38934, 19164106, 19416575
70, 1, 21
3, 38934, 19846997, 20103036
71, 1, 21
2, 105341, 20447750, 20701624
72, 1, 21
4, 37492, 19416575, 19667005
73, 1, 21
1, 28840, 21080346, 21339369
74, 1, 21
3, 37492, 20103036, 20356256
75, 1, 21
2, 95247, 20701624, 20951970
76, 1, 21
4, 25956, 19667005, 19917116
77, 1, 21
1, 28840, 21339369, 21594187
78, 1, 21
3, 24514, 20356256, 20620699
79, 1, 21
2, 63523, 20951970, 21207841
80, 1, 21
1, 21630, 21594187, 21848166
81, 1, 21
4, 18746, 19917116, 20180946
82, 1, 21
3, 18746, 20620699, 20881370
83, 1, 21
2, 69291, 21207841, 21459060
84, 1, 21
1, 18746, 21848166, 22104889
85, 1, 21
4, 30282, 20180946, 20441226
86, 1, 21
3, 28840, 20881370, 21134192
87, 1, 21
2, 85153, 21459060, 21710055
88, 1, 21
1, 24514, 22104889, 22359843
89, 1, 21
4, 38934, 20441226, 20692682
90, 1, 21
3, 30282, 21134192, 21394251
91, 1, 21
2, 92363, 21710055, 21961072
92, 1, 21
1, 30282, 22359843, 22619269
93, 1, 21
4, 38934, 20692682, 20952825
94, 1, 21
3, 36050, 21394251, 21645582
95, 1, 21
2, 101015, 21961072, 22213745
96, 1, 21
4, 37492, 20952825, 21204239
97, 1, 21
1, 28840, 22619269, 22877361
98, 1, 21
3, 36050, 21645582, 21895853
99, 1, 21
2, 102457, 22213745, 22469154
100, 1, 21
4, 37492, 21204239, 21456869
101, 1, 21
1, 27398, 22877361, 23129823
102, 1, 21
2, 96664, 22469154, 22725332
103, 1, 21
4, 25956, 21456869, 21710450
104, 1, 21
1, 28840, 23129823, 23381040
105, 1, 21
2, 46194, 22725332, 22983482
106, 1, 21
4, 33166, 21710450, 21967039
107, 1, 21
1, 18746, 23381040, 23633587
108, 1, 21
2, 57730, 22983482, 23238915
109, 1, 21
4, 34608, 21967039, 22220745
110, 1, 21
1, 24514, 23633587, 23893459
111, 1, 21
2, 54846, 23238915, 23496623
112, 1, 21
1, 27398, 23893459, 24143675
113, 1, 21
4, 23072, 22220745, 22481759
114, 1, 21
2, 41868, 23496623, 23747180
115, 1, 21
1, 14420, 24143675, 24399403
116, 1, 21
4, 28840, 22481759, 22738058
117, 1, 21
2, 46194, 23747180, 24002654
118, 1, 21
1, 23072, 24399403, 24650800
119, 1, 21
4, 25956, 22738058, 22993769
120, 1, 21
2, 59172, 24002654, 24256890
121, 1, 21
1, 24514, 24650800, 24901322
122, 1, 21
4, 38934, 22993769, 23250572
123, 1, 21
2, 63498, 24256890, 24507691
124, 1, 21
1, 27398, 24901322, 25160326
125, 1, 21
4, 36050, 23250572, 23504782
126, 1, 21
2, 60614, 24507691, 24759392
127, 1, 21
1, 27398, 25160326, 25421714
128, 1, 21
4, 37492, 23504782, 23760893
129, 1, 21
2, 62056, 24759392, 25013594
130, 1, 21
1, 28840, 25421714, 25672415
131, 1, 21
4, 34608, 23760893, 24019885
132, 1, 21
2, 66382, 25013594, 25270446
133, 1, 21
1, 30282, 25672415, 25928822
134, 1, 21
4, 36050, 24019885, 24274225
135, 1, 21
2, 64940, 25270446, 25523749
136, 1, 21
1, 28840, 25928822, 26180454
137, 1, 21
4, 37492, 24274225, 24526515
138, 1, 21
2, 67824, 25523749, 25777900
139, 1, 21
1, 30282, 26180454, 26440593
140, 1, 21
4, 38934, 24526515, 24783480
141, 1, 21
2, 69266, 25777900, 26028065
142, 1, 21
1, 30282, 26440593, 26699090
143, 1, 21
4, 40376, 24783480, 25037634
144, 1, 21
2, 69266, 26028065, 26284935
145, 1, 21
1, 30282, 26699090, 26956472
146, 1, 21
4, 37492, 25037634, 25295038
147, 1, 21
2, 66382, 26284935, 26543567
148, 1, 21
1, 28840, 26956472, 27209044
149, 1, 21
4, 36050, 25295038, 25545892
150, 1, 21
2, 66382, 26543567, 26797223
151, 1, 21
1, 30282, 27209044, 27469443
152, 1, 21
4, 36050, 25545892, 25802412
153, 1, 21
2, 63498, 26797223, 27051451
154, 1, 21
4, 34608, 25802412, 26059365
155, 1, 21
1, 30282, 27469443, 27738265
156, 1, 21
2, 63498, 27051451, 27304526
157, 1, 21
4, 37492, 26059365, 26311384
158, 1, 21
1, 28840, 27738265, 27992326
159, 1, 21
2, 66382, 27304526, 27555496
160, 1, 21
4, 37492, 26311384, 26562977
161, 1, 21
1, 30282, 27992326, 28252095
162, 1, 21
2, 67824, 27555496, 27806336
163, 1, 21
4, 37492, 26562977, 26820364
164, 1, 21
1, 30282, 28252095, 28512101
165, 1, 21
2, 66382, 27806336, 28061641
166, 1, 21
4, 38934, 26820364, 27079511
167, 1, 21
1, 30282, 28512101, 28772161
168, 1, 21
2, 64940, 28061641, 28312882
169, 1, 21
4, 36050, 27079511, 27335877
170, 1, 21
1, 30282, 28772161, 29030871
171, 1, 21
2, 63498, 28312882, 28563579
172, 1, 21
3, 33166, 21895853, 28054037
173, 1, 21
4, 36050, 27335877, 27592876
174, 1, 21
1, 30282, 29030871, 29291607
175, 1, 21
2, 96689, 28563579, 28817784
176, 1, 21
3, 36050, 28054037, 28317247
177, 1, 21
4, 25956, 27592876, 27854755
178, 1, 21
1, 27398, 29291607, 29546514
179, 1, 21
2, 76501, 28817784, 29067878
180, 1, 21
3, 27398, 28317247, 28570036
181, 1, 21
4, 40376, 27854755, 28112982
182, 1, 21
1, 24514, 29546514, 29808955
183, 1, 21
2, 105341, 29067878, 29322708
184, 1, 21
3, 38934, 28570036, 28821372
185, 1, 21
4, 37492, 28112982, 28363339
186, 1, 21
1, 27398, 29808955, 30062199
187, 1, 21
2, 96689, 29322708, 29574036
188, 1, 21
3, 33166, 28821372, 29073819
189, 1, 21
4, 34608, 28363339, 28618723
190, 1, 21
1, 27398, 30062199, 30323436
191, 1, 21
2, 99573, 29574036, 29825828
192, 1, 21
3, 40376, 29073819, 29332809
193, 1, 21
4, 36050, 28618723, 28870460
194, 1, 21
1, 27398, 30323436, 30573447
195, 1, 21
2, 102457, 29825828, 30075915
196, 1, 21
3, 37492, 29332809, 29589463
197, 1, 21
4, 37492, 28870460, 29129336
198, 1, 21
1, 28840, 30573447, 30830206
199, 1, 21
2, 101015, 30075915, 30328107
200, 1, 21
3, 37492, 29589463, 29845147
201, 1, 21
4, 37492, 29129336, 29389574
202, 1, 21
1, 28840, 30830206, 31090305
203, 1, 21
2, 99573, 30328107, 30582650
204, 1, 21
3, 36050, 29845147, 30102492
205, 1, 21
1, 28840, 31090305, 31343907
206, 1, 21
2, 79360, 30582650, 30840745
207, 1, 21
3, 37492, 30102492, 30353315
208, 1, 21
1, 30282, 31343907, 31602172
209, 1, 21
2, 67824, 30840745, 31092033
210, 1, 21
3, 37492, 30353315, 30603946
211, 1, 21
1, 28840, 31602172, 31853631
212, 1, 21
2, 66382, 31092033, 31343605
213, 1, 21
3, 37492, 30603946, 30862623
214, 1, 21
1, 30282, 31853631, 32113043
215, 1, 21
2, 66382, 31343605, 31595033
216, 1, 21
3, 38934, 30862623, 31119442
217, 1, 21
1, 28840, 32113043, 32367264
218, 1, 21
2, 64940, 31595033, 31846315
219, 1, 21
3, 36050, 31119442, 31369715
220, 1, 21
1, 28840, 32367264, 32620062
221, 1, 21
2, 66382, 31846315, 32097181
222, 1, 21
3, 38934, 31369715, 31621052
223, 1, 21
1, 31724, 32620062, 32878899
224, 1, 21
2, 66382, 32097181, 32347295
225, 1, 21
3, 36050, 31621052, 31878656
226, 1, 21
1, 28840, 32878899, 33137319
227, 1, 21
2, 67824, 32347295, 32602301
228, 1, 21
3, 38934, 31878656, 32130807
229, 1, 21
1, 30282, 33137319, 33393608
230, 1, 21
2, 64940, 32602301, 32858658
231, 1, 21
3, 31724, 32130807, 32387480
232, 1, 21
1, 27398, 33393608, 33646845
233, 1, 21
2, 56288, 32858658, 33114571
234, 1, 21
3, 33166, 32387480, 32637769
235, 1, 21
1, 27398, 33646845, 33909386
236, 1, 21
2, 56288, 33114571, 33368519
237, 1, 21
3, 18746, 32637769, 32890854
238, 2, 21
2, 25981, 33368519, 33653742
1, 21630, 33909386, 34212667
239, 2, 21
2, 5768, 33653742, 33928898
1, 5768, 34212667, 34488358
240, 2, 21
2, 18746, 33928898, 34189658
1, 18746, 34488358, 34749185
241, 2, 21
2, 14420, 34189658, 34452479
1, 14420, 34749185, 35011990
242, 2, 21
2, 21630, 34452479, 34705821
1, 21630, 35011990, 35265521
243, 2, 21
2, 14420, 34705821, 34957532
1, 14420, 35265521, 35517264
244, 2, 21
2, 18746, 34957532, 35219198
1, 18746, 35517264, 35778323
245, 2, 21
2, 23072, 35219198, 35469809
1, 23072, 35778323, 36028711
246, 1, 21
3, 5768, 32890854, 34990957
247, 1, 21
2, 87987, 35469809, 35721202
248, 1, 21
1, 30282, 36028711, 36285073
249, 1, 21
3, 82194, 34990957, 35241365
250, 1, 21
2, 119736, 35721202, 35974543
251, 1, 21
1, 28840, 36285073, 36542693
252, 1, 21
3, 82194, 35241365, 35549078
253, 1, 21
2, 76476, 35974543, 36224713
254, 1, 21
1, 30282, 36542693, 36867131
255, 1, 21
3, 67774, 35549078, 35802824
256, 1, 21
2, 69266, 36224713, 36479560
257, 1, 21
1, 25956, 36867131, 37123820
258, 1, 21
3, 28840, 35802824, 36060249
259, 1, 21
2, 63498, 36479560, 36734913
260, 1, 21
1, 12978, 37123820, 37377470
261, 1, 21
3, 80752, 36060249, 36311469
262, 1, 21
2, 116852, 36734913, 36987641
263, 1, 21
1, 28840, 37377470, 37633239
264, 1, 21
3, 89404, 36311469, 36562030
265, 1, 21
2, 115410, 36987641, 37239030
266, 1, 21
1, 30282, 37633239, 37889772
267, 1, 21
3, 85078, 36562030, 36813294
268, 1, 21
2, 111084, 37239030, 37492917
269, 1, 21
1, 28840, 37889772, 38140938
270, 1, 21
3, 80752, 36813294, 37066393
271, 1, 21
2, 109642, 37492917, 37744388
272, 1, 21
1, 28840, 38140938, 38402845
273, 1, 21
3, 73542, 37066393, 37320217
274, 1, 21
2, 100990, 37744388, 37998772
275, 1, 21
1, 27398, 38402845, 38654556
276, 1, 21
3, 74984, 37320217, 37591851
277, 1, 21
2, 89454, 37998772, 38249208
278, 1, 21
1, 27398, 38654556, 38910607
279, 1, 21
3, 70658, 37591851, 37843407
280, 1, 21
2, 102432, 38249208, 38499370
281, 1, 21
1, 30282, 38910607, 39172968
282, 1, 21
2, 64915, 38499370, 38760916
283, 1, 21
1, 28840, 39172968, 39429254
284, 1, 21
2, 25981, 38760916, 39028414
285, 1, 21
1, 25956, 39429254, 39692717
286, 1, 21
2, 24539, 39028414, 39280661
287, 1, 21
1, 23072, 39692717, 39944599
288, 1, 21
2, 24539, 39280661, 39539972
289, 1, 21
1, 21630, 39944599, 40202892
290, 1, 21
2, 21655, 39539972, 39811946
291, 1, 21
1, 24514, 40202892, 40453030
292, 1, 21
2, 30307, 39811946, 40068003
293, 1, 21
1, 30282, 40453030, 40712206
294, 1, 21
2, 30307, 40068003, 40325101
295, 1, 21
1, 30282, 40712206, 40969659
296, 1, 21
2, 30307, 40325101, 40586913
297, 1, 21
1, 28840, 40969659, 41235528
298, 1, 21
3, 66332, 37843407, 40273823
299, 1, 21
2, 27448, 40586913, 40838824
300, 1, 21
1, 21630, 41235528, 41532597
301, 1, 21
2, 93755, 40838824, 41090095
302, 1, 21
3, 77868, 40273823, 40588633
303, 1, 21
1, 27398, 41532597, 41782628
304, 1, 21
2, 80802, 41090095, 41343305
305, 1, 21
3, 74984, 40588633, 40842697
306, 1, 21
1, 21630, 41782628, 42038217
307, 1, 21
2, 111084, 41343305, 41597471
308, 1, 21
3, 82194, 40842697, 41093554
309, 1, 21
1, 30282, 42038217, 42293982
310, 1, 21
2, 109642, 41597471, 41848206
311, 1, 21
3, 79310, 41093554, 41344268
312, 1, 21
1, 28840, 42293982, 42549616
313, 1, 21
2, 113968, 41848206, 42102673
314, 1, 21
3, 82194, 41344268, 41596767
315, 1, 21
1, 30282, 42549616, 42808983
316, 1, 21
2, 111084, 42102673, 42364918
317, 1, 21
3, 73542, 41596767, 41874954
318, 1, 21
1, 28840, 42808983, 43060470
319, 1, 21
2, 83686, 42364918, 42615434
320, 1, 21
3, 76426, 41874954, 42128796
321, 1, 21
1, 23072, 43060470, 43313985
322, 1, 21
2, 109642, 42615434, 42870313
323, 1, 21
3, 79310, 42128796, 42381637
324, 1, 21
1, 28840, 43313985, 43564327
325, 1, 21
2, 109642, 42870313, 43120846
326, 1, 21
3, 83636, 42381637, 42632991
327, 1, 21
1, 30282, 43564327, 43824267
328, 1, 21
2, 111084, 43120846, 43373743
329, 1, 21
3, 82194, 42632991, 42885982
330, 1, 21
1, 28840, 43824267, 44082875
331, 1, 21
2, 98106, 43373743, 43625815
332, 1, 21
3, 67774, 42885982, 43137721
333, 1, 21
1, 27398, 44082875, 44336133
334, 1, 21
2, 102432, 43625815, 43880112
335, 1, 21
1, 25956, 44336133, 44587042
336, 1, 21
2, 27423, 43880112, 44158848
337, 1, 21
1, 23072, 44587042, 44847146
338, 1, 21
2, 23097, 44158848, 44416470
339, 1, 21
1, 25956, 44847146, 45108675
340, 1, 21
2, 27423, 44416470, 44668465
341, 1, 21
1, 23072, 45108675, 45359176
342, 1, 21
2, 18771, 44668465, 44942425
343, 1, 21
1, 20188, 45359176, 45620405
344, 1, 21
2, 20213, 44942425, 45195870
345, 1, 21
1, 20188, 45620405, 45873184
346, 1, 21
2, 23097, 45195870, 45464807
347, 1, 21
1, 15862, 45873184, 46124909
348, 1, 21
2, 17329, 45464807, 45728157
349, 1, 21
1, 21630, 46124909, 46385828
350, 1, 21
2, 18771, 45728157, 45980786
351, 1, 21
1, 21630, 46385828, 46644219
352, 1, 21
2, 28865, 45980786, 46237224
353, 1, 21
1, 28840, 46644219, 46895064
354, 1, 21
2, 28865, 46237224, 46487577
355, 1, 21
1, 28840, 46895064, 47156982
356, 1, 21
2, 28865, 46487577, 46745029
357, 1, 21
1, 30282, 47156982, 47415361
358, 1, 21
2, 30307, 46745029, 47005621
359, 1, 21
1, 30282, 47415361, 47675198
360, 1, 21
2, 30307, 47005621, 47265434
361, 1, 21
1, 28840, 47675198, 47926999
362, 1, 21
2, 30307, 47265434, 47524490
363, 1, 21
1, 30282, 47926999, 48180753
364, 1, 21
2, 30307, 47524490, 47777032
365, 1, 21
1, 30282, 48180753, 48432939
366, 1, 21
2, 30307, 47777032, 48036376
367, 1, 21
1, 27398, 48432939, 48688358
368, 1, 21
2, 24539, 48036376, 48289059
369, 1, 21
1, 23072, 48688358, 48943746
370, 1, 21
2, 23097, 48289059, 48542130
371, 1, 21
1, 24514, 48943746, 49203467
372, 1, 21
2, 18771, 48542130, 48820530
373, 1, 21
1, 14420, 49203467, 49454055
374, 1, 21
2, 24539, 48820530, 49074731
375, 1, 21
1, 27398, 49454055, 49710885
376, 1, 21
2, 24539, 49074731, 49340225
377, 1, 21
1, 23072, 49710885, 49961020
378, 1, 21
2, 21655, 49340225, 49607987
379, 1, 21
1, 20188, 49961020, 50221189
380, 1, 21
2, 15887, 49607987, 49862423
381, 1, 21
1, 15862, 50221189, 50479996
382, 1, 21
2, 21655, 49862423, 50122094
383, 1, 21
1, 23072, 50479996, 50736733
384, 1, 21
2, 23097, 50122094, 50406115
385, 1, 21
1, 20188, 50736733, 50991328
386, 1, 21
2, 23097, 50406115, 50665916
387, 1, 21
1, 23072, 50991328, 51288036
388, 1, 21
2, 24539, 50665916, 50925093
389, 1, 21
1, 28840, 51288036, 51546124
390, 1, 21
2, 30307, 50925093, 51183496
391, 1, 21
1, 30282, 51546124, 51806467
392, 1, 21
2, 30307, 51183496, 51439450
393, 1, 21
1, 30282, 51806467, 52060470
394, 1, 21
2, 30307, 51439450, 51694446
395, 1, 21
1, 30282, 52060470, 52314481
396, 1, 21
2, 30307, 51694446, 51949412
397, 1, 21
1, 30282, 52314481, 52572613
398, 1, 21
2, 30307, 51949412, 52207446
399, 1, 21
1, 30282, 52572613, 52832337
400, 1, 21
2, 30307, 52207446, 52466900
401, 1, 21
1, 30282, 52832337, 53088430
402, 1, 21
2, 30307, 52466900, 52722965
403, 1, 21
1, 30282, 53088430, 53343229
404, 1, 21
2, 30307, 52722965, 52977172
405, 1, 21
1, 30282, 53343229, 53603972
406, 1, 21
2, 28865, 52977172, 53230733
407, 1, 21
1, 30282, 53603972, 53865066
408, 1, 21
2, 30307, 53230733, 53489014
409, 1, 21
1, 30282, 53865066, 54122635
410, 1, 21
3, 57680, 43137721, 53045133
411, 1, 21
2, 79360, 53489014, 53742980
412, 1, 21
1, 28840, 54122635, 54374233
413, 1, 21
3, 85078, 53045133, 53298043
414, 1, 21
2, 111084, 53742980, 53994370
415, 1, 21
1, 30282, 54374233, 54632781
416, 1, 21
3, 82194, 53298043, 53552137
417, 1, 21
2, 111084, 53994370, 54247068
418, 1, 21
1, 30282, 54632781, 54887571
419, 1, 21
3, 85078, 53552137, 53805362
420, 1, 21
2, 121178, 54247068, 54498861
421, 1, 21
1, 30282, 54887571, 55143016
422, 1, 21
3, 93730, 53805362, 54058651
423, 1, 21
2, 122620, 54498861, 54749204
424, 1, 21
1, 30282, 55143016, 55395994
425, 1, 21
3, 92288, 54058651, 54309680
426, 1, 21
2, 122620, 54749204, 55002015
427, 1, 21
1, 30282, 55395994, 55653620
428, 1, 21
3, 92288, 54309680, 54560476
429, 1, 21
2, 115410, 55002015, 55254154
430, 1, 21
1, 30282, 55653620, 55906583
431, 1, 21
3, 82194, 54560476, 54812898
432, 1, 21
2, 119736, 55254154, 55506483
433, 1, 21
1, 30282, 55906583, 56166308
434, 1, 21
3, 89404, 54812898, 55063764
435, 1, 21
2, 115410, 55506483, 55758001
436, 1, 21
1, 30282, 56166308, 56427191
437, 1, 21
3, 85078, 55063764, 55317718
438, 1, 21
2, 112526, 55758001, 56010571
439, 1, 21
3, 89404, 55317718, 55570519
440, 1, 21
1, 28840, 56427191, 56685594
441, 1, 21
2, 121178, 56010571, 56262388
442, 1, 21
3, 87962, 55570519, 55822596
443, 1, 21
1, 30282, 56685594, 56937703
444, 1, 21
2, 113968, 56262388, 56515152
445, 1, 21
3, 85078, 55822596, 56075580
446, 1, 21
1, 30282, 56937703, 57192845
447, 1, 21
2, 115410, 56515152, 56767588
448, 1, 21
3, 82194, 56075580, 56327652
449, 1, 21
1, 30282, 57192845, 57444146
450, 1, 21
2, 115410, 56767588, 57022003
451, 1, 21
3, 85078, 56327652, 56579373
452, 1, 21
1, 30282, 57444146, 57701376
453, 1, 21
2, 116852, 57022003, 57275105
454, 1, 21
3, 82194, 56579373, 56830998
455, 1, 21
1, 30282, 57701376, 57956315
456, 1, 21
2, 108200, 57275105, 57528493
457, 1, 21
3, 82194, 56830998, 57081308
458, 1, 21
1, 30282, 57956315, 58211791
459, 1, 21
2, 112526, 57528493, 57780780
460, 1, 21
3, 77868, 57081308, 57338085
461, 1, 21
1, 28840, 58211791, 58462075
462, 1, 21
2, 108200, 57780780, 58033499
463, 1, 21
3, 85078, 57338085, 57591483
464, 1, 21
1, 30282, 58462075, 58723070
465, 1, 21
2, 115410, 58033499, 58283807
466, 1, 21
3, 89404, 57591483, 57842330
467, 1, 21
1, 30282, 58723070, 58981549
468, 1, 21
2, 119736, 58283807, 58537229
469, 1, 21
3, 87962, 57842330, 58092828
470, 1, 21
1, 30282, 58981549, 59234916
471, 1, 21
2, 73592, 58537229, 58789577
472, 1, 21
1, 27398, 59234916, 59490845
473, 1, 21
2, 27423, 58789577, 59051062
474, 1, 21
1, 28840, 59490845, 59748359
475, 1, 21
2, 28865, 59051062, 59311348
476, 1, 21
1, 27398, 59748359, 60000397
477, 1, 21
2, 28865, 59311348, 59571273
478, 1, 21
1, 27398, 60000397, 60257489
479, 1, 21
2, 27423, 59571273, 59828928
480, 1, 21
1, 28840, 60257489, 60517053
481, 1, 21
2, 28865, 59828928, 60083836
482, 1, 21
1, 28840, 60517053, 60773849
483, 1, 21
2, 28865, 60083836, 60345700
484, 1, 21
1, 28840, 60773849, 61034756
485, 1, 21
2, 28865, 60345700, 60600815
486, 1, 21
1, 28840, 61034756, 61288655
487, 1, 21
2, 28865, 60600815, 60854750
488, 1, 21
1, 28840, 61288655, 61542990
489, 1, 21
2, 28865, 60854750, 61109460
490, 1, 21
1, 30282, 61542990, 61803838
491, 1, 21
2, 30307, 61109460, 61369446
492, 1, 21
1, 28840, 61803838, 62058052
493, 1, 21
2, 30307, 61369446, 61634536
494, 1, 21
1, 30282, 62058052, 62317069
495, 1, 21
2, 30307, 61634536, 61890864
496, 1, 21
1, 28840, 62317069, 62569170
497, 1, 21
2, 28865, 61890864, 62150192
498, 1, 21
1, 28840, 62569170, 62825697
499, 1, 21
2, 27423, 62150192, 62406716
500, 1, 21
1, 25956, 62825697, 63077509
501, 1, 21
2, 27423, 62406716, 62666676
502, 1, 21
1, 27398, 63077509, 63339134
503, 1, 21
2, 27423, 62666676, 62927456
504, 1, 21
1, 27398, 63339134, 63596538
505, 1, 21
2, 27423, 62927456, 63183943
506, 1, 21
1, 25956, 63596538, 63847861
507, 1, 21
2, 25981, 63183943, 63436464
508, 1, 21
1, 27398, 63847861, 64104817
509, 1, 21
2, 27423, 63436464, 63692955
510, 1, 21
1, 27398, 64104817, 64361049
511, 1, 21
2, 27423, 63692955, 63945048
512, 1, 21
1, 28840, 64361049, 64621987
513, 1, 21
2, 27423, 63945048, 64200711
514, 1, 21
1, 27398, 64621987, 64875693
515, 1, 21
2, 28865, 64200711, 64459470
516, 1, 21
1, 27398, 64875693, 65130451
517, 1, 21
2, 27423, 64459470, 64714928
518, 1, 21
1, 28840, 65130451, 65384343
519, 1, 21
2, 30307, 64714928, 64975913
520, 1, 21
1, 28840, 65384343, 65644632
521, 1, 21
2, 27423, 64975913, 65228786
522, 1, 21
1, 28840, 65644632, 65904595
523, 1, 21
2, 28865, 65228786, 65484666
524, 1, 21
1, 28840, 65904595, 66161396
525, 1, 21
2, 28865, 65484666, 65746102
526, 1, 21
1, 27398, 66161396, 66414364
527, 1, 21
2, 27423, 65746102, 65996996
