0, 2, 21
2, 752, 989237, 4607742, 6607441
1, 752, 989212, 5163165, 7163663
1, 2, 21
2, 752, 513377, 8608498, 9613227
1, 752, 1545824, 7163663, 10169464
2, 2, 21
2, 752, 4811979, 9613227, 19616465
1, 752, 4811954, 10169464, 20172392
3, 2, 21
2, 752, 4256809, 19616465, 28638434
1, 752, 4256784, 20172392, 29193925
4, 2, 21
2, 752, 956071, 28638434, 30642482
1, 752, 956046, 29193925, 31197947
5, 2, 21
2, 752, 3273365, 30642482, 37652499
1, 752, 3273340, 31197947, 38207142
6, 2, 21
2, 752, 1903465, 39652585, 43656417
1, 752, 2834972, 38207142, 44212177
7, 2, 21
2, 752, 5064329, 43656417, 53658139
1, 752, 5064304, 44212177, 54213861
8, 2, 21
2, 752, 4959063, 53658139, 63660044
1, 752, 4959038, 54213861, 64215980
