0, 2, 21
2, 752, 1442025, 4434616, 7816961
1, 752, 1442004, 5530152, 8912352
1, 2, 21
2, 752, 1442025, 7816961, 10581845
1, 752, 1442004, 8912352, 11676954
2, 2, 21
2, 752, 1442025, 10581845, 13460050
1, 752, 1442004, 11676954, 14555363
3, 2, 21
2, 752, 1442025, 13460050, 16846924
1, 752, 1442004, 14555363, 17942298
4, 2, 21
2, 752, 1442025, 16846924, 19702743
1, 752, 1442004, 17942298, 20797852
5, 2, 21
2, 752, 1442025, 19702743, 22788498
1, 752, 1442004, 20797852, 23882168
6, 2, 21
2, 752, 1442025, 22788498, 25803280
1, 752, 1442004, 23882168, 26898505
7, 2, 21
2, 752, 1442025, 25803280, 28900042
1, 752, 1442004, 26898505, 29995039
8, 2, 21
2, 752, 1442025, 28900042, 31879944
1, 752, 1442004, 29995039, 32975025
9, 2, 21
2, 752, 1442025, 31879944, 34991989
1, 752, 1442004, 32975025, 36086829
10, 2, 21
2, 752, 1442025, 34991989, 37967899
1, 752, 1442004, 36086829, 39062831
11, 2, 21
2, 752, 1442025, 37967899, 41096729
1, 752, 1442004, 39062831, 42191930
12, 2, 21
2, 752, 1442025, 41096729, 44134969
1, 752, 1442004, 42191930, 45230257
13, 2, 21
2, 752, 1442025, 44134969, 47500839
1, 752, 1442004, 45230257, 48596257
14, 2, 21
2, 752, 1442025, 47500839, 50408152
1, 752, 1442004, 48596257, 51503304
15, 2, 21
2, 752, 1442025, 50408152, 53412076
1, 752, 1442004, 51503304, 54507168
16, 2, 21
2, 752, 1442025, 53412076, 56350193
1, 752, 1442004, 54507168, 57445078
17, 2, 21
2, 752, 1442025, 56350193, 59396105
1, 752, 1442004, 57445078, 60491133
18, 2, 21
2, 752, 1442025, 59396105, 62409487
1, 752, 1442004, 60491133, 63504720
