0, 2, 21
2, 752, 1002215, 4732860, 6735285
1, 752, 1002190, 5144540, 7146934
1, 2, 21
2, 752, 980585, 6735285, 8735917
1, 752, 980560, 7146934, 9147269
2, 2, 21
2, 752, 908485, 8735917, 10736375
1, 752, 908460, 9147269, 11147623
3, 2, 21
2, 752, 1003657, 10736375, 12739317
1, 752, 1003632, 11147623, 13149615
4, 2, 21
2, 752, 931557, 12739317, 14738989
1, 752, 931532, 13149615, 15149954
5, 2, 21
2, 752, 995005, 14738989, 16740904
1, 752, 994980, 15149954, 17152447
6, 2, 21
2, 752, 954629, 16740904, 18743083
1, 752, 954604, 17152447, 19154351
7, 2, 21
2, 752, 816197, 18743083, 20744890
1, 752, 816172, 19154351, 21156130
8, 2, 21
2, 752, 922905, 20744890, 22748146
1, 752, 922880, 21156130, 23159036
9, 2, 21
2, 752, 819081, 22748146, 24751138
1, 752, 819056, 23159036, 25162014
10, 2, 21
2, 752, 997889, 24751138, 26752442
1, 752, 997864, 25162014, 27163989
11, 2, 21
2, 752, 1048359, 26752442, 28754158
1, 752, 1048334, 27163989, 29165450
12, 2, 21
2, 752, 970491, 28754158, 30754782
1, 752, 970466, 29165450, 31165679
13, 2, 21
2, 752, 883971, 30754782, 32755104
1, 752, 883946, 31165679, 33166214
14, 2, 21
2, 752, 960397, 32755104, 34757155
1, 752, 960372, 33166214, 35168622
15, 2, 21
2, 752, 980585, 34757155, 36758705
1, 752, 982002, 35168622, 37169821
16, 2, 21
2, 752, 993563, 36758705, 38758774
1, 752, 993538, 37169821, 39169903
17, 2, 21
2, 752, 1010867, 38758774, 40761643
1, 752, 1010842, 39169903, 41172594
18, 2, 21
2, 752, 982027, 40761643, 42762679
1, 752, 982002, 41172594, 43174007
19, 2, 21
2, 752, 960397, 42762679, 44763730
1, 752, 960372, 43174007, 45174996
20, 2, 21
2, 752, 982027, 44763730, 46766157
1, 752, 982002, 45174996, 47177432
21, 2, 21
2, 752, 1016635, 46766157, 48766944
1, 752, 1016610, 47177432, 49178252
22, 2, 21
2, 752, 992121, 48766944, 50769378
1, 752, 992096, 49178252, 51180629
23, 2, 21
2, 752, 971933, 50769378, 52770612
1, 752, 971908, 51180629, 53181678
24, 2, 21
2, 752, 987795, 52770612, 54770501
1, 752, 987770, 53181678, 55181815
25, 2, 21
2, 752, 982027, 54770501, 56770589
1, 752, 982002, 55181815, 57181966
26, 2, 21
2, 752, 987795, 56770589, 58772123
1, 752, 987770, 57181966, 59183552
27, 2, 21
2, 752, 928673, 58772123, 60774477
1, 752, 928648, 59183552, 61185273
28, 2, 21
2, 752, 954629, 60774477, 62776312
1, 752, 954604, 61185273, 63187746
