0, 2, 21
2, 211974, 5568546, 7574598
1, 211974, 6142277, 8148254
1, 2, 21
2, 223510, 7574598, 15701781
1, 223510, 8148254, 16275307
2, 1, 21
2, 246582, 15701781, 17705917
3, 1, 21
1, 224952, 16275307, 18282976
4, 1, 21
3, 278306, 16995012, 19001408
5, 1, 21
2, 510518, 17705917, 19708257
6, 1, 21
1, 213416, 18282976, 20289717
7, 1, 21
3, 266770, 19001408, 21005499
8, 1, 21
4, 265328, 18443699, 20452125
9, 1, 21
2, 721075, 19708257, 21712230
10, 1, 21
1, 207648, 20289717, 22291566
11, 1, 21
2, 592687, 21712230, 23735667
12, 1, 21
1, 200438, 22291566, 24328193
13, 1, 21
4, 312914, 20452125, 22971817
14, 1, 21
2, 494656, 23735667, 25743059
15, 1, 21
1, 216300, 24328193, 26328594
16, 1, 21
4, 297052, 22971817, 24972432
17, 1, 21
2, 520612, 25743059, 27744663
18, 1, 21
1, 233604, 26328594, 28335814
19, 1, 21
4, 282632, 24972432, 26975213
20, 1, 21
3, 142758, 21005499, 27963632
21, 1, 21
2, 654743, 27744663, 29750533
22, 1, 21
1, 223510, 28335814, 30340351
23, 1, 21
4, 265328, 26975213, 28980223
24, 1, 21
3, 279748, 27963632, 29964407
25, 1, 21
2, 820573, 29750533, 32251208
26, 1, 21
1, 289842, 30340351, 32849317
27, 1, 21
3, 295610, 29964407, 31968857
28, 1, 21
2, 311522, 32251208, 34252594
29, 1, 21
1, 168714, 32849317, 34912035
30, 1, 21
3, 102382, 31968857, 34908190
31, 1, 21
2, 398042, 34252594, 36258569
32, 1, 21
1, 181692, 34912035, 36920175
33, 1, 21
3, 572474, 34908190, 36908565
34, 1, 21
2, 791708, 36258569, 38261530
35, 1, 21
1, 209090, 36920175, 38922340
36, 1, 21
2, 285541, 38261530, 40266004
37, 1, 21
3, 310030, 36908565, 40147356
38, 1, 21
1, 253792, 38922340, 41438455
39, 1, 21
2, 676348, 40266004, 42267464
40, 1, 21
3, 595546, 40147356, 42147934
41, 1, 21
2, 661903, 42267464, 44277415
42, 1, 21
1, 412412, 41438455, 45389232
43, 1, 21
2, 175949, 44277415, 46282549
44, 1, 21
1, 188902, 45389232, 47395089
45, 1, 21
2, 223535, 46282549, 48284515
46, 1, 21
1, 204764, 47395089, 49396893
47, 1, 21
2, 162971, 48284515, 50286517
48, 1, 21
1, 171598, 49396893, 51403531
49, 1, 21
2, 282657, 50286517, 52790954
50, 1, 21
1, 237930, 51403531, 53414138
51, 1, 21
3, 323008, 42147934, 52904833
52, 1, 21
2, 693652, 52790954, 54791968
53, 1, 21
1, 235046, 53414138, 55418619
54, 1, 21
3, 697928, 52904833, 54908390
55, 1, 21
2, 907068, 54791968, 56792156
56, 1, 21
1, 295610, 55418619, 57925067
57, 1, 21
3, 661878, 54908390, 56911155
58, 1, 21
2, 888322, 56792156, 59296532
59, 1, 21
1, 444136, 57925067, 61832745
60, 1, 21
2, 224977, 59296532, 61298685
61, 1, 21
2, 217742, 61298685, 63299516
62, 1, 21
2, 275422, 63299516, 65810193
