0, 2, 21
2, 72100, 5665185, 6410785
1, 72104, 6245713, 6991067
1, 2, 21
2, 144200, 6410785, 7706564
1, 144204, 6991067, 8286784
2, 2, 21
2, 144200, 7706564, 8993023
1, 144204, 8286784, 9573275
3, 2, 21
2, 217742, 8993023, 17055175
1, 217746, 9573275, 17635619
4, 2, 21
2, 80752, 17055175, 17712267
1, 72104, 17635619, 18292770
5, 2, 21
2, 82194, 17712267, 18023168
1, 36054, 18292770, 18603675
6, 2, 21
2, 43260, 18023168, 18183882
1, 18750, 18603675, 18764428
7, 2, 21
2, 23072, 18183882, 18272461
1, 10098, 18764428, 18852531
8, 2, 21
2, 335986, 18272461, 19682706
1, 144204, 18852531, 20262402
9, 2, 21
2, 271096, 19682706, 20351569
1, 72104, 20262402, 20931670
10, 2, 21
2, 135548, 20351569, 20672907
1, 36054, 20931670, 21252930
11, 2, 21
2, 70658, 20672907, 20841078
1, 18750, 21252930, 21421176
12, 2, 21
2, 496048, 20841078, 22288602
1, 144204, 21421176, 22869180
13, 2, 21
2, 216300, 22288602, 22932975
1, 72104, 22869180, 23511435
14, 2, 21
2, 95172, 22932975, 23372156
1, 36054, 23511435, 23952356
15, 2, 21
2, 41818, 23372156, 23544420
1, 18750, 23952356, 24124634
16, 2, 21
2, 14420, 23544420, 23640168
1, 10098, 24124634, 24220284
17, 2, 21
2, 338870, 23640168, 25123807
1, 144204, 24220284, 25704085
18, 2, 21
2, 328776, 25123807, 26344252
1, 144204, 25704085, 26924529
19, 2, 21
2, 164388, 26344252, 26962145
1, 72104, 26924529, 27542418
20, 2, 21
2, 327334, 26962145, 28205034
1, 144204, 27542418, 28785313
21, 2, 21
2, 445578, 28205034, 29509529
1, 144204, 28785313, 30089057
22, 2, 21
2, 253792, 29509529, 30147412
1, 72104, 30089057, 30727632
23, 2, 21
2, 122570, 30147412, 30455648
1, 36054, 30727632, 31035848
24, 2, 21
2, 361942, 30455648, 31672077
1, 144204, 31035848, 32252300
25, 2, 21
2, 162946, 31672077, 32284206
1, 72104, 32252300, 32863978
26, 2, 21
2, 80752, 32284206, 32589192
1, 36054, 32863978, 33169554
27, 2, 21
2, 246582, 32589192, 34449184
1, 144204, 33169554, 35028959
28, 2, 21
2, 72100, 34449184, 35397768
1, 72104, 35028959, 35977497
29, 2, 21
2, 93730, 35397768, 35704441
1, 36054, 35977497, 36284089
30, 2, 21
2, 77868, 35704441, 35874500
1, 18750, 36284089, 36454091
31, 2, 21
2, 43260, 35874500, 35959364
1, 10098, 36454091, 36539467
32, 2, 21
2, 18746, 35959364, 36007499
1, 5772, 36539467, 36587809
33, 2, 21
2, 545076, 36007499, 37491882
1, 144204, 36587809, 38072147
34, 2, 21
2, 263886, 37491882, 38144161
1, 72104, 38072147, 38723760
35, 2, 21
2, 138432, 38144161, 38471053
1, 36054, 38723760, 39050671
36, 2, 21
2, 167272, 38471053, 39920428
1, 144204, 39050671, 40500295
37, 2, 21
2, 72100, 39920428, 40541770
1, 72104, 40500295, 41121632
38, 2, 21
2, 516236, 40541770, 41985237
1, 144204, 41121632, 42565104
39, 2, 21
2, 259560, 41985237, 42653198
1, 72104, 42565104, 43233473
40, 2, 21
2, 136990, 42653198, 42966007
1, 36054, 43233473, 43545873
41, 2, 21
2, 72100, 42966007, 43126569
1, 18750, 43545873, 43706547
42, 2, 21
2, 348964, 43126569, 44525281
1, 144204, 43706547, 45105600
43, 2, 21
2, 72100, 44525281, 45476083
1, 72104, 45105600, 46056393
44, 2, 21
2, 36050, 45476083, 45928018
1, 36054, 46056393, 46508420
45, 2, 21
2, 144200, 45928018, 47187679
1, 144204, 46508420, 47768076
46, 2, 21
2, 72100, 47187679, 47790341
1, 72104, 47768076, 48370714
47, 2, 21
2, 144200, 47790341, 49378523
1, 144204, 48370714, 49958880
48, 2, 21
2, 144200, 49378523, 51043046
1, 144204, 49958880, 51622809
49, 2, 21
2, 144200, 51043046, 52261565
1, 144204, 51622809, 52841975
50, 2, 21
2, 72100, 52261565, 52871719
1, 72104, 52841975, 53452131
51, 2, 21
2, 331660, 52871719, 54108864
1, 144204, 53452131, 54689151
52, 2, 21
2, 292726, 54108864, 54713489
1, 72104, 54689151, 55293745
53, 2, 21
2, 148526, 54713489, 55019784
1, 36054, 55293745, 55600074
54, 2, 21
2, 568148, 55019784, 56253325
1, 144204, 55600074, 56832883
55, 2, 21
2, 555170, 56253325, 57464797
1, 144204, 56832883, 58044225
56, 2, 21
2, 517678, 57464797, 58689159
1, 144204, 58044225, 59269363
57, 2, 21
2, 144200, 58689159, 59996766
1, 144204, 59269363, 60576661
58, 2, 21
2, 72100, 59996766, 60639582
1, 72104, 60576661, 61220107
59, 2, 21
2, 144200, 60639582, 61891567
1, 144204, 61220107, 62472119
60, 2, 21
2, 144200, 61891567, 63253238
1, 144204, 62472119, 63833765
61, 2, 21
2, 144200, 63253238, 64582292
1, 144204, 63833765, 65162850
