0, 2, 21
2, 211974, 5661440, 7663344
1, 211974, 6263129, 8264369
1, 2, 21
2, 223510, 7663344, 15794046
1, 223510, 8264369, 16394484
2, 2, 21
2, 243698, 15794046, 17795223
1, 223510, 16394484, 18395408
3, 1, 21
3, 278306, 17045986, 19053955
4, 2, 21
2, 506167, 17795223, 19795746
1, 211974, 18395408, 20395812
5, 1, 21
3, 259560, 19053955, 21060820
6, 1, 21
4, 262444, 18483466, 20491011
7, 2, 21
2, 705188, 19795746, 21797632
1, 203322, 20395812, 22398725
8, 1, 21
4, 268212, 20491011, 22495245
9, 1, 21
2, 608549, 21797632, 23802858
10, 1, 21
1, 204764, 22398725, 24408315
11, 1, 21
4, 255234, 22495245, 24503089
12, 1, 21
2, 471584, 23802858, 25805802
13, 1, 21
1, 207648, 24408315, 26415068
14, 1, 21
4, 301378, 24503089, 26504629
15, 1, 21
2, 532148, 25805802, 27808763
16, 1, 21
1, 232162, 26415068, 28417425
17, 1, 21
3, 149968, 21060820, 28054569
18, 1, 21
4, 281190, 26504629, 28505914
19, 1, 21
2, 650417, 27808763, 29810864
20, 1, 21
1, 219184, 28417425, 30433394
21, 1, 21
3, 273980, 28054569, 30063450
22, 1, 21
2, 672022, 29810864, 31815498
23, 1, 21
1, 235046, 30433394, 32440880
24, 1, 21
3, 292726, 30063450, 32070327
25, 2, 21
2, 451396, 31815498, 33991823
1, 209090, 32440880, 34593223
26, 1, 21
3, 111034, 32070327, 35061783
27, 1, 21
2, 269679, 33991823, 35995142
28, 1, 21
1, 164388, 34593223, 36597924
29, 1, 21
3, 576800, 35061783, 37064253
30, 1, 21
2, 767194, 35995142, 37995398
31, 1, 21
1, 203322, 36597924, 38610909
32, 1, 21
2, 416763, 37995398, 39997766
33, 1, 21
1, 204764, 38610909, 40611663
34, 1, 21
3, 305704, 37064253, 40291382
35, 1, 21
2, 532148, 39997766, 41998273
36, 1, 21
1, 209090, 40611663, 42613374
37, 1, 21
3, 594104, 40291382, 42291437
38, 1, 21
2, 816222, 41998273, 44010695
39, 1, 21
1, 222068, 42613374, 44625156
40, 1, 21
2, 165855, 44010695, 46020039
41, 1, 21
1, 165830, 44625156, 46633720
42, 1, 21
2, 232187, 46020039, 48023609
43, 1, 21
1, 232162, 46633720, 48640090
44, 1, 21
2, 167297, 48023609, 50035573
45, 1, 21
1, 167272, 48640090, 50649336
46, 1, 21
2, 211999, 50035573, 52042028
47, 1, 21
1, 211974, 50649336, 52656025
48, 1, 21
3, 324450, 42291437, 53053694
49, 1, 21
2, 357666, 52042028, 54043002
50, 1, 21
1, 235046, 52656025, 54661543
51, 1, 21
3, 697928, 53053694, 55054199
52, 1, 21
2, 937350, 54043002, 56043031
53, 1, 21
1, 235046, 54661543, 56668649
54, 1, 21
3, 684950, 55054199, 57057561
55, 1, 21
2, 914278, 56043031, 58044174
56, 1, 21
1, 237930, 56668649, 58674675
57, 1, 21
2, 452813, 58044174, 60048569
58, 1, 21
1, 226394, 58674675, 60674949
59, 1, 21
2, 229303, 60048569, 62060061
60, 1, 21
1, 229278, 60674949, 62689087
61, 1, 21
2, 213441, 62060061, 64063072
62, 1, 21
1, 213416, 62689087, 64693845
