0, 2, 21
2, 54796, 5622278, 6187812
1, 54796, 6198704, 6763824
1, 2, 21
2, 53354, 6187812, 6690205
1, 53354, 6763824, 7266216
2, 2, 21
2, 57680, 6690205, 7199321
1, 57680, 7266216, 7775406
3, 2, 21
2, 54796, 7199321, 7703537
1, 54796, 7775406, 8279530
4, 2, 21
2, 56238, 7703537, 8213426
1, 56238, 8279530, 8789539
5, 2, 21
2, 57680, 8213426, 8724873
1, 57680, 8789539, 9300982
6, 2, 21
2, 56238, 8724873, 9230001
1, 56238, 9300982, 9806082
7, 2, 21
2, 44702, 9230001, 15753971
1, 44702, 9806082, 16329854
8, 2, 21
2, 54796, 15753971, 16261417
1, 54796, 16329854, 16836412
9, 2, 21
2, 74984, 16261417, 16897317
1, 74984, 16836412, 17473291
10, 1, 21
2, 93730, 16897317, 17681121
11, 1, 21
1, 86520, 17473291, 18261870
12, 1, 21
3, 77868, 17046565, 17553694
13, 1, 21
2, 134156, 17681121, 18184680
14, 1, 21
2, 113918, 18184680, 18688447
15, 1, 21
3, 64890, 17553694, 18116311
16, 1, 21
2, 109617, 18688447, 19189256
17, 1, 21
3, 69216, 18116311, 18619222
18, 1, 21
1, 160062, 18261870, 19795906
19, 1, 21
2, 139924, 19189256, 19690622
20, 1, 21
3, 77868, 18619222, 19120039
21, 1, 21
4, 74984, 18482105, 18983338
22, 1, 21
2, 201930, 19690622, 20193449
23, 1, 21
3, 73542, 19120039, 19622759
24, 1, 21
4, 77868, 18983338, 19486941
25, 1, 21
2, 209140, 20193449, 20695858
26, 1, 21
3, 76426, 19622759, 20131519
27, 1, 21
4, 63448, 19486941, 19988361
28, 1, 21
3, 63448, 20131519, 20648563
29, 1, 21
2, 207723, 20695858, 21323712
30, 1, 21
1, 232162, 19795906, 21959344
31, 1, 21
4, 51912, 19988361, 20535879
32, 1, 21
3, 47586, 20648563, 21155516
33, 1, 21
1, 40376, 21959344, 22473989
34, 1, 21
2, 199096, 21323712, 21948947
35, 1, 21
4, 77868, 20535879, 21046881
36, 1, 21
3, 74984, 21155516, 21659413
37, 1, 21
1, 56238, 22473989, 22978207
38, 1, 21
2, 206281, 21948947, 22449517
39, 1, 21
4, 74984, 21046881, 21553209
40, 1, 21
2, 152877, 22449517, 22954444
41, 1, 21
1, 70658, 22978207, 23609703
42, 1, 21
4, 57680, 21553209, 22059118
43, 1, 21
2, 109642, 22954444, 23461604
44, 1, 21
1, 41818, 23609703, 24119989
45, 1, 21
4, 59122, 22059118, 22565490
46, 1, 21
2, 116852, 23461604, 24092090
47, 1, 21
1, 53354, 24119989, 24753127
48, 1, 21
4, 54796, 22565490, 23068125
49, 1, 21
4, 73542, 23068125, 23577001
50, 1, 21
2, 180325, 24092090, 24844211
51, 1, 21
1, 77868, 24753127, 25506133
52, 1, 21
4, 92288, 23577001, 24207277
53, 1, 21
2, 165880, 24844211, 25470526
54, 1, 21
1, 73542, 25506133, 26132779
55, 1, 21
4, 119686, 24207277, 24992690
56, 1, 21
2, 213466, 25470526, 26256363
57, 1, 21
1, 92288, 26132779, 26917059
58, 1, 21
4, 226394, 24992690, 26520639
59, 1, 21
2, 405252, 26256363, 27788671
60, 1, 21
1, 177366, 26917059, 28448250
61, 1, 21
3, 62006, 21659413, 28005169
62, 1, 21
2, 312964, 27788671, 28863638
63, 1, 21
3, 80752, 28005169, 28639323
64, 1, 21
4, 213416, 26520639, 28117484
65, 1, 21
2, 175974, 28863638, 29365371
66, 1, 21
1, 180250, 28448250, 30052093
67, 1, 21
3, 70658, 28639323, 29145146
68, 1, 21
4, 72100, 28117484, 28623978
69, 1, 21
2, 196187, 29365371, 29874135
70, 1, 21
1, 56238, 30052093, 30562339
71, 1, 21
3, 92288, 29145146, 29770982
72, 1, 21
4, 87962, 28623978, 29251683
73, 1, 21
2, 248099, 29874135, 30503208
74, 1, 21
1, 70658, 30562339, 31194150
75, 1, 21
2, 253817, 30503208, 31290153
76, 1, 21
3, 144200, 29770982, 30751536
77, 1, 21
1, 92288, 31194150, 31979528
78, 1, 21
2, 132714, 31290153, 31793816
79, 1, 21
2, 207648, 31793816, 32578740
80, 1, 21
1, 180250, 31979528, 33505419
81, 1, 21
3, 253792, 30751536, 32545072
82, 1, 21
2, 194720, 32578740, 33399895
83, 1, 21
1, 62006, 33505419, 34094894
84, 1, 21
2, 30307, 33399895, 33944546
85, 1, 21
1, 20188, 34094894, 34597648
86, 1, 21
1, 30282, 34597648, 35099573
87, 1, 21
2, 43310, 33944546, 34572292
88, 1, 21
1, 37492, 35099573, 35620997
89, 1, 21
2, 54821, 34572292, 35365126
90, 1, 21
1, 43260, 35620997, 36121280
91, 1, 21
3, 36050, 32545072, 34966971
92, 1, 21
2, 207698, 35365126, 35971950
93, 1, 21
1, 57680, 36121280, 36622575
94, 1, 21
3, 162946, 34966971, 35471651
95, 1, 21
2, 154344, 35971950, 36476278
96, 1, 21
1, 47586, 36622575, 37130617
97, 1, 21
3, 83636, 35471651, 35985744
98, 1, 21
1, 41818, 37130617, 37639752
99, 1, 21
3, 151410, 35985744, 36487623
100, 1, 21
2, 219284, 36476278, 37104451
101, 1, 21
1, 59122, 37639752, 38143470
102, 1, 21
2, 214883, 37104451, 37604908
103, 1, 21
3, 196112, 36487623, 37113537
104, 1, 21
2, 204789, 37604908, 38106418
105, 1, 21
1, 69216, 38143470, 38770115
106, 1, 21
3, 216300, 37113537, 37896128
107, 1, 21
2, 186068, 38106418, 38608441
108, 1, 21
1, 85078, 38770115, 39553874
109, 1, 21
2, 87987, 38608441, 39117236
110, 1, 21
1, 59122, 39553874, 40164048
111, 1, 21
2, 46169, 39117236, 39625128
112, 1, 21
1, 64890, 40164048, 40795015
113, 1, 21
2, 67799, 39625128, 40259298
114, 1, 21
1, 54796, 40795015, 41295562
115, 1, 21
2, 54821, 40259298, 40761545
116, 1, 21
3, 72100, 37896128, 40356532
117, 1, 21
1, 46144, 41295562, 41801592
118, 1, 21
2, 167322, 40761545, 41389891
119, 1, 21
3, 131222, 40356532, 40857998
120, 1, 21
1, 51912, 41801592, 42311375
121, 1, 21
2, 217792, 41389891, 41893403
122, 1, 21
3, 155736, 40857998, 41361351
123, 1, 21
1, 59122, 42311375, 42819864
124, 1, 21
2, 217792, 41893403, 42395539
125, 1, 21
3, 165830, 41361351, 41863171
126, 1, 21
1, 51912, 42819864, 43322887
127, 1, 21
3, 138432, 41863171, 42370119
128, 1, 21
2, 242331, 42395539, 43018648
129, 1, 21
1, 73542, 43322887, 43956542
130, 1, 21
3, 164388, 42370119, 42870297
131, 1, 21
2, 222118, 43018648, 43519512
132, 1, 21
2, 197554, 43519512, 44035413
133, 1, 21
1, 79310, 43956542, 44726657
134, 1, 21
2, 47611, 44035413, 44540042
135, 1, 21
1, 59122, 44726657, 45352489
136, 1, 21
2, 51937, 44540042, 45184280
137, 1, 21
1, 40376, 45352489, 45863648
138, 1, 21
1, 46144, 45863648, 46514394
139, 1, 21
2, 59172, 45184280, 45971211
140, 1, 21
1, 56238, 46514394, 47015320
141, 1, 21
1, 57680, 47015320, 47522393
142, 1, 21
2, 175974, 45971211, 47501387
143, 1, 21
1, 73542, 47522393, 48150087
144, 1, 21
1, 103824, 48150087, 49133426
145, 1, 21
1, 40376, 49133426, 49637521
146, 1, 21
2, 157253, 47501387, 49107920
147, 1, 21
1, 51912, 49637521, 50278289
148, 1, 21
2, 51937, 49107920, 49778035
149, 1, 21
2, 44702, 49778035, 50279209
150, 1, 21
1, 80752, 50278289, 51287201
151, 1, 21
2, 53379, 50279209, 50907108
152, 1, 21
1, 59122, 51287201, 51801342
153, 1, 21
2, 59147, 50907108, 51407285
154, 1, 21
1, 74984, 51801342, 52431144
155, 1, 21
2, 60589, 51407285, 51915828
156, 1, 21
2, 73542, 51915828, 52542016
157, 1, 21
1, 92288, 52431144, 53216380
158, 1, 21
2, 115385, 52542016, 53527038
159, 1, 21
3, 162946, 42870297, 53139396
160, 1, 21
2, 219209, 53527038, 54163303
161, 1, 21
1, 178808, 53216380, 54746427
162, 1, 21
3, 165830, 53139396, 53640697
163, 1, 21
2, 233654, 54163303, 54666090
164, 1, 21
3, 223510, 53640697, 54269236
165, 1, 21
2, 242281, 54666090, 55166287
166, 1, 21
3, 278306, 54269236, 55052023
167, 1, 21
2, 232187, 55166287, 55666512
168, 1, 21
2, 226394, 55666512, 56166689
169, 1, 21
2, 233604, 56166689, 56667821
170, 1, 21
3, 524888, 55052023, 56578958
171, 1, 21
2, 291309, 56667821, 57297183
172, 1, 21
2, 347522, 57297183, 58079928
173, 1, 21
2, 278306, 58079928, 58676133
174, 1, 21
2, 79310, 58676133, 59179774
175, 1, 21
2, 54796, 59179774, 59684045
176, 1, 21
2, 70658, 59684045, 60316682
177, 1, 21
2, 89404, 60316682, 61106744
178, 1, 21
2, 171598, 61106744, 62638849
179, 1, 21
1, 1134854, 54746427, 64751359
