0, 2, 21
2, 72100, 5583312, 6329138
1, 72104, 6167850, 6913384
1, 2, 21
2, 144200, 6329138, 7622860
1, 144204, 6913384, 8205728
2, 2, 21
2, 144200, 7622860, 8908222
1, 144204, 8205728, 9492723
3, 2, 21
2, 217742, 8908222, 16970305
1, 217746, 9492723, 17554672
4, 2, 21
2, 73542, 16970305, 17627392
1, 72104, 17554672, 18211765
5, 2, 21
2, 82194, 17627392, 17937848
1, 36054, 18211765, 18522236
6, 2, 21
2, 43260, 17937848, 18098273
1, 18750, 18522236, 18682666
7, 2, 21
2, 23072, 18098273, 18186294
1, 10098, 18682666, 18770499
8, 2, 21
2, 331660, 18186294, 19589560
1, 144204, 18770499, 20173642
9, 2, 21
2, 266770, 19589560, 20254505
1, 72104, 20173642, 20838885
10, 2, 21
2, 134106, 20254505, 20575865
1, 36054, 20838885, 21160171
11, 2, 21
2, 67774, 20575865, 20744074
1, 18750, 21160171, 21328518
12, 2, 21
2, 496048, 20744074, 22192184
1, 144204, 21328518, 22776237
13, 2, 21
2, 236488, 22192184, 22834550
1, 72104, 22776237, 23418534
14, 2, 21
2, 86520, 22834550, 23275605
1, 36054, 23418534, 23859542
15, 2, 21
2, 41818, 23275605, 23450724
1, 18750, 23859542, 24032041
16, 2, 21
2, 21630, 23450724, 23543983
1, 10098, 24032041, 24127923
17, 2, 21
2, 328776, 23543983, 25031150
1, 144204, 24127923, 25615056
18, 2, 21
2, 327334, 25031150, 26251849
1, 144204, 25615056, 26835852
19, 2, 21
2, 162946, 26251849, 26870262
1, 72104, 26835852, 27454205
20, 2, 21
2, 327334, 26870262, 28115272
1, 144204, 27454205, 28697753
21, 2, 21
2, 428274, 28115272, 29417929
1, 144204, 28697753, 30001947
22, 2, 21
2, 256676, 29417929, 30057347
1, 72104, 30001947, 30641090
23, 2, 21
2, 125454, 30057347, 30365119
1, 36054, 30641090, 30949140
24, 2, 21
2, 369152, 30365119, 31582091
1, 144204, 30949140, 32166356
25, 2, 21
2, 164388, 31582091, 32194678
1, 72104, 32166356, 32778410
26, 2, 21
2, 79310, 32194678, 32499483
1, 36054, 32778410, 33083743
27, 2, 21
2, 265328, 32499483, 34359865
1, 144204, 33083743, 34943540
28, 2, 21
2, 72100, 34359865, 35308347
1, 72104, 34943540, 35892237
29, 2, 21
2, 53354, 35308347, 35614932
1, 36054, 35892237, 36198773
30, 2, 21
2, 73542, 35614932, 35784719
1, 18750, 36198773, 36368842
31, 2, 21
2, 40376, 35784719, 35870080
1, 10098, 36368842, 36454235
32, 2, 21
2, 21630, 35870080, 35918468
1, 5772, 36454235, 36502542
33, 2, 21
2, 549402, 35918468, 37403301
1, 144204, 36502542, 37987531
34, 2, 21
2, 276864, 37403301, 38055672
1, 72104, 37987531, 38639803
35, 2, 21
2, 128338, 38055672, 38382819
1, 36054, 38639803, 38966848
36, 2, 21
2, 204764, 38382819, 39832465
1, 144204, 38966848, 40416679
37, 2, 21
2, 72100, 39832465, 40454008
1, 72104, 40416679, 41038154
38, 2, 21
2, 474418, 40454008, 41898003
1, 144204, 41038154, 42482115
39, 2, 21
2, 263886, 41898003, 42566729
1, 72104, 42482115, 43150719
40, 2, 21
2, 136990, 42566729, 42879780
1, 36054, 43150719, 43463179
41, 2, 21
2, 72100, 42879780, 43040642
1, 18750, 43463179, 43624036
42, 2, 21
2, 386456, 43040642, 44440191
1, 144204, 43624036, 45023667
43, 2, 21
2, 72100, 44440191, 45391180
1, 72104, 45023667, 45974802
44, 2, 21
2, 36050, 45391180, 45843103
1, 36054, 45974802, 46426988
45, 2, 21
2, 144200, 45843103, 47103534
1, 144204, 46426988, 47687326
46, 2, 21
2, 72100, 47103534, 47706634
1, 72104, 47687326, 48290202
47, 2, 21
2, 144200, 47706634, 49295734
1, 144204, 48290202, 49879427
48, 2, 21
2, 144200, 49295734, 50959808
1, 144204, 49879427, 51543865
49, 2, 21
2, 144200, 50959808, 52179787
1, 144204, 51543865, 52763517
50, 2, 21
2, 72100, 52179787, 52789728
1, 72104, 52763517, 53373789
51, 2, 21
2, 299936, 52789728, 54027115
1, 144204, 53373789, 54611153
52, 2, 21
2, 286958, 54027115, 54631875
1, 72104, 54611153, 55215923
53, 2, 21
2, 148526, 54631875, 54938387
1, 36054, 55215923, 55522434
54, 2, 21
2, 573916, 54938387, 56171986
1, 144204, 55522434, 56756002
55, 2, 21
2, 556612, 56171986, 57384355
1, 144204, 56756002, 57968024
56, 2, 21
2, 547960, 57384355, 58609746
1, 144204, 57968024, 59193718
57, 2, 21
2, 144200, 58609746, 59917127
1, 144204, 59193718, 60501373
58, 2, 21
2, 72100, 59917127, 60560811
1, 72104, 60501373, 61145019
59, 2, 21
2, 144200, 60560811, 61812939
1, 144204, 61145019, 62397071
60, 2, 21
2, 144200, 61812939, 63175195
1, 144204, 62397071, 63759563
61, 2, 21
2, 144200, 63175195, 64504971
1, 144204, 63759563, 65089159
