0, 2, 21
2, 54796, 5599012, 6160242
1, 54796, 6179114, 6740244
1, 2, 21
2, 53354, 6160242, 6664702
1, 53354, 6740244, 7244898
2, 2, 21
2, 57680, 6664702, 7174858
1, 57680, 7244898, 7755152
3, 2, 21
2, 54796, 7174858, 7679231
1, 54796, 7755152, 8259428
4, 2, 21
2, 56238, 7679231, 8189465
1, 56238, 8259428, 8769587
5, 2, 21
2, 57680, 8189465, 8700815
1, 57680, 8769587, 9280931
6, 2, 21
2, 56238, 8700815, 9206642
1, 56238, 9280931, 9786892
7, 2, 21
2, 44702, 9206642, 15731954
1, 44702, 9786892, 16312133
8, 2, 21
2, 54796, 15731954, 16238694
1, 54796, 16312133, 16818926
9, 2, 21
2, 59122, 16238694, 16749172
1, 59122, 16818926, 17329433
10, 2, 21
2, 57680, 16749172, 17262392
1, 57680, 17329433, 17842090
11, 1, 21
2, 77868, 17262392, 17769892
12, 1, 21
1, 56238, 17842090, 18351624
13, 1, 21
3, 77868, 17036916, 17544263
14, 1, 21
2, 134156, 17769892, 18275618
15, 1, 21
1, 59122, 18351624, 18858146
16, 1, 21
3, 64890, 17544263, 18107945
17, 1, 21
2, 103874, 18275618, 18776994
18, 1, 21
1, 51912, 18858146, 19398000
19, 1, 21
3, 69216, 18107945, 18611654
20, 1, 21
2, 122620, 18776994, 19285445
21, 1, 21
1, 51912, 19398000, 19907160
22, 1, 21
3, 79310, 18611654, 19118753
23, 1, 21
2, 160112, 19285445, 19787361
24, 1, 21
1, 56238, 19907160, 20408903
25, 1, 21
4, 76426, 18450833, 18957509
26, 1, 21
3, 73542, 19118753, 19621937
27, 1, 21
2, 203397, 19787361, 20288695
28, 1, 21
1, 54796, 20408903, 20917184
29, 1, 21
4, 79310, 18957509, 19461770
30, 1, 21
3, 76426, 19621937, 20129736
31, 1, 21
2, 209165, 20288695, 20788882
32, 1, 21
1, 56238, 20917184, 21418441
33, 1, 21
4, 63448, 19461770, 19962803
34, 1, 21
3, 62006, 20129736, 20630513
35, 1, 21
2, 157253, 20788882, 21291249
36, 1, 21
1, 51912, 21418441, 21933962
37, 1, 21
4, 49028, 19962803, 20485309
38, 1, 21
3, 47586, 20630513, 21131748
39, 1, 21
2, 157253, 21291249, 21791543
40, 1, 21
1, 41818, 21933962, 22435031
41, 1, 21
4, 77868, 20485309, 20996284
42, 1, 21
3, 74984, 21131748, 21632576
43, 1, 21
2, 206281, 21791543, 22293270
44, 1, 21
1, 59122, 22435031, 22946446
45, 1, 21
4, 74984, 20996284, 21499150
46, 1, 21
2, 183184, 22293270, 22800572
47, 1, 21
1, 56238, 22946446, 23447713
48, 1, 21
4, 59122, 21499150, 22003498
49, 1, 21
2, 102432, 22800572, 23301245
50, 1, 21
1, 43260, 23447713, 23953512
51, 1, 21
4, 59122, 22003498, 22530191
52, 1, 21
2, 96664, 23301245, 23807854
53, 1, 21
1, 41818, 23953512, 24453649
54, 1, 21
4, 57680, 22530191, 23030582
55, 1, 21
2, 105316, 23807854, 24308891
56, 1, 21
1, 47586, 24453649, 24963692
57, 1, 21
4, 73542, 23030582, 23531071
58, 1, 21
2, 128388, 24308891, 24810049
59, 1, 21
1, 56238, 24963692, 25472153
60, 1, 21
4, 73542, 23531071, 24034344
61, 1, 21
2, 134156, 24810049, 25318067
62, 1, 21
1, 59122, 25472153, 25973319
63, 1, 21
4, 74984, 24034344, 24536686
64, 1, 21
2, 134156, 25318067, 25820487
65, 1, 21
1, 59122, 25973319, 26479113
66, 1, 21
4, 77868, 24536686, 25039823
67, 1, 21
2, 137040, 25820487, 26322499
68, 1, 21
1, 60564, 26479113, 26989058
69, 1, 21
4, 72100, 25039823, 25548027
70, 1, 21
2, 128388, 26322499, 26822566
71, 1, 21
1, 59122, 26989058, 27497586
72, 1, 21
4, 69216, 25548027, 26052741
73, 1, 21
2, 126946, 26822566, 27325470
74, 1, 21
1, 57680, 27497586, 28004934
75, 1, 21
4, 76426, 26052741, 26560046
76, 1, 21
2, 134156, 27325470, 27829891
77, 1, 21
1, 59122, 28004934, 28508383
78, 1, 21
4, 73542, 26560046, 27066022
79, 1, 21
2, 132714, 27829891, 28331653
80, 1, 21
1, 59122, 28508383, 29011385
81, 1, 21
3, 62006, 21632576, 27977608
82, 1, 21
4, 67774, 27066022, 27571570
83, 1, 21
2, 161579, 28331653, 28831726
84, 1, 21
1, 59122, 29011385, 29518398
85, 1, 21
3, 62006, 27977608, 28483087
86, 1, 21
4, 63448, 27571570, 28076902
87, 1, 21
2, 181767, 28831726, 29335609
88, 1, 21
1, 50470, 29518398, 30021450
89, 1, 21
3, 72100, 28483087, 28987134
90, 1, 21
4, 70658, 28076902, 28579634
91, 1, 21
2, 197629, 29335609, 29837169
92, 1, 21
1, 56238, 30021450, 30526068
93, 1, 21
3, 76426, 28987134, 29492287
94, 1, 21
4, 69216, 28579634, 29081333
95, 1, 21
2, 197629, 29837169, 30337253
96, 1, 21
1, 59122, 30526068, 31030092
97, 1, 21
3, 72100, 29492287, 29994328
98, 1, 21
4, 67774, 29081333, 29592862
99, 1, 21
2, 196187, 30337253, 30838710
100, 1, 21
1, 60564, 31030092, 31540416
101, 1, 21
3, 74984, 29994328, 30496531
102, 1, 21
2, 134156, 30838710, 31339918
103, 1, 21
1, 59122, 31540416, 32040446
104, 1, 21
3, 74984, 30496531, 31002175
105, 1, 21
2, 132714, 31339918, 31840570
106, 1, 21
1, 59122, 32040446, 32542403
107, 1, 21
3, 74984, 31002175, 31504041
108, 1, 21
2, 134156, 31840570, 32344250
109, 1, 21
1, 59122, 32542403, 33045885
110, 1, 21
3, 73542, 31504041, 32004611
111, 1, 21
2, 131272, 32344250, 32844266
112, 1, 21
1, 57680, 33045885, 33551334
113, 1, 21
3, 64890, 32004611, 32509080
114, 1, 21
2, 109642, 32844266, 33350653
115, 1, 21
1, 50470, 33551334, 34113148
116, 1, 21
2, 25981, 33350653, 33859016
117, 1, 21
1, 21630, 34113148, 34625126
118, 1, 21
2, 33191, 33859016, 34387186
119, 1, 21
1, 34608, 34625126, 35126685
120, 1, 21
2, 37517, 34387186, 34908763
121, 1, 21
1, 37492, 35126685, 35678265
122, 1, 21
2, 43285, 34908763, 35409780
123, 1, 21
3, 31724, 32509080, 34904191
124, 1, 21
1, 53354, 35678265, 36185242
125, 1, 21
2, 200488, 35409780, 35909982
126, 1, 21
3, 164388, 34904191, 35461393
127, 1, 21
1, 57680, 36185242, 36688433
128, 1, 21
2, 151460, 35909982, 36419310
129, 1, 21
3, 96614, 35461393, 35972123
130, 1, 21
1, 34608, 36688433, 37195055
131, 1, 21
2, 175974, 36419310, 36920551
132, 1, 21
3, 171598, 35972123, 36474551
133, 1, 21
1, 54796, 37195055, 37703098
134, 1, 21
2, 230770, 36920551, 37422015
135, 1, 21
3, 165830, 36474551, 36974832
136, 1, 21
1, 57680, 37703098, 38208947
137, 1, 21
2, 210582, 37422015, 37924648
138, 1, 21
3, 147084, 36974832, 37480885
139, 1, 21
1, 56238, 38208947, 38716747
140, 1, 21
2, 201930, 37924648, 38425065
141, 1, 21
1, 57680, 38716747, 39231755
142, 1, 21
2, 82219, 38425065, 38935682
143, 1, 21
1, 49028, 39231755, 39733497
144, 1, 21
2, 47611, 38935682, 39440274
145, 1, 21
1, 44702, 39733497, 40237084
146, 1, 21
2, 50495, 39440274, 39951970
147, 1, 21
1, 57680, 40237084, 40740619
148, 1, 21
2, 59147, 39951970, 40457090
149, 1, 21
1, 54796, 40740619, 41246782
150, 1, 21
3, 136990, 37480885, 40134216
151, 1, 21
2, 119736, 40457090, 40959604
152, 1, 21
1, 38934, 41246782, 41750959
153, 1, 21
3, 134106, 40134216, 40635952
154, 1, 21
2, 184626, 40959604, 41462058
155, 1, 21
1, 59122, 41750959, 42257542
156, 1, 21
3, 160062, 40635952, 41137193
157, 1, 21
2, 220676, 41462058, 41963898
158, 1, 21
1, 59122, 42257542, 42765411
159, 1, 21
3, 165830, 41137193, 41638407
160, 1, 21
2, 191836, 41963898, 42464708
161, 1, 21
1, 53354, 42765411, 43274861
162, 1, 21
3, 136990, 41638407, 42140868
163, 1, 21
2, 217792, 42464708, 42966050
164, 1, 21
1, 59122, 43274861, 43783705
165, 1, 21
3, 164388, 42140868, 42641068
166, 1, 21
2, 214908, 42966050, 43466820
167, 1, 21
1, 53354, 43783705, 44286622
168, 1, 21
3, 155736, 42641068, 43144645
169, 1, 21
2, 139924, 43466820, 43976509
170, 1, 21
1, 47586, 44286622, 44797056
171, 1, 21
2, 47611, 43976509, 44480829
172, 1, 21
1, 51912, 44797056, 45375242
173, 1, 21
2, 38959, 44480829, 44995798
174, 1, 21
1, 43260, 45375242, 45897827
175, 1, 21
2, 40401, 44995798, 45535196
176, 1, 21
1, 34608, 45897827, 46398444
177, 1, 21
2, 46169, 45535196, 46039035
178, 1, 21
1, 57680, 46398444, 46907806
179, 1, 21
2, 57705, 46039035, 46547677
180, 1, 21
1, 57680, 46907806, 47411964
181, 1, 21
2, 59147, 46547677, 47051805
182, 1, 21
1, 59122, 47411964, 47919300
183, 1, 21
2, 59147, 47051805, 47554784
184, 1, 21
1, 60564, 47919300, 48430005
185, 1, 21
2, 54821, 47554784, 48057462
186, 1, 21
1, 47586, 48430005, 48931231
187, 1, 21
2, 44727, 48057462, 48567335
188, 1, 21
1, 40376, 48931231, 49440687
189, 1, 21
2, 43285, 48567335, 49069898
190, 1, 21
1, 47586, 49440687, 49945406
191, 1, 21
2, 40401, 49069898, 49576383
192, 1, 21
1, 33166, 49945406, 50451624
193, 1, 21
2, 41843, 49576383, 50080933
194, 1, 21
1, 43260, 50451624, 50963223
195, 1, 21
2, 38959, 50080933, 50586006
196, 1, 21
1, 51912, 50963223, 51471169
197, 1, 21
2, 57705, 50586006, 51093152
198, 1, 21
1, 59122, 51471169, 51971450
199, 1, 21
2, 60589, 51093152, 51595943
200, 1, 21
1, 60564, 51971450, 52481852
201, 1, 21
2, 59147, 51595943, 52105162
202, 1, 21
1, 59122, 52481852, 52985043
203, 1, 21
2, 60589, 52105162, 52618941
204, 1, 21
1, 59122, 52985043, 53489749
205, 1, 21
2, 60589, 52618941, 53132745
206, 1, 21
1, 59122, 53489749, 53995276
207, 1, 21
3, 1442, 43144645, 52894617
208, 1, 21
2, 108200, 53132745, 53637738
209, 1, 21
1, 59122, 53995276, 54504263
210, 1, 21
3, 164388, 52894617, 53396239
211, 1, 21
2, 220676, 53637738, 54140881
212, 1, 21
1, 60564, 54504263, 55014251
213, 1, 21
3, 175924, 53396239, 53899935
214, 1, 21
2, 243748, 54140881, 54641264
215, 1, 21
1, 60564, 55014251, 55525243
216, 1, 21
3, 184576, 53899935, 54401140
217, 1, 21
2, 235096, 54641264, 55141612
218, 1, 21
1, 60564, 55525243, 56036140
219, 1, 21
3, 171598, 54401140, 54902967
220, 1, 21
2, 233654, 55141612, 55643699
221, 1, 21
1, 57680, 56036140, 56543520
222, 1, 21
3, 174482, 54902967, 55407014
223, 1, 21
2, 235096, 55643699, 56145155
224, 1, 21
1, 60564, 56543520, 57050177
225, 1, 21
3, 174482, 55407014, 55910073
226, 1, 21
2, 229328, 56145155, 56648891
227, 1, 21
1, 59122, 57050177, 57556925
228, 1, 21
3, 170156, 55910073, 56410724
229, 1, 21
2, 235096, 56648891, 57152866
230, 1, 21
1, 60564, 57556925, 58068963
231, 1, 21
3, 167272, 56410724, 56913044
232, 1, 21
2, 222118, 57152866, 57657073
233, 1, 21
1, 57680, 58068963, 58573459
234, 1, 21
3, 164388, 56913044, 57414623
235, 1, 21
2, 227886, 57657073, 58158686
236, 1, 21
1, 57680, 58573459, 59079187
237, 1, 21
3, 177366, 57414623, 57916925
238, 1, 21
2, 183184, 58158686, 58664209
239, 1, 21
1, 56238, 59079187, 59591405
240, 1, 21
2, 54821, 58664209, 59167586
241, 1, 21
1, 56238, 59591405, 60103596
242, 1, 21
2, 54821, 59167586, 59668178
243, 1, 21
1, 56238, 60103596, 60608902
244, 1, 21
2, 56263, 59668178, 60171097
245, 1, 21
1, 56238, 60608902, 61109619
246, 1, 21
2, 57705, 60171097, 60682804
247, 1, 21
1, 57680, 61109619, 61616573
248, 1, 21
2, 59147, 60682804, 61194321
249, 1, 21
1, 59122, 61616573, 62128429
250, 1, 21
2, 57705, 61194321, 61694434
251, 1, 21
1, 57680, 62128429, 62632179
252, 1, 21
2, 56263, 61694434, 62199442
253, 1, 21
1, 53354, 62632179, 63140506
254, 1, 21
2, 53379, 62199442, 62705591
255, 1, 21
1, 53354, 63140506, 63645382
256, 1, 21
2, 53379, 62705591, 63216585
257, 1, 21
1, 53354, 63645382, 64153866
258, 1, 21
2, 53379, 63216585, 63717155
259, 1, 21
1, 54796, 64153866, 64657891
260, 1, 21
2, 54821, 63717155, 64217678
261, 1, 21
1, 54796, 64657891, 65159179
262, 1, 21
2, 56263, 64217678, 64724292
263, 1, 21
1, 56238, 65159179, 65659887
264, 1, 21
2, 56263, 64724292, 65231646
265, 1, 21
1, 56238, 65659887, 66164442
266, 1, 21
2, 54821, 65231646, 65732323
