0, 2, 21
2, 211974, 5586686, 7587791
1, 211974, 6151693, 8151942
1, 2, 21
2, 223510, 7587791, 15713169
1, 223510, 8151942, 16278053
2, 1, 21
2, 246582, 15713169, 17716275
3, 1, 21
1, 224952, 16278053, 18285235
4, 1, 21
3, 276864, 17002059, 19010879
5, 1, 21
2, 510518, 17716275, 19718381
6, 1, 21
1, 210532, 18285235, 20298447
7, 1, 21
3, 266770, 19010879, 21016253
8, 1, 21
4, 268212, 18432905, 20464971
9, 1, 21
2, 722517, 19718381, 21723922
10, 1, 21
1, 201880, 20298447, 22301500
11, 1, 21
2, 599897, 21723922, 23731640
12, 1, 21
1, 206206, 22301500, 24308595
13, 1, 21
4, 543634, 20464971, 24471046
14, 1, 21
2, 488888, 23731640, 25733792
15, 1, 21
1, 207648, 24308595, 26311040
16, 1, 21
4, 301378, 24471046, 26474217
17, 1, 21
2, 533590, 25733792, 27734666
18, 1, 21
1, 233604, 26311040, 28315425
19, 1, 21
3, 144200, 21016253, 27959522
20, 1, 21
4, 279748, 26474217, 28481198
21, 1, 21
2, 667721, 27734666, 29735093
22, 1, 21
1, 223510, 28315425, 30323374
23, 1, 21
3, 281190, 27959522, 29966572
24, 1, 21
3, 297052, 29966572, 31966839
25, 2, 21
2, 1074365, 29735093, 33894866
1, 438368, 30323374, 34459547
26, 1, 21
3, 99498, 31966839, 34884176
27, 2, 21
2, 317265, 33894866, 35899218
1, 164388, 34459547, 36462777
28, 1, 21
3, 576800, 34884176, 36886186
29, 1, 21
2, 765727, 35899218, 37904334
30, 1, 21
1, 203322, 36462777, 38475062
31, 1, 21
2, 372061, 37904334, 39908590
32, 1, 21
3, 305704, 36886186, 40111831
33, 1, 21
2, 579709, 39908590, 41908743
34, 1, 21
3, 595546, 40111831, 42113569
35, 1, 21
2, 768611, 41908743, 43918595
36, 1, 21
2, 165830, 43918595, 45925831
37, 1, 21
1, 803194, 38475062, 46506042
38, 1, 21
2, 232187, 45925831, 47930287
39, 1, 21
1, 232162, 46506042, 48507538
40, 1, 21
2, 167297, 47930287, 49936621
41, 1, 21
1, 167272, 48507538, 50515945
42, 1, 21
1, 211974, 50515945, 52519299
43, 1, 21
3, 323008, 42113569, 52871012
44, 1, 21
2, 611483, 49936621, 53938075
45, 1, 21
1, 235046, 52519299, 54525297
46, 1, 21
3, 697928, 52871012, 54872014
47, 1, 21
2, 938792, 53938075, 55939180
48, 1, 21
2, 912786, 55939180, 57941113
49, 1, 21
1, 471534, 54525297, 58525458
50, 1, 21
2, 412437, 57941113, 59956150
51, 1, 21
2, 229278, 59956150, 61969838
