0, 2, 21
2, 72100, 5535106, 6283502
1, 72104, 6086376, 6834919
1, 2, 21
2, 144200, 6283502, 7576204
1, 144204, 6834919, 8127142
2, 2, 21
2, 144200, 7576204, 8862769
1, 144204, 8127142, 9413706
3, 2, 21
2, 217742, 8862769, 16923317
1, 217746, 9413706, 17474698
4, 2, 21
2, 77868, 16923317, 17580475
1, 72104, 17474698, 18131869
5, 2, 21
2, 82194, 17580475, 17890998
1, 36054, 18131869, 18442398
6, 2, 21
2, 43260, 17890998, 18051211
1, 18750, 18442398, 18602688
7, 2, 21
2, 23072, 18051211, 18139114
1, 10098, 18602688, 18690454
8, 2, 21
2, 335986, 18139114, 19541802
1, 144204, 18690454, 20092726
9, 2, 21
2, 271096, 19541802, 20206627
1, 72104, 20092726, 20757620
10, 2, 21
2, 134106, 20206627, 20527551
1, 36054, 20757620, 21078853
11, 2, 21
2, 70658, 20527551, 20695602
1, 18750, 21078853, 21247082
12, 2, 21
2, 497490, 20695602, 22143032
1, 144204, 21247082, 22694476
13, 2, 21
2, 219184, 22143032, 22785220
1, 72104, 22694476, 23336681
14, 2, 21
2, 95172, 22785220, 23226258
1, 36054, 23336681, 23777498
15, 2, 21
2, 43260, 23226258, 23398575
1, 18750, 23777498, 23949964
16, 2, 21
2, 12978, 23398575, 23494419
1, 10098, 23949964, 24045605
17, 2, 21
2, 340312, 23494419, 24977929
1, 144204, 24045605, 25529087
18, 2, 21
2, 328776, 24977929, 26203157
1, 144204, 25529087, 26754243
19, 2, 21
2, 164388, 26203157, 26821218
1, 72104, 26754243, 27372128
20, 2, 21
2, 327334, 26821218, 28063984
1, 144204, 27372128, 28615042
21, 2, 21
2, 441252, 28063984, 29367833
1, 144204, 28615042, 29918929
22, 2, 21
2, 256676, 29367833, 30006404
1, 72104, 29918929, 30557395
23, 2, 21
2, 124012, 30006404, 30315263
1, 36054, 30557395, 30865343
24, 2, 21
2, 357616, 30315263, 31530967
1, 144204, 30865343, 32082098
25, 2, 21
2, 161504, 31530967, 32143058
1, 72104, 32082098, 32693842
26, 2, 21
2, 80752, 32143058, 32448174
1, 36054, 32693842, 32999435
27, 2, 21
2, 250908, 32448174, 34308399
1, 144204, 32999435, 34859139
28, 2, 21
2, 72100, 34308399, 35256871
1, 72104, 34859139, 35807516
29, 2, 21
2, 85078, 35256871, 35563239
1, 36054, 35807516, 36114210
30, 2, 21
2, 77868, 35563239, 35733937
1, 18750, 36114210, 36284711
31, 2, 21
2, 40376, 35733937, 35819947
1, 10098, 36284711, 36370585
32, 2, 21
2, 21630, 35819947, 35867417
1, 5772, 36370585, 36418643
33, 2, 21
2, 542192, 35867417, 37352647
1, 144204, 36418643, 37903245
34, 2, 21
2, 265328, 37352647, 38003639
1, 72104, 37903245, 38554700
35, 2, 21
2, 139874, 38003639, 38330772
1, 36054, 38554700, 38881621
36, 2, 21
2, 174482, 38330772, 39780144
1, 144204, 38881621, 40331308
37, 2, 21
2, 72100, 39780144, 40401308
1, 72104, 40331308, 40952488
38, 2, 21
2, 509026, 40401308, 41845286
1, 144204, 40952488, 42395896
39, 2, 21
2, 262444, 41845286, 42513577
1, 72104, 42395896, 43064449
40, 2, 21
2, 138432, 42513577, 42825769
1, 36054, 43064449, 43376826
41, 2, 21
2, 72100, 42825769, 42986620
1, 18750, 43376826, 43537596
42, 2, 21
2, 351848, 42986620, 44385574
1, 144204, 43537596, 44936403
43, 2, 21
2, 72100, 44385574, 45350884
1, 72104, 44936403, 45902053
44, 2, 21
2, 36050, 45350884, 45807096
1, 36054, 45902053, 46358312
45, 2, 21
2, 144200, 45807096, 47074707
1, 144204, 46358312, 47625598
46, 2, 21
2, 72100, 47074707, 47677620
1, 72104, 47625598, 48228495
47, 2, 21
2, 144200, 47677620, 49266739
1, 144204, 48228495, 49817382
48, 2, 21
2, 144200, 49266739, 50930730
1, 144204, 49817382, 51481374
49, 2, 21
2, 144200, 50930730, 52149657
1, 144204, 51481374, 52700524
50, 2, 21
2, 72100, 52149657, 52759802
1, 72104, 52700524, 53310524
51, 2, 21
2, 338870, 52759802, 53997000
1, 144204, 53310524, 54547550
52, 2, 21
2, 294168, 53997000, 54601481
1, 72104, 54547550, 55152047
53, 2, 21
2, 149968, 54601481, 54907369
1, 36054, 55152047, 55458397
54, 2, 21
2, 569590, 54907369, 56140193
1, 144204, 55458397, 56691219
55, 2, 21
2, 556612, 56140193, 57351814
1, 144204, 56691219, 57902832
56, 2, 21
2, 504700, 57351814, 58576851
1, 144204, 57902832, 59128064
57, 2, 21
2, 144200, 58576851, 59891769
1, 144204, 59128064, 60443119
58, 2, 21
2, 72100, 59891769, 60536245
1, 72104, 60443119, 61087532
59, 2, 21
2, 144200, 60536245, 61791367
1, 144204, 61087532, 62342230
60, 2, 21
2, 144200, 61791367, 63155750
1, 144204, 62342230, 63707019
61, 2, 21
2, 144200, 63155750, 64488362
1, 144204, 63707019, 65039612
