0, 2, 21
2, 213416, 5602271, 7615125
1, 213416, 6164042, 8176607
1, 2, 21
2, 222068, 7615125, 15729306
1, 222068, 8176607, 16290811
2, 2, 21
2, 243698, 15729306, 17729867
1, 223510, 16290811, 18291121
3, 1, 21
3, 276864, 17027127, 19027642
4, 1, 21
2, 514819, 17729867, 19733807
5, 1, 21
1, 213416, 18291121, 20301420
6, 1, 21
3, 265328, 19027642, 21030577
7, 1, 21
4, 268212, 18439429, 20483534
8, 1, 21
2, 725401, 19733807, 21738155
9, 1, 21
1, 207648, 20301420, 22304355
10, 1, 21
4, 268212, 20483534, 22488209
11, 1, 21
2, 595596, 21738155, 23746727
12, 1, 21
1, 201880, 22304355, 24352555
13, 1, 21
4, 275422, 22488209, 24491268
14, 1, 21
2, 494656, 23746727, 25748273
15, 1, 21
1, 217742, 24352555, 26363659
16, 1, 21
4, 301378, 24491268, 26495542
17, 1, 21
2, 533590, 25748273, 27748845
18, 1, 21
1, 233604, 26363659, 28366324
19, 1, 21
3, 145642, 21030577, 27990757
20, 1, 21
4, 279748, 26495542, 28501617
21, 1, 21
2, 666279, 27748845, 29752849
22, 1, 21
1, 223510, 28366324, 30369248
23, 1, 21
3, 281190, 27990757, 29998010
24, 1, 21
2, 654718, 29752849, 31755966
25, 1, 21
1, 236488, 30369248, 32372955
26, 1, 21
3, 297052, 29998010, 31998572
27, 1, 21
2, 415346, 31755966, 33788865
28, 1, 21
1, 191786, 32372955, 34389741
29, 1, 21
3, 99498, 31998572, 34915992
30, 1, 21
2, 266820, 33788865, 35791210
31, 1, 21
1, 165830, 34389741, 36390994
32, 1, 21
3, 576800, 34915992, 36917916
33, 1, 21
2, 770078, 35791210, 37794318
34, 1, 21
1, 201880, 36390994, 38392291
35, 1, 21
2, 418205, 37794318, 39803235
36, 1, 21
1, 206206, 38392291, 40401451
37, 1, 21
3, 305704, 36917916, 40144693
38, 1, 21
2, 535032, 39803235, 41804603
39, 1, 21
1, 209090, 40401451, 42403600
40, 1, 21
3, 595546, 40144693, 42146139
41, 1, 21
2, 814780, 41804603, 43813713
42, 1, 21
1, 222068, 42403600, 44417505
43, 1, 21
2, 165855, 43813713, 45820256
44, 1, 21
1, 165830, 44417505, 46421368
45, 1, 21
2, 232187, 45820256, 47824382
46, 1, 21
1, 232162, 46421368, 48423286
47, 1, 21
2, 167297, 47824382, 49830810
48, 1, 21
1, 167272, 48423286, 50433535
49, 1, 21
2, 211999, 49830810, 51836204
50, 1, 21
1, 211974, 50433535, 52435917
51, 1, 21
3, 323008, 42146139, 52903296
52, 1, 21
2, 356224, 51836204, 53839756
53, 1, 21
1, 235046, 52435917, 54444937
54, 1, 21
3, 697928, 52903296, 54903660
55, 1, 21
2, 937350, 53839756, 55840706
56, 1, 21
1, 235046, 54444937, 56447292
57, 1, 21
3, 684950, 54903660, 56906474
58, 1, 21
2, 915720, 55840706, 57842331
59, 1, 21
1, 237930, 56447292, 58451950
60, 1, 21
2, 454255, 57842331, 59850686
61, 1, 21
1, 226394, 58451950, 60453084
62, 1, 21
2, 229303, 59850686, 61863855
63, 1, 21
1, 227836, 60453084, 62453323
64, 1, 21
2, 213441, 61863855, 63868421
65, 1, 21
1, 213416, 62453323, 64457679
