0, 2, 21
2, 54796, 5675295, 6234658
1, 54796, 6242426, 6801637
1, 2, 21
2, 53354, 6234658, 6738284
1, 53354, 6801637, 7304379
2, 2, 21
2, 57680, 6738284, 7247676
1, 57680, 7304379, 7813712
3, 2, 21
2, 54796, 7247676, 7751009
1, 54796, 7813712, 8317898
4, 2, 21
2, 56238, 7751009, 8261253
1, 56238, 8317898, 8828043
5, 2, 21
2, 57680, 8261253, 8773397
1, 57680, 8828043, 9339491
6, 2, 21
2, 56238, 8773397, 9277142
1, 56238, 9339491, 9843877
7, 2, 21
2, 44702, 9277142, 15801839
1, 44702, 9843877, 16367831
8, 2, 21
2, 54796, 15801839, 16307776
1, 54796, 16367831, 16874597
9, 2, 21
2, 87962, 16307776, 17062870
1, 87962, 16874597, 17629932
10, 1, 21
2, 111034, 17062870, 17826727
11, 1, 21
3, 76426, 17081661, 17586725
12, 1, 21
2, 132689, 17826727, 18327435
13, 1, 21
3, 64890, 17586725, 18088783
14, 1, 21
2, 105291, 18327435, 18836442
15, 1, 21
1, 196112, 17629932, 19446370
16, 1, 21
3, 60564, 18088783, 18597897
17, 1, 21
2, 122620, 18836442, 19344266
18, 1, 21
1, 79310, 19446370, 20201080
19, 1, 21
3, 79310, 18597897, 19104367
20, 1, 21
2, 167322, 19344266, 19849460
21, 1, 21
4, 74984, 18469566, 18970780
22, 1, 21
3, 70658, 19104367, 19607984
23, 1, 21
2, 200488, 19849460, 20353231
24, 1, 21
4, 77868, 18970780, 19471433
25, 1, 21
3, 74984, 19607984, 20108023
26, 1, 21
2, 294218, 20353231, 21104266
27, 1, 21
4, 63448, 19471433, 19972846
28, 1, 21
3, 63448, 20108023, 20619723
29, 1, 21
1, 190344, 20201080, 21971674
30, 1, 21
2, 131297, 21104266, 21605165
31, 1, 21
4, 51912, 19972846, 20520141
32, 1, 21
3, 46144, 20619723, 21120141
33, 1, 21
1, 40376, 21971674, 22481287
34, 1, 21
4, 77868, 20520141, 21031130
35, 1, 21
3, 63448, 21120141, 21629127
36, 1, 21
2, 276989, 21605165, 22357882
37, 1, 21
1, 56238, 22481287, 22996327
38, 1, 21
4, 74984, 21031130, 21533903
39, 1, 21
2, 193278, 22357882, 22860040
40, 1, 21
4, 59122, 21533903, 22038329
41, 1, 21
1, 76426, 22996327, 23782453
42, 1, 21
2, 111084, 22860040, 23374412
43, 1, 21
1, 50470, 23782453, 24296589
44, 1, 21
4, 86520, 22038329, 22790035
45, 1, 21
2, 139924, 23374412, 24126885
46, 1, 21
4, 62006, 22790035, 23291200
47, 1, 21
1, 102382, 24296589, 25426426
48, 1, 21
2, 180300, 24126885, 24881670
49, 1, 21
4, 69216, 23291200, 23796816
50, 1, 21
1, 57680, 25426426, 25927481
51, 1, 21
2, 191836, 24881670, 25633623
52, 1, 21
4, 108150, 23796816, 24556228
53, 1, 21
4, 85078, 24556228, 25098354
54, 1, 21
4, 112476, 25098354, 25853103
55, 1, 21
3, 87962, 21629127, 28243515
56, 1, 21
4, 320124, 25853103, 28120134
57, 1, 21
3, 62006, 28243515, 28751264
58, 1, 21
2, 1054252, 25633623, 29428800
59, 1, 21
1, 462882, 25927481, 30080121
60, 1, 21
4, 72100, 28120134, 28624696
61, 1, 21
3, 72100, 28751264, 29256061
62, 1, 21
2, 194745, 29428800, 29929224
63, 1, 21
1, 79310, 30080121, 30840764
64, 1, 21
4, 108150, 28624696, 29374931
65, 1, 21
3, 108150, 29256061, 30006687
66, 1, 21
2, 298569, 29929224, 30681522
67, 1, 21
2, 141316, 30681522, 31181826
68, 1, 21
2, 132664, 31181826, 31683189
69, 1, 21
2, 198996, 31683189, 32434796
70, 1, 21
3, 400876, 30006687, 32788919
71, 1, 21
2, 317265, 32434796, 33965676
72, 1, 21
1, 412412, 30840764, 34776807
73, 1, 21
2, 23097, 33965676, 34469906
74, 1, 21
1, 51912, 34776807, 35528962
75, 1, 21
2, 49053, 34469906, 35225886
76, 1, 21
1, 57680, 35528962, 36303743
77, 1, 21
3, 34608, 32788919, 35202052
78, 1, 21
2, 145692, 35225886, 36001763
79, 1, 21
1, 57680, 36303743, 36805122
80, 1, 21
3, 164388, 35202052, 35765444
81, 1, 21
2, 197604, 36001763, 36503658
82, 1, 21
1, 49028, 36805122, 37314242
83, 1, 21
3, 96614, 35765444, 36275752
84, 1, 21
2, 128388, 36503658, 37009657
85, 1, 21
1, 40376, 37314242, 37823020
86, 1, 21
3, 171598, 36275752, 36778833
87, 1, 21
2, 235096, 37009657, 37511523
88, 1, 21
1, 59122, 37823020, 38327060
89, 1, 21
2, 217767, 37511523, 38012821
90, 1, 21
3, 240814, 36778833, 37532579
91, 1, 21
2, 199021, 38012821, 38513526
92, 1, 21
1, 85078, 38327060, 39087642
93, 1, 21
3, 148526, 37532579, 38032737
94, 1, 21
2, 147134, 38513526, 39023896
95, 1, 21
2, 49028, 39023896, 39528083
96, 1, 21
1, 129780, 39087642, 40352903
97, 1, 21
2, 73567, 39528083, 40287997
98, 1, 21
1, 77868, 40352903, 41102983
99, 1, 21
2, 59147, 40287997, 40794502
100, 1, 21
3, 60564, 38032737, 40439913
101, 1, 21
1, 54796, 41102983, 41608681
102, 1, 21
2, 207698, 40794502, 41539661
103, 1, 21
1, 41818, 41608681, 42137890
104, 1, 21
3, 214858, 40439913, 41193475
105, 1, 21
2, 216350, 41539661, 42040051
106, 1, 21
3, 165830, 41193475, 41696081
107, 1, 21
1, 86520, 42137890, 42881548
108, 1, 21
2, 307196, 42040051, 42790118
109, 1, 21
3, 216300, 41696081, 42447497
110, 1, 21
1, 82194, 42881548, 43637393
111, 1, 21
2, 210582, 42790118, 43291425
112, 1, 21
3, 155736, 42447497, 42952690
113, 1, 21
2, 210557, 43291425, 43792315
114, 1, 21
2, 160062, 43792315, 44551844
115, 1, 21
1, 187460, 43637393, 45409921
116, 1, 21
2, 67799, 44551844, 45313287
117, 1, 21
1, 41818, 45409921, 45933204
118, 1, 21
1, 57680, 45933204, 46696233
119, 1, 21
1, 80752, 46696233, 47452493
120, 1, 21
1, 87962, 47452493, 48209182
121, 1, 21
1, 134106, 48209182, 49497577
122, 1, 21
2, 376487, 45313287, 49142412
123, 1, 21
2, 50470, 49142412, 49647978
124, 1, 21
1, 66332, 49497577, 50253520
125, 1, 21
2, 34633, 49647978, 50153822
126, 1, 21
2, 43260, 50153822, 50663964
127, 1, 21
2, 76426, 50663964, 51425915
128, 1, 21
1, 157178, 50253520, 52041759
129, 1, 21
2, 60589, 51425915, 51934844
130, 1, 21
1, 89404, 52041759, 52793425
131, 1, 21
2, 134131, 51934844, 53070638
132, 1, 21
3, 165830, 42952690, 53230138
133, 1, 21
2, 263911, 53070638, 54204461
134, 1, 21
3, 165830, 53230138, 53734214
135, 1, 21
2, 230745, 54204461, 54705980
136, 1, 21
3, 269654, 53734214, 54487919
137, 1, 21
2, 243723, 54705980, 55208748
138, 1, 21
2, 235046, 55208748, 55709209
139, 1, 21
2, 227836, 55709209, 56209262
140, 1, 21
2, 232162, 56209262, 56711324
141, 1, 21
2, 348964, 56711324, 57461571
142, 1, 21
2, 663320, 57461571, 59215191
143, 1, 21
2, 56238, 59215191, 59719384
144, 1, 21
2, 83636, 59719384, 60476879
145, 1, 21
1, 1160810, 52793425, 62798126
