0, 2, 21
2, 72100, 5689512, 6435179
1, 72104, 6269802, 7015543
1, 2, 21
2, 144200, 6435179, 7727676
1, 144204, 7015543, 8308193
2, 2, 21
2, 144200, 7727676, 9014710
1, 144204, 8308193, 9595142
3, 2, 21
2, 217742, 9014710, 17077251
1, 217746, 9595142, 17657131
4, 2, 21
2, 90846, 17077251, 17734903
1, 72104, 17657131, 18314776
5, 2, 21
2, 82194, 17734903, 18044460
1, 36054, 18314776, 18624977
6, 2, 21
2, 41818, 18044460, 18204817
1, 18750, 18624977, 18785328
7, 2, 21
2, 23072, 18204817, 18292505
1, 10098, 18785328, 18873084
8, 2, 21
2, 340312, 18292505, 19695258
1, 144204, 18873084, 20275858
9, 2, 21
2, 268212, 19695258, 20360425
1, 72104, 20275858, 20941051
10, 2, 21
2, 136990, 20360425, 20687603
1, 36054, 20941051, 21267689
11, 2, 21
2, 72100, 20687603, 20862691
1, 18750, 21267689, 21442498
12, 2, 21
2, 511910, 20862691, 22362633
1, 144204, 21442498, 22942801
13, 2, 21
2, 200438, 22362633, 23068047
1, 72104, 22942801, 23647911
14, 2, 21
2, 102382, 23068047, 23529732
1, 36054, 23647911, 24109983
15, 2, 21
2, 30282, 23529732, 23709129
1, 18750, 24109983, 24289505
16, 2, 21
2, 18746, 23709129, 23810972
1, 10098, 24289505, 24391340
17, 2, 21
2, 347522, 23810972, 25300503
1, 144204, 24391340, 25880682
18, 2, 21
2, 328776, 25300503, 26522912
1, 144204, 25880682, 27103270
19, 2, 21
2, 161504, 26522912, 27141325
1, 72104, 27103270, 27721628
20, 2, 21
2, 330218, 27141325, 28408007
1, 144204, 27721628, 28987484
21, 2, 21
2, 480186, 28408007, 29727352
1, 144204, 28987484, 30307397
22, 2, 21
2, 259560, 29727352, 30376106
1, 72104, 30307397, 30956310
23, 2, 21
2, 128338, 30376106, 30695759
1, 36054, 30956310, 31275939
24, 2, 21
2, 334544, 30695759, 31916528
1, 144204, 31275939, 32496942
25, 2, 21
2, 162946, 31916528, 32528769
1, 72104, 32496942, 33109150
26, 2, 21
2, 79310, 32528769, 32836656
1, 36054, 33109150, 33416897
27, 2, 21
2, 206206, 32836656, 34696431
1, 144204, 33416897, 35276884
28, 2, 21
2, 125454, 34696431, 35645007
1, 72104, 35276884, 36225417
29, 2, 21
2, 144200, 35645007, 35952654
1, 36054, 36225417, 36532204
30, 2, 21
2, 46144, 35952654, 36129200
1, 18750, 36532204, 36708586
31, 2, 21
2, 34608, 36129200, 36214111
1, 10098, 36708586, 36794205
32, 2, 21
2, 14420, 36214111, 36263155
1, 5772, 36794205, 36842487
33, 2, 21
2, 579684, 36263155, 37747432
1, 144204, 36842487, 38327535
34, 2, 21
2, 263886, 37747432, 38399201
1, 72104, 38327535, 38979411
35, 2, 21
2, 69216, 38399201, 38727755
1, 36054, 38979411, 39307652
36, 2, 21
2, 144200, 38727755, 40178036
1, 144204, 39307652, 40757981
37, 2, 21
2, 99498, 40178036, 40799002
1, 72104, 40757981, 41379219
38, 2, 21
2, 582568, 40799002, 42243480
1, 144204, 41379219, 42823258
39, 2, 21
2, 265328, 42243480, 42911753
1, 72104, 42823258, 43491810
40, 2, 21
2, 136990, 42911753, 43224265
1, 36054, 43491810, 43804223
41, 2, 21
2, 70658, 43224265, 43385009
1, 18750, 43804223, 43965130
42, 2, 21
2, 249466, 43385009, 44784355
1, 144204, 43965130, 45364619
43, 2, 21
2, 72100, 44784355, 45735972
1, 72104, 45364619, 46316014
44, 2, 21
2, 36050, 45735972, 46187803
1, 36054, 46316014, 46768158
45, 2, 21
2, 144200, 46187803, 47448732
1, 144204, 46768158, 48029166
46, 2, 21
2, 72100, 47448732, 48052074
1, 72104, 48029166, 48632279
47, 2, 21
2, 144200, 48052074, 49641024
1, 144204, 48632279, 50221303
48, 2, 21
2, 144200, 49641024, 51305260
1, 144204, 50221303, 51885615
49, 2, 21
2, 144200, 51305260, 52524951
1, 144204, 51885615, 53105181
50, 2, 21
2, 72100, 52524951, 53135653
1, 72104, 53105181, 53715412
51, 2, 21
2, 447020, 53135653, 54372921
1, 144204, 53715412, 54952979
52, 2, 21
2, 295610, 54372921, 54977477
1, 72104, 54952979, 55557597
53, 2, 21
2, 138432, 54977477, 55284118
1, 36054, 55557597, 55863937
54, 2, 21
2, 572474, 55284118, 56517663
1, 144204, 55863937, 57097416
55, 2, 21
2, 546518, 56517663, 57729147
1, 144204, 57097416, 58309428
56, 2, 21
2, 413854, 57729147, 58954642
1, 144204, 58309428, 59535200
57, 2, 21
2, 144200, 58954642, 60262398
1, 144204, 59535200, 60842865
58, 2, 21
2, 72100, 60262398, 60906082
1, 72104, 60842865, 61486571
59, 2, 21
2, 144200, 60906082, 62158307
1, 144204, 61486571, 62738874
60, 2, 21
2, 144200, 62158307, 63520389
1, 144204, 62738874, 64100931
61, 2, 21
2, 144200, 63520389, 64851277
1, 144204, 64100931, 65431927
