0, 2, 21
2, 54796, 5588228, 6147621
1, 54796, 6168155, 6727503
1, 2, 21
2, 53354, 6147621, 6649703
1, 53354, 6727503, 7229583
2, 2, 21
2, 57680, 6649703, 7159059
1, 57680, 7229583, 7738937
3, 2, 21
2, 54796, 7159059, 7663057
1, 54796, 7738937, 8242913
4, 2, 21
2, 56238, 7663057, 8173557
1, 56238, 8242913, 8753344
5, 2, 21
2, 57680, 8173557, 8684984
1, 57680, 8753344, 9264721
6, 2, 21
2, 56238, 8684984, 9190243
1, 56238, 9264721, 9770063
7, 2, 21
2, 44702, 9190243, 15714261
1, 44702, 9770063, 16294015
8, 2, 21
2, 54796, 15714261, 16220960
1, 54796, 16294015, 16800909
9, 2, 21
2, 59122, 16220960, 16724264
1, 59122, 16800909, 17303941
10, 2, 21
2, 57680, 16724264, 17236815
1, 57680, 17303941, 17816755
11, 1, 21
2, 77868, 17236815, 17744189
12, 1, 21
1, 56238, 17816755, 18326975
13, 1, 21
3, 77868, 17008900, 17515538
14, 1, 21
2, 134156, 17744189, 18248881
15, 1, 21
1, 59122, 18326975, 18832526
16, 1, 21
3, 64890, 17515538, 18077823
17, 1, 21
2, 103874, 18248881, 18748936
18, 1, 21
1, 51912, 18832526, 19371935
19, 1, 21
3, 69216, 18077823, 18580270
20, 1, 21
2, 122620, 18748936, 19256117
21, 1, 21
1, 51912, 19371935, 19881067
22, 1, 21
3, 79310, 18580270, 19086634
23, 1, 21
2, 157228, 19256117, 19756914
24, 1, 21
1, 56238, 19881067, 20382541
25, 1, 21
4, 73542, 18462594, 18963530
26, 1, 21
3, 73542, 19086634, 19589338
27, 1, 21
2, 199071, 19756914, 20260163
28, 1, 21
1, 54796, 20382541, 20890515
29, 1, 21
4, 76426, 18963530, 19466277
30, 1, 21
3, 76426, 19589338, 20096789
31, 1, 21
2, 206281, 20260163, 20762091
32, 1, 21
1, 56238, 20890515, 21391505
33, 1, 21
4, 63448, 19466277, 19971267
34, 1, 21
3, 62006, 20096789, 20597615
35, 1, 21
2, 165905, 20762091, 21266702
36, 1, 21
1, 51912, 21391505, 21907152
37, 1, 21
4, 49028, 19971267, 20473334
38, 1, 21
3, 47586, 20597615, 21098753
39, 1, 21
2, 147159, 21266702, 21768698
40, 1, 21
1, 41818, 21907152, 22408081
41, 1, 21
4, 69216, 20473334, 20981654
42, 1, 21
3, 74984, 21098753, 21599591
43, 1, 21
2, 204839, 21768698, 22271939
44, 1, 21
1, 59122, 22408081, 22919905
45, 1, 21
4, 72100, 20981654, 21489517
46, 1, 21
2, 178858, 22271939, 22773284
47, 1, 21
1, 56238, 22919905, 23420974
48, 1, 21
4, 59122, 21489517, 21990814
49, 1, 21
2, 100990, 22773284, 23273489
50, 1, 21
1, 43260, 23420974, 23926773
51, 1, 21
4, 67774, 21990814, 22513932
52, 1, 21
2, 100990, 23273489, 23784524
53, 1, 21
1, 43260, 23926773, 24446073
54, 1, 21
4, 47586, 22513932, 23027068
55, 1, 21
2, 102432, 23784524, 24291154
56, 1, 21
1, 49028, 24446073, 24955781
57, 1, 21
4, 73542, 23027068, 23533060
58, 1, 21
2, 128388, 24291154, 24792136
59, 1, 21
1, 56238, 24955781, 25464806
60, 1, 21
4, 74984, 23533060, 24038979
61, 1, 21
2, 132714, 24792136, 25294185
62, 1, 21
1, 59122, 25464806, 25965296
63, 1, 21
4, 72100, 24038979, 24544040
64, 1, 21
2, 132714, 25294185, 25794956
65, 1, 21
1, 59122, 25965296, 26470640
66, 1, 21
4, 79310, 24544040, 25049356
67, 1, 21
2, 138482, 25794956, 26300649
68, 1, 21
1, 60564, 26470640, 26981035
69, 1, 21
4, 76426, 25049356, 25556397
70, 1, 21
2, 135598, 26300649, 26809128
71, 1, 21
1, 59122, 26981035, 27489098
72, 1, 21
4, 73542, 25556397, 26063808
73, 1, 21
2, 129830, 26809128, 27314805
74, 1, 21
1, 57680, 27489098, 27996328
75, 1, 21
4, 74984, 26063808, 26569842
76, 1, 21
2, 135598, 27314805, 27819653
77, 1, 21
1, 59122, 27996328, 28499735
78, 1, 21
4, 76426, 26569842, 27077784
79, 1, 21
2, 132714, 27819653, 28320874
80, 1, 21
1, 59122, 28499735, 29002447
81, 1, 21
3, 62006, 21599591, 27944670
82, 1, 21
4, 69216, 27077784, 27581781
83, 1, 21
2, 167347, 28320874, 28823266
84, 1, 21
1, 57680, 29002447, 29517417
85, 1, 21
3, 62006, 27944670, 28450285
86, 1, 21
4, 63448, 27581781, 28086803
87, 1, 21
2, 178883, 28823266, 29323979
88, 1, 21
1, 50470, 29517417, 30029721
89, 1, 21
3, 72100, 28450285, 28954495
90, 1, 21
4, 72100, 28086803, 28591625
91, 1, 21
2, 196187, 29323979, 29825947
92, 1, 21
1, 54796, 30029721, 30539112
93, 1, 21
3, 76426, 28954495, 29460211
94, 1, 21
4, 74984, 28591625, 29099780
95, 1, 21
2, 203397, 29825947, 30329263
96, 1, 21
1, 57680, 30539112, 31040625
97, 1, 21
3, 72100, 29460211, 29962313
98, 1, 21
4, 70658, 29099780, 29607828
99, 1, 21
2, 196187, 30329263, 30837123
100, 1, 21
1, 60564, 31040625, 31550548
101, 1, 21
3, 74984, 29962313, 30465701
102, 1, 21
2, 132714, 30837123, 31337952
103, 1, 21
1, 60564, 31550548, 32060737
104, 1, 21
3, 73542, 30465701, 30972567
105, 1, 21
2, 129830, 31337952, 31838092
106, 1, 21
1, 59122, 32060737, 32562937
107, 1, 21
3, 73542, 30972567, 31473852
108, 1, 21
2, 134156, 31838092, 32347282
109, 1, 21
1, 59122, 32562937, 33066374
110, 1, 21
3, 72100, 31473852, 31980201
111, 1, 21
2, 129830, 32347282, 32849086
112, 1, 21
1, 57680, 33066374, 33566442
113, 1, 21
3, 63448, 31980201, 32482714
114, 1, 21
2, 111084, 32849086, 33354433
115, 1, 21
1, 50470, 33566442, 34132993
116, 1, 21
2, 25981, 33354433, 33866742
117, 1, 21
1, 21630, 34132993, 34644558
118, 1, 21
2, 31749, 33866742, 34368404
119, 1, 21
1, 34608, 34644558, 35146315
120, 1, 21
2, 36075, 34368404, 34868939
121, 1, 21
1, 37492, 35146315, 35697849
122, 1, 21
2, 41843, 34868939, 35380257
123, 1, 21
3, 37492, 32482714, 34912981
124, 1, 21
1, 53354, 35697849, 36204055
125, 1, 21
2, 186068, 35380257, 35881329
126, 1, 21
3, 164388, 34912981, 35470539
127, 1, 21
1, 57680, 36204055, 36707301
128, 1, 21
2, 161554, 35881329, 36383969
129, 1, 21
3, 96614, 35470539, 35981214
130, 1, 21
1, 34608, 36707301, 37213842
131, 1, 21
2, 161554, 36383969, 36885049
132, 1, 21
3, 170156, 35981214, 36481314
133, 1, 21
1, 54796, 37213842, 37722149
134, 1, 21
2, 233654, 36885049, 37387117
135, 1, 21
3, 165830, 36481314, 36982070
136, 1, 21
1, 57680, 37722149, 38228227
137, 1, 21
2, 210582, 37387117, 37888616
138, 1, 21
3, 148526, 36982070, 37493276
139, 1, 21
1, 56238, 38228227, 38736179
140, 1, 21
2, 203372, 37888616, 38391487
141, 1, 21
1, 57680, 38736179, 39251045
142, 1, 21
2, 96639, 38391487, 38900506
143, 1, 21
1, 49028, 39251045, 39752629
144, 1, 21
2, 47611, 38900506, 39404593
145, 1, 21
1, 44702, 39752629, 40256150
146, 1, 21
2, 49053, 39404593, 39906642
147, 1, 21
1, 57680, 40256150, 40759658
148, 1, 21
2, 59147, 39906642, 40413284
149, 1, 21
1, 54796, 40759658, 41265890
150, 1, 21
3, 136990, 37493276, 40146565
151, 1, 21
2, 103874, 40413284, 40916287
152, 1, 21
1, 38934, 41265890, 41770207
153, 1, 21
3, 134106, 40146565, 40649316
154, 1, 21
2, 178858, 40916287, 41418494
155, 1, 21
1, 59122, 41770207, 42276997
156, 1, 21
3, 160062, 40649316, 41151447
157, 1, 21
2, 222118, 41418494, 41921864
158, 1, 21
1, 59122, 42276997, 42785225
159, 1, 21
3, 165830, 41151447, 41653535
160, 1, 21
2, 200488, 41921864, 42424629
161, 1, 21
1, 53354, 42785225, 43294410
162, 1, 21
3, 136990, 41653535, 42156873
163, 1, 21
2, 212024, 42424629, 42925904
164, 1, 21
1, 59122, 43294410, 43803650
165, 1, 21
3, 164388, 42156873, 42657829
166, 1, 21
2, 219234, 42925904, 43428214
167, 1, 21
1, 53354, 43803650, 44306630
168, 1, 21
3, 155736, 42657829, 43161508
169, 1, 21
2, 155786, 43428214, 43940561
170, 1, 21
1, 47586, 44306630, 44817058
171, 1, 21
2, 47611, 43940561, 44448555
172, 1, 21
1, 50470, 44817058, 45318255
173, 1, 21
2, 41843, 44448555, 44960213
174, 1, 21
1, 36050, 45318255, 45820437
175, 1, 21
2, 36075, 44960213, 45464612
176, 1, 21
1, 37492, 45820437, 46341486
177, 1, 21
2, 41843, 45464612, 45969157
178, 1, 21
1, 53354, 46341486, 46851125
179, 1, 21
2, 56263, 45969157, 46469728
180, 1, 21
1, 57680, 46851125, 47355905
181, 1, 21
2, 59147, 46469728, 46974222
182, 1, 21
1, 59122, 47355905, 47866906
183, 1, 21
2, 59147, 46974222, 47480338
184, 1, 21
1, 60564, 47866906, 48374042
185, 1, 21
2, 57705, 47480338, 47986192
186, 1, 21
1, 50470, 48374042, 48887223
187, 1, 21
2, 47611, 47986192, 48498422
188, 1, 21
1, 38934, 48887223, 49397183
189, 1, 21
2, 41843, 48498422, 49002710
190, 1, 21
1, 49028, 49397183, 49899720
191, 1, 21
2, 43285, 49002710, 49508808
192, 1, 21
1, 36050, 49899720, 50426327
193, 1, 21
2, 37517, 49508808, 50013529
194, 1, 21
1, 41818, 50426327, 50938479
195, 1, 21
2, 41843, 50013529, 50518554
196, 1, 21
1, 50470, 50938479, 51444128
197, 1, 21
2, 53379, 50518554, 51023123
198, 1, 21
1, 59122, 51444128, 51944788
199, 1, 21
2, 60589, 51023123, 51533463
200, 1, 21
1, 60564, 51944788, 52453287
201, 1, 21
2, 60589, 51533463, 52044989
202, 1, 21
1, 59122, 52453287, 52958347
203, 1, 21
2, 59147, 52044989, 52547819
204, 1, 21
1, 60564, 52958347, 53470006
205, 1, 21
2, 59147, 52547819, 53054379
206, 1, 21
1, 59122, 53470006, 53979527
207, 1, 21
3, 1442, 43161508, 52911435
208, 1, 21
2, 76476, 53054379, 53556826
209, 1, 21
1, 59122, 53979527, 54484244
210, 1, 21
3, 165830, 52911435, 53412382
211, 1, 21
2, 222118, 53556826, 54056967
212, 1, 21
1, 59122, 54484244, 54988141
213, 1, 21
3, 177366, 53412382, 53915103
214, 1, 21
2, 240864, 54056967, 54559834
215, 1, 21
1, 60564, 54988141, 55498702
216, 1, 21
3, 184576, 53915103, 54415428
217, 1, 21
2, 242306, 54559834, 55063700
218, 1, 21
1, 60564, 55498702, 56009730
219, 1, 21
3, 171598, 54415428, 54918832
220, 1, 21
2, 230770, 55063700, 55566270
221, 1, 21
1, 57680, 56009730, 56517438
222, 1, 21
3, 173040, 54918832, 55421208
223, 1, 21
2, 230770, 55566270, 56068555
224, 1, 21
1, 60564, 56517438, 57023420
225, 1, 21
3, 174482, 55421208, 55922048
226, 1, 21
2, 235096, 56068555, 56570046
227, 1, 21
1, 60564, 57023420, 57531677
228, 1, 21
3, 171598, 55922048, 56425773
229, 1, 21
2, 230770, 56570046, 57072710
230, 1, 21
1, 60564, 57531677, 58041216
231, 1, 21
3, 167272, 56425773, 56927919
232, 1, 21
2, 226444, 57072710, 57574162
233, 1, 21
1, 59122, 58041216, 58546578
234, 1, 21
3, 164388, 56927919, 57429803
235, 1, 21
2, 225002, 57574162, 58075600
236, 1, 21
1, 60564, 58546578, 59049801
237, 1, 21
3, 177366, 57429803, 57931607
238, 1, 21
2, 219234, 58075600, 58579831
239, 1, 21
1, 56238, 59049801, 59557718
240, 1, 21
2, 54821, 58579831, 59081988
241, 1, 21
1, 56238, 59557718, 60070725
242, 1, 21
2, 54821, 59081988, 59584524
243, 1, 21
1, 56238, 60070725, 60574824
244, 1, 21
2, 56263, 59584524, 60088578
245, 1, 21
1, 56238, 60574824, 61077795
246, 1, 21
2, 57705, 60088578, 60599558
247, 1, 21
1, 57680, 61077795, 61584431
248, 1, 21
2, 57705, 60599558, 61101474
249, 1, 21
1, 59122, 61584431, 62096533
250, 1, 21
2, 57705, 61101474, 61601888
251, 1, 21
1, 57680, 62096533, 62599781
252, 1, 21
2, 57705, 61601888, 62110264
253, 1, 21
1, 53354, 62599781, 63104410
254, 1, 21
2, 53379, 62110264, 62623628
255, 1, 21
1, 53354, 63104410, 63608856
256, 1, 21
2, 53379, 62623628, 63132067
257, 1, 21
1, 53354, 63608856, 64117908
258, 1, 21
2, 53379, 63132067, 63633225
259, 1, 21
1, 54796, 64117908, 64625330
260, 1, 21
2, 54821, 63633225, 64134869
261, 1, 21
1, 54796, 64625330, 65127395
262, 1, 21
2, 56263, 64134869, 64643413
263, 1, 21
1, 57680, 65127395, 65639645
264, 1, 21
2, 56263, 64643413, 65148518
265, 1, 21
1, 56238, 65639645, 66144391
266, 1, 21
2, 56263, 65148518, 65651847
