0, 2, 21
2, 752, 1442025, 4495039, 7374073
1, 752, 1442004, 5057307, 7936235
1, 2, 21
2, 752, 1442025, 7374073, 10321736
1, 752, 1442004, 7936235, 10884096
2, 2, 21
2, 752, 1442025, 10321736, 13230493
1, 752, 1442004, 10884096, 13792439
3, 2, 21
2, 752, 1442025, 13230493, 16199138
1, 752, 1442004, 13792439, 16761087
4, 2, 21
2, 752, 1442025, 16199138, 19579066
1, 752, 1442004, 16761087, 20140872
5, 2, 21
2, 752, 1442025, 19579066, 22625401
1, 752, 1442004, 20140872, 23187176
6, 2, 21
2, 752, 1442025, 22625401, 25922922
1, 752, 1442004, 23187176, 26484570
7, 2, 21
2, 752, 1442025, 25922922, 29291026
1, 752, 1442004, 26484570, 29852434
8, 2, 21
2, 752, 1442025, 29291026, 32365717
1, 752, 1442004, 29852434, 32927721
9, 2, 21
2, 752, 1442025, 32365717, 35601371
1, 752, 1442004, 32927721, 36163207
10, 2, 21
2, 752, 1442025, 35601371, 38649068
1, 752, 1442004, 36163207, 39210996
11, 2, 21
2, 752, 1442025, 38649068, 41718058
1, 752, 1442004, 39210996, 42280026
12, 2, 21
2, 752, 1442025, 41718058, 44911597
1, 752, 1442004, 42280026, 45473642
13, 2, 21
2, 752, 1442025, 44911597, 47992764
1, 752, 1442004, 45473642, 48554731
14, 2, 21
2, 752, 1442025, 47992764, 51102734
1, 752, 1442004, 48554731, 51664720
15, 2, 21
2, 752, 1442025, 51102734, 54254962
1, 752, 1442004, 51664720, 54816918
16, 2, 21
2, 752, 1442025, 54254962, 57247363
1, 752, 1442004, 54816918, 57809229
17, 2, 21
2, 752, 1442025, 57247363, 60463095
1, 752, 1442004, 57809229, 61024946
18, 2, 21
2, 752, 1442025, 60463095, 63565590
1, 752, 1442004, 61024946, 64127480
