0, 2, 21
2, 752, 470117, 4528071, 5528315
1, 752, 470092, 5063345, 6064114
1, 2, 21
2, 752, 516261, 5528315, 6529466
1, 752, 516236, 6064114, 7065244
2, 2, 21
2, 752, 520587, 6529466, 7529519
1, 752, 520562, 7065244, 8065284
3, 2, 21
2, 752, 406669, 7529519, 8592193
1, 752, 406644, 8065284, 9125802
4, 2, 21
2, 752, 509051, 8592193, 9591200
1, 752, 510468, 9125802, 10127049
5, 2, 21
2, 752, 487421, 9591200, 10592000
1, 752, 487396, 10127049, 11127424
6, 2, 21
2, 752, 493189, 10592000, 11593211
1, 752, 493164, 11127424, 12128855
7, 2, 21
2, 752, 517703, 11593211, 12595001
1, 752, 517678, 12128855, 13130784
8, 2, 21
2, 752, 448487, 12595001, 13596293
1, 752, 448462, 13130784, 14131767
9, 2, 21
2, 752, 504725, 13596293, 14596459
1, 752, 504700, 14131767, 15132306
10, 2, 21
2, 752, 480211, 14596459, 15599488
1, 752, 480186, 15132306, 16134172
11, 2, 21
2, 752, 490305, 15599488, 16601183
1, 752, 490280, 16134172, 17136835
12, 2, 21
2, 752, 497515, 16601183, 17602541
1, 752, 497490, 17136835, 18138274
13, 2, 21
2, 752, 480211, 17602541, 18604024
1, 752, 480186, 18138274, 19139819
14, 2, 21
2, 752, 481653, 18604024, 19605648
1, 752, 481628, 19139819, 20141135
15, 2, 21
2, 752, 445603, 19605648, 20606278
1, 752, 445578, 20141135, 21141843
16, 2, 21
2, 752, 496073, 20606278, 21608530
1, 752, 496048, 21141843, 22144263
17, 2, 21
2, 752, 490305, 21608530, 22610466
1, 752, 490280, 22144263, 23145916
18, 2, 21
2, 752, 504725, 22610466, 23610950
1, 752, 504700, 23145916, 24146702
19, 2, 21
2, 752, 483095, 23610950, 24611741
1, 752, 483070, 24146702, 25146963
20, 2, 21
2, 752, 470117, 24611741, 25611873
1, 752, 470092, 25146963, 26147491
21, 2, 21
2, 752, 439835, 25611873, 26611914
1, 752, 439810, 26147491, 27147548
22, 2, 21
2, 752, 520587, 26611914, 27613729
1, 752, 520562, 27147548, 28149077
23, 2, 21
2, 752, 493189, 27613729, 28618126
1, 752, 493164, 28149077, 29153688
24, 2, 21
2, 752, 504725, 28618126, 29620383
1, 752, 504700, 29153688, 30155686
25, 2, 21
2, 752, 483095, 29620383, 30622312
1, 752, 483070, 30155686, 31158008
26, 2, 21
2, 752, 488863, 30622312, 31624304
1, 752, 488838, 31158008, 32159798
27, 2, 21
2, 752, 481653, 31624304, 32626105
1, 752, 481628, 32159798, 33161326
28, 2, 21
2, 752, 510493, 32626105, 33630929
1, 752, 510468, 33161326, 34166591
29, 2, 21
2, 752, 477327, 33630929, 34631630
1, 752, 477302, 34166591, 35166852
30, 2, 21
2, 752, 491747, 34631630, 35633045
1, 752, 491722, 35166852, 36168536
31, 2, 21
2, 752, 478769, 35633045, 36635176
1, 752, 478744, 36168536, 37170543
32, 2, 21
2, 752, 473001, 36635176, 37636680
1, 752, 472976, 37170543, 38172095
33, 2, 21
2, 752, 491747, 37636680, 38638177
1, 752, 491722, 38172095, 39173534
34, 2, 21
2, 752, 457139, 38638177, 39640218
1, 752, 458556, 39173534, 40175604
35, 2, 21
2, 752, 447045, 39640218, 40641635
1, 752, 447020, 40175604, 41176851
36, 2, 21
2, 752, 497515, 40641635, 41643509
1, 752, 497490, 41176851, 42178858
37, 2, 21
2, 752, 480211, 41643509, 42644489
1, 752, 480186, 42178858, 43179536
38, 2, 21
2, 752, 475885, 42644489, 43645339
1, 752, 475860, 43179536, 44180773
39, 2, 21
2, 752, 474443, 43645339, 44646924
1, 752, 474418, 44180773, 45181967
40, 2, 21
2, 752, 493189, 44646924, 45648994
1, 752, 493164, 45181967, 46184421
41, 2, 21
2, 752, 457139, 45648994, 46650047
1, 752, 457114, 46184421, 47185470
42, 2, 21
2, 752, 470117, 46650047, 47650278
1, 752, 470092, 47185470, 48185791
43, 2, 21
2, 752, 498957, 47650278, 48653465
1, 752, 498932, 48185791, 49188887
44, 2, 21
2, 752, 467233, 48653465, 49654209
1, 752, 467208, 49188887, 50189747
45, 2, 21
2, 752, 442719, 49654209, 50656448
1, 752, 442694, 50189747, 51192043
46, 2, 21
2, 752, 461465, 50656448, 51658761
1, 752, 461440, 51192043, 52193798
47, 2, 21
2, 752, 484537, 51658761, 52659295
1, 752, 484512, 52193798, 53194671
48, 2, 21
2, 752, 501841, 52659295, 53660834
1, 752, 501816, 53194671, 54195948
49, 2, 21
2, 752, 468675, 53660834, 54661672
1, 752, 468650, 54195948, 55197217
50, 2, 21
2, 752, 485979, 54661672, 55662660
1, 752, 485954, 55197217, 56198238
51, 2, 21
2, 752, 497515, 55662660, 56665735
1, 752, 497490, 56198238, 57201207
52, 2, 21
2, 752, 462907, 56665735, 57667499
1, 752, 462882, 57201207, 58202958
53, 2, 21
2, 752, 480211, 57667499, 58668521
1, 752, 480186, 58202958, 59203852
54, 2, 21
2, 752, 488863, 58668521, 59668466
1, 752, 488838, 59203852, 60203870
55, 2, 21
2, 752, 470117, 59668466, 60669822
1, 752, 470092, 60203870, 61205328
56, 2, 21
2, 752, 496073, 60669822, 61671102
1, 752, 496048, 61205328, 62206537
57, 2, 21
2, 752, 439835, 61671102, 62671884
1, 752, 439810, 62206537, 63207225
58, 2, 21
2, 752, 493189, 62671884, 63675014
1, 752, 493164, 63207225, 64209852
