0, 2, 21
2, 158620, 4562435, 6069541
1, 158620, 5162183, 6669351
1, 2, 21
2, 276864, 6069541, 14696688
1, 276864, 6669351, 15295519
2, 2, 21
2, 170156, 14696688, 16202641
1, 170156, 15295519, 16802520
3, 1, 21
2, 315798, 16202641, 17725604
4, 1, 21
3, 197554, 16030946, 17531387
5, 1, 21
1, 304262, 16802520, 19373119
6, 1, 21
2, 470142, 17725604, 19226516
7, 1, 21
3, 226394, 17531387, 19031450
8, 1, 21
1, 360500, 19373119, 20873212
9, 1, 21
2, 522054, 19226516, 20734000
10, 1, 21
3, 184576, 19031450, 20535560
11, 1, 21
1, 356174, 20873212, 22379544
12, 1, 21
2, 490330, 20734000, 22236521
13, 1, 21
1, 302820, 22379544, 23881256
14, 1, 21
2, 330243, 22236521, 23739327
15, 1, 21
1, 395108, 23881256, 25383292
16, 1, 21
2, 402343, 23739327, 25241515
17, 1, 21
3, 79310, 20535560, 26999338
18, 1, 21
2, 696511, 25241515, 27768267
19, 1, 21
3, 207648, 26999338, 28499940
20, 1, 21
2, 578267, 27768267, 29274096
21, 1, 21
3, 220626, 28499940, 30006036
22, 1, 21
2, 462907, 29274096, 30786223
23, 1, 21
1, 1404508, 25383292, 31410890
24, 1, 21
2, 408111, 30786223, 32803185
25, 1, 21
1, 191786, 31410890, 33427126
26, 1, 21
2, 108175, 32803185, 34303331
27, 1, 21
3, 249466, 30006036, 33937680
28, 1, 21
1, 167272, 33427126, 35441201
29, 1, 21
2, 486004, 34303331, 35804727
30, 1, 21
3, 408086, 33937680, 35438500
31, 1, 21
1, 203322, 35441201, 37463300
32, 1, 21
2, 650392, 35804727, 37307147
33, 1, 21
3, 470092, 35438500, 36938551
34, 1, 21
2, 211999, 37307147, 38814328
35, 1, 21
3, 4326, 36938551, 39167945
36, 1, 21
2, 312939, 38814328, 40315905
37, 1, 21
3, 451346, 39167945, 40670959
38, 1, 21
2, 625853, 40315905, 41818046
39, 1, 21
3, 459998, 40670959, 42184718
40, 1, 21
2, 500399, 41818046, 43839219
41, 1, 21
1, 726768, 37463300, 44516229
42, 1, 21
2, 193253, 43839219, 45855411
43, 1, 21
1, 197554, 44516229, 46540264
44, 1, 21
1, 206206, 46540264, 48586147
45, 1, 21
1, 175924, 48586147, 50588133
46, 1, 21
1, 178808, 50588133, 52098919
47, 1, 21
3, 7210, 42184718, 51950626
48, 1, 21
2, 859557, 45855411, 52883988
49, 1, 21
3, 527772, 51950626, 53453487
50, 1, 21
2, 709489, 52883988, 54386523
51, 1, 21
2, 1143506, 54386523, 56889902
52, 1, 21
2, 390782, 56889902, 58392146
53, 1, 21
2, 168714, 58392146, 59894861
54, 1, 21
1, 1153600, 52098919, 62110995
