0, 2, 21
2, 72100, 4559392, 5304351
1, 72104, 5121919, 5868730
1, 2, 21
2, 144200, 5304351, 6600260
1, 144204, 5868730, 7165015
2, 2, 21
2, 144200, 6600260, 7889803
1, 144204, 7165015, 8454608
3, 2, 21
2, 217742, 7889803, 15955367
1, 217746, 8454608, 16520113
4, 2, 21
2, 77868, 15955367, 16614598
1, 72104, 16520113, 17178826
5, 2, 21
2, 82194, 16614598, 16926258
1, 36054, 17178826, 17490324
6, 2, 21
2, 44702, 16926258, 17086727
1, 18750, 17490324, 17650868
7, 2, 21
2, 21630, 17086727, 17174351
1, 10098, 17650868, 17738559
8, 2, 21
2, 344638, 17174351, 18577832
1, 155740, 17738559, 19141122
9, 2, 21
2, 269654, 18577832, 19241656
1, 171602, 19141122, 19806376
10, 2, 21
2, 134106, 19241656, 19562871
1, 85082, 19806376, 20127740
11, 2, 21
2, 70658, 19562871, 19731441
1, 44706, 20127740, 20296190
12, 2, 21
2, 497490, 19731441, 21179675
1, 321570, 20296190, 21744403
13, 2, 21
2, 214858, 21179675, 21823202
1, 155740, 21744403, 22386662
14, 2, 21
2, 98056, 21823202, 22262589
1, 98060, 22386662, 22827547
15, 2, 21
2, 38934, 22262589, 22435068
1, 38938, 22827547, 22999962
16, 2, 21
2, 12978, 22435068, 22530648
1, 12982, 22999962, 23095549
17, 2, 21
2, 343196, 22530648, 24014657
1, 343200, 23095549, 24579244
18, 2, 21
2, 330218, 24014657, 25235448
1, 330222, 24579244, 25799919
19, 2, 21
2, 162946, 25235448, 25853202
1, 162950, 25799919, 26417849
20, 2, 21
2, 327334, 25853202, 27096420
1, 327338, 26417849, 27661045
21, 2, 21
2, 442694, 27096420, 28400708
1, 321570, 27661045, 28965345
22, 2, 21
2, 258118, 28400708, 29039706
1, 165834, 28965345, 29604178
23, 2, 21
2, 124012, 29039706, 29348212
1, 79314, 29604178, 29912413
24, 2, 21
2, 351848, 29348212, 30564806
1, 171602, 29912413, 31129505
25, 2, 21
2, 161504, 30564806, 31176738
1, 72104, 31129505, 31741504
26, 2, 21
2, 80752, 31176738, 31482345
1, 36054, 31741504, 32047162
27, 2, 21
2, 249466, 31482345, 33342901
1, 144204, 32047162, 33907138
28, 2, 21
2, 72100, 33342901, 34290914
1, 72104, 33907138, 34855678
29, 2, 21
2, 89404, 34290914, 34597768
1, 36054, 34855678, 35162218
30, 2, 21
2, 77868, 34597768, 34767477
1, 18750, 35162218, 35332159
31, 2, 21
2, 40376, 34767477, 34852772
1, 10098, 35332159, 35417515
32, 2, 21
2, 21630, 34852772, 34901011
1, 5772, 35417515, 35465767
33, 2, 21
2, 540750, 34901011, 36385719
1, 144204, 35465767, 36950372
34, 2, 21
2, 271096, 36385719, 37047460
1, 72104, 36950372, 37601752
35, 2, 21
2, 131222, 37047460, 37364234
1, 36054, 37601752, 37928805
36, 2, 21
2, 171598, 37364234, 38814438
1, 144204, 37928805, 39378400
37, 2, 21
2, 72100, 38814438, 39435843
1, 72104, 39378400, 39999728
38, 2, 21
2, 510468, 39435843, 40879610
1, 144204, 39999728, 41443236
39, 2, 21
2, 262444, 40879610, 41547830
1, 72104, 41443236, 42111781
40, 2, 21
2, 136990, 41547830, 41859538
1, 36054, 42111781, 42424152
41, 2, 21
2, 70658, 41859538, 42020275
1, 18750, 42424152, 42584832
42, 2, 21
2, 348964, 42020275, 43419366
1, 144204, 42584832, 43983448
43, 2, 21
2, 72100, 43419366, 44372810
1, 72104, 43983448, 44937550
44, 2, 21
2, 36050, 44372810, 44827697
1, 36054, 44937550, 45392408
45, 2, 21
2, 144200, 44827697, 46085408
1, 144204, 45392408, 46650123
46, 2, 21
2, 72100, 46085408, 46688132
1, 72104, 46650123, 47252821
47, 2, 21
2, 144200, 46688132, 48276351
1, 144204, 47252821, 48841140
48, 2, 21
2, 144200, 48276351, 49940462
1, 144204, 48841140, 50505219
49, 2, 21
2, 144200, 49940462, 51159641
1, 144204, 50505219, 51724290
50, 2, 21
2, 72100, 51159641, 51770620
1, 72104, 51724290, 52335215
51, 2, 21
2, 334544, 51770620, 53007770
1, 144204, 52335215, 53572304
52, 2, 21
2, 292726, 53007770, 53612743
1, 72104, 53572304, 54176839
53, 2, 21
2, 149968, 53612743, 53918720
1, 36054, 54176839, 54483270
54, 2, 21
2, 569590, 53918720, 55151674
1, 144204, 54483270, 55716211
55, 2, 21
2, 556612, 55151674, 56363207
1, 144204, 55716211, 56927843
56, 2, 21
2, 510468, 56363207, 57588186
1, 144204, 56927843, 58152945
57, 2, 21
2, 144200, 57588186, 58895317
1, 144204, 58152945, 59460199
58, 2, 21
2, 72100, 58895317, 59538640
1, 72104, 59460199, 60103596
59, 2, 21
2, 144200, 59538640, 60790508
1, 144204, 60103596, 61355396
60, 2, 21
2, 144200, 60790508, 62152117
1, 144204, 61355396, 62717066
61, 2, 21
2, 144200, 62152117, 63482246
1, 144204, 62717066, 64046716
