0, 2, 21
2, 158620, 4532133, 6038783
1, 158620, 5098561, 6605267
1, 2, 21
2, 165830, 6038783, 7545557
1, 165830, 6605267, 8111515
2, 2, 21
2, 111034, 7545557, 14660548
1, 111034, 8111515, 15226448
3, 2, 21
2, 170156, 14660548, 16169154
1, 170156, 15226448, 16735450
4, 2, 21
2, 317240, 16169154, 17670023
1, 167272, 16735450, 18236101
5, 1, 21
3, 200438, 15965279, 17466907
6, 2, 21
2, 471559, 17670023, 19172505
1, 248024, 18236101, 19737945
7, 1, 21
3, 227836, 17466907, 18973251
8, 1, 21
2, 522029, 19172505, 20674957
9, 1, 21
1, 337428, 19737945, 21244371
10, 1, 21
3, 186018, 18973251, 20480134
11, 2, 21
2, 491772, 20674957, 22180682
1, 363384, 21244371, 22747273
12, 2, 21
2, 327334, 22180682, 23681818
1, 327334, 22747273, 24247279
13, 2, 21
2, 405202, 23681818, 25189057
1, 405202, 24247279, 25755397
14, 2, 21
2, 392224, 25189057, 26691490
1, 392224, 25755397, 27255431
15, 1, 21
3, 73542, 20480134, 26907814
16, 2, 21
2, 471559, 26691490, 28192710
1, 373478, 27255431, 28758891
17, 1, 21
3, 209090, 26907814, 28413797
18, 1, 21
2, 595571, 28192710, 29697387
19, 1, 21
1, 380688, 28758891, 30266176
20, 1, 21
3, 217742, 28413797, 29914415
21, 2, 21
2, 400926, 29697387, 31209101
1, 177366, 30266176, 31774779
22, 1, 21
3, 211974, 29914415, 31417916
23, 2, 21
2, 278331, 31209101, 32747385
1, 136990, 31774779, 33313816
24, 2, 21
2, 106708, 32747385, 34250610
1, 106708, 33313816, 34816199
25, 1, 21
3, 38934, 31417916, 33857779
26, 1, 21
2, 488863, 34250610, 35753055
27, 1, 21
1, 145642, 34816199, 36323555
28, 1, 21
3, 400876, 33857779, 35360141
29, 1, 21
2, 644624, 35753055, 37255109
30, 1, 21
1, 170156, 36323555, 37829866
31, 1, 21
3, 465766, 35360141, 36861003
32, 1, 21
2, 214908, 37255109, 38762625
33, 1, 21
1, 151410, 37829866, 39341515
34, 1, 21
3, 15862, 36861003, 39125013
35, 1, 21
2, 310080, 38762625, 40265316
36, 1, 21
1, 151410, 39341515, 40850040
37, 1, 21
3, 458556, 39125013, 40627925
38, 1, 21
2, 633088, 40265316, 41766486
39, 1, 21
1, 170156, 40850040, 42361865
40, 1, 21
3, 455672, 40627925, 42130662
41, 1, 21
2, 452838, 41766486, 43277049
42, 1, 21
1, 157178, 42361865, 43867714
43, 1, 21
2, 119711, 43277049, 44780783
44, 1, 21
1, 119686, 43867714, 45374412
45, 1, 21
2, 173065, 44780783, 46285948
46, 1, 21
1, 173040, 45374412, 46876665
47, 1, 21
2, 147109, 46285948, 47795108
48, 1, 21
1, 147084, 46876665, 48386883
49, 1, 21
2, 122595, 47795108, 49305674
50, 1, 21
1, 122570, 48386883, 49898041
51, 1, 21
2, 170181, 49305674, 50811874
52, 1, 21
1, 170156, 49898041, 51404348
53, 1, 21
2, 175949, 50811874, 52313582
54, 1, 21
1, 175924, 51404348, 52904923
55, 1, 21
3, 4326, 42130662, 51888720
56, 1, 21
2, 656160, 52313582, 53815306
57, 1, 21
1, 177366, 52904923, 54410778
58, 1, 21
3, 526330, 51888720, 53388974
59, 1, 21
2, 697978, 53815306, 55316810
60, 1, 21
1, 177366, 54410778, 55922163
61, 1, 21
3, 519120, 53388974, 54891418
62, 1, 21
2, 682116, 55316810, 56818224
63, 1, 21
1, 178808, 55922163, 57432825
64, 1, 21
3, 501816, 54891418, 56393810
65, 1, 21
2, 395158, 56818224, 58320672
66, 1, 21
1, 171598, 57432825, 58941824
67, 1, 21
2, 168739, 58320672, 59829297
68, 1, 21
1, 168714, 58941824, 60444785
69, 1, 21
2, 170181, 59829297, 61341884
70, 1, 21
1, 168714, 60444785, 61948795
71, 1, 21
2, 160087, 61341884, 62844235
72, 1, 21
1, 160062, 61948795, 63458344
73, 1, 21
2, 167297, 62844235, 64352049
74, 1, 21
1, 167272, 63458344, 64958918
