0, 2, 21
2, 100940, 5645283, 6647805
1, 100940, 6191881, 7194101
1, 2, 21
2, 111034, 6647805, 7651205
1, 111034, 7194101, 8197644
2, 2, 21
2, 223510, 7651205, 15780906
1, 223510, 8197644, 16327211
3, 2, 21
2, 113918, 15780906, 16790702
1, 113918, 16327211, 17337111
4, 1, 21
2, 138432, 16790702, 17800901
5, 1, 21
1, 112476, 17337111, 18346617
6, 1, 21
3, 141316, 17044970, 18069425
7, 1, 21
2, 237980, 17800901, 18807340
8, 1, 21
3, 138432, 18069425, 19078226
9, 1, 21
2, 284099, 18807340, 19808573
10, 1, 21
1, 213416, 18346617, 20356872
11, 1, 21
4, 148526, 18452839, 19457136
12, 1, 21
3, 148526, 19078226, 20081425
13, 1, 21
2, 406719, 19808573, 20813953
14, 1, 21
1, 111034, 20356872, 21370768
15, 1, 21
4, 116802, 19457136, 20460821
16, 1, 21
3, 111034, 20081425, 21084757
17, 1, 21
2, 311547, 20813953, 21816642
18, 1, 21
1, 98056, 21370768, 22425410
19, 1, 21
4, 142758, 20460821, 21465211
20, 1, 21
3, 141316, 21084757, 22090854
21, 1, 21
2, 389415, 21816642, 22819989
22, 1, 21
1, 113918, 22425410, 23431938
23, 1, 21
4, 124012, 21465211, 22505451
24, 1, 21
2, 201930, 22819989, 23828501
25, 1, 21
1, 86520, 23431938, 24442328
26, 1, 21
4, 125454, 22505451, 23512736
27, 1, 21
2, 226444, 23828501, 24833843
28, 1, 21
1, 99498, 24442328, 25453512
29, 1, 21
4, 145642, 23512736, 24515703
30, 1, 21
2, 263936, 24833843, 25836121
31, 1, 21
1, 116802, 25453512, 26454167
32, 1, 21
4, 151410, 24515703, 25515980
33, 1, 21
4, 147084, 25515980, 26517098
34, 1, 21
1, 233604, 26454167, 28457566
35, 1, 21
3, 7210, 22090854, 28063747
36, 1, 21
4, 145642, 26517098, 27520384
37, 1, 21
2, 822090, 25836121, 28838467
38, 1, 21
3, 134106, 28063747, 29073726
39, 1, 21
2, 374945, 28838467, 29838522
40, 1, 21
1, 224952, 28457566, 30485824
41, 1, 21
3, 148526, 29073726, 30081712
42, 1, 21
1, 116802, 30485824, 31493901
43, 1, 21
2, 651859, 29838522, 31846525
44, 1, 21
3, 291284, 30081712, 32086471
45, 1, 21
2, 421089, 31846525, 33926179
46, 1, 21
1, 308588, 31493901, 34511819
47, 1, 21
2, 66357, 33926179, 34930291
48, 1, 21
3, 103824, 32086471, 35033335
49, 1, 21
2, 206231, 34930291, 35933145
50, 1, 21
1, 162946, 34511819, 36519596
51, 1, 21
3, 250908, 35033335, 36037307
52, 1, 21
2, 323058, 35933145, 36936639
53, 1, 21
3, 324450, 36037307, 37041645
54, 1, 21
2, 441277, 36936639, 37936712
55, 1, 21
1, 201880, 36519596, 38522191
56, 1, 21
3, 301378, 37041645, 38045071
57, 1, 21
2, 318732, 37936712, 38943196
58, 1, 21
1, 108150, 38522191, 39533659
59, 1, 21
2, 93755, 38943196, 39954847
60, 1, 21
1, 96614, 39533659, 40549419
61, 1, 21
3, 5768, 38045071, 40278456
62, 1, 21
2, 145692, 39954847, 40955554
63, 1, 21
3, 292726, 40278456, 41279322
64, 1, 21
2, 393691, 40955554, 41956545
65, 1, 21
1, 209090, 40549419, 42559684
66, 1, 21
2, 901275, 41956545, 45016003
67, 1, 21
1, 311472, 42559684, 45614601
68, 1, 21
1, 76426, 45614601, 46620428
69, 1, 21
2, 187510, 45016003, 47025643
70, 1, 21
1, 112476, 46620428, 47620797
71, 1, 21
2, 116827, 47025643, 48025858
72, 1, 21
1, 203322, 47620797, 49630758
73, 1, 21
1, 171598, 49630758, 51640775
74, 1, 21
1, 121128, 51640775, 52670362
75, 1, 21
3, 625828, 41279322, 53086549
76, 1, 21
2, 747056, 48025858, 54070103
77, 1, 21
1, 233604, 52670362, 54670422
78, 1, 21
3, 324450, 53086549, 54088471
79, 1, 21
2, 426882, 54070103, 55078671
80, 1, 21
2, 464324, 55078671, 56080026
81, 1, 21
3, 666204, 54088471, 56090929
82, 1, 21
2, 912811, 56080026, 58084439
83, 1, 21
3, 674856, 56090929, 58091719
84, 1, 21
2, 379271, 58084439, 59098966
85, 1, 21
2, 111034, 59098966, 60102417
86, 1, 21
1, 1137738, 54670422, 64681978
