0, 2, 21
2, 72100, 5475064, 6223799
1, 72104, 6061942, 6810078
1, 2, 21
2, 144200, 6223799, 7518257
1, 144204, 6810078, 8104438
2, 2, 21
2, 144200, 7518257, 8806870
1, 144204, 8104438, 9392624
3, 2, 21
2, 217742, 8806870, 16868279
1, 217746, 9392624, 17454957
4, 2, 21
2, 77868, 16868279, 17526628
1, 72104, 17454957, 18112287
5, 2, 21
2, 82194, 17526628, 17836061
1, 36054, 18112287, 18422781
6, 2, 21
2, 43260, 17836061, 17996568
1, 18750, 18422781, 18583284
7, 2, 21
2, 23072, 17996568, 18084528
1, 10098, 18583284, 18671215
8, 2, 21
2, 334544, 18084528, 19487472
1, 144204, 18671215, 20074212
9, 2, 21
2, 268212, 19487472, 20152370
1, 72104, 20074212, 20739073
10, 2, 21
2, 132664, 20152370, 20473633
1, 36054, 20739073, 21060326
11, 2, 21
2, 69216, 20473633, 20642016
1, 18750, 21060326, 21228620
12, 2, 21
2, 487396, 20642016, 22090423
1, 144204, 21228620, 22676763
13, 2, 21
2, 227836, 22090423, 22733129
1, 72104, 22676763, 23319374
14, 2, 21
2, 83636, 22733129, 23174334
1, 36054, 23319374, 23760310
15, 2, 21
2, 44702, 23174334, 23346450
1, 18750, 23760310, 23932775
16, 2, 21
2, 24514, 23346450, 23444278
1, 10098, 23932775, 24030654
17, 2, 21
2, 320124, 23444278, 24925952
1, 144204, 24030654, 25512278
18, 2, 21
2, 327334, 24925952, 26146958
1, 144204, 25512278, 26733253
19, 2, 21
2, 164388, 26146958, 26764979
1, 72104, 26733253, 27351181
20, 2, 21
2, 327334, 26764979, 28008202
1, 144204, 27351181, 28594446
21, 2, 21
2, 436926, 28008202, 29312201
1, 144204, 28594446, 29898370
22, 2, 21
2, 253792, 29312201, 29951175
1, 72104, 29898370, 30537358
23, 2, 21
2, 124012, 29951175, 30259610
1, 36054, 30537358, 30845322
24, 2, 21
2, 389340, 30259610, 31476794
1, 144204, 30845322, 32062583
25, 2, 21
2, 162946, 31476794, 32087778
1, 72104, 32062583, 32674231
26, 2, 21
2, 79310, 32087778, 32394549
1, 36054, 32674231, 32979751
27, 2, 21
2, 253792, 32394549, 34253425
1, 144204, 32979751, 34839533
28, 2, 21
2, 72100, 34253425, 35201434
1, 72104, 34839533, 35787834
29, 2, 21
2, 79310, 35201434, 35508735
1, 36054, 35787834, 36094379
30, 2, 21
2, 77868, 35508735, 35678399
1, 18750, 36094379, 36264575
31, 2, 21
2, 40376, 35678399, 35764090
1, 10098, 36264575, 36349695
32, 2, 21
2, 24514, 35764090, 35811709
1, 5772, 36349695, 36397936
33, 2, 21
2, 543634, 35811709, 37296446
1, 144204, 36397936, 37882749
34, 2, 21
2, 266770, 37296446, 37947860
1, 72104, 37882749, 38534248
35, 2, 21
2, 136990, 37947860, 38274843
1, 36054, 38534248, 38861235
36, 2, 21
2, 180250, 38274843, 39724321
1, 144204, 38861235, 40310774
37, 2, 21
2, 72100, 39724321, 40345295
1, 72104, 40310774, 40931828
38, 2, 21
2, 500374, 40345295, 41788756
1, 144204, 40931828, 42375156
39, 2, 21
2, 266770, 41788756, 42459688
1, 72104, 42375156, 43045548
40, 2, 21
2, 136990, 42459688, 42772751
1, 36054, 43045548, 43358302
41, 2, 21
2, 74984, 42772751, 42941848
1, 18750, 43358302, 43528220
42, 2, 21
2, 353290, 42941848, 44347237
1, 144204, 43528220, 44933787
43, 2, 21
2, 72100, 44347237, 45304067
1, 72104, 44933787, 45890504
44, 2, 21
2, 36050, 45304067, 45757752
1, 36054, 45890504, 46343068
45, 2, 21
2, 144200, 45757752, 47018976
1, 144204, 46343068, 47605318
46, 2, 21
2, 72100, 47018976, 47623400
1, 72104, 47605318, 48209102
47, 2, 21
2, 144200, 47623400, 49215334
1, 144204, 48209102, 49800987
48, 2, 21
2, 144200, 49215334, 50886643
1, 144204, 49800987, 51471756
49, 2, 21
2, 144200, 50886643, 52116511
1, 144204, 51471756, 52701572
50, 2, 21
2, 72100, 52116511, 52727554
1, 72104, 52701572, 53313184
51, 2, 21
2, 344638, 52727554, 53975802
1, 144204, 53313184, 54562019
52, 2, 21
2, 297052, 53975802, 54593795
1, 72104, 54562019, 55179095
53, 2, 21
2, 147084, 54593795, 54904974
1, 36054, 55179095, 55489325
54, 2, 21
2, 565264, 54904974, 56149863
1, 144204, 55489325, 56735374
55, 2, 21
2, 553728, 56149863, 57362667
1, 144204, 56735374, 57948401
56, 2, 21
2, 503258, 57362667, 58587772
1, 144204, 57948401, 59174147
57, 2, 21
2, 144200, 58587772, 59896186
1, 144204, 59174147, 60482327
58, 2, 21
2, 72100, 59896186, 60539979
1, 72104, 60482327, 61126190
59, 2, 21
2, 144200, 60539979, 61791892
1, 144204, 61126190, 62378510
60, 2, 21
2, 144200, 61791892, 63155530
1, 144204, 62378510, 63742160
61, 2, 21
2, 144200, 63155530, 64486135
1, 144204, 63742160, 65072265
