0, 2, 21
2, 102382, 5505248, 6515756
1, 102382, 6065744, 7076025
1, 2, 21
2, 111034, 6515756, 7516491
1, 111034, 7076025, 8076484
2, 1, 21
1, 111034, 8076484, 9076508
3, 1, 21
2, 112501, 7516491, 8528915
4, 2, 21
2, 109592, 8528915, 15630218
1, 111034, 9076508, 16190610
5, 2, 21
2, 113918, 15630218, 16639950
1, 113918, 16190610, 17200256
6, 1, 21
2, 128338, 16639950, 17645516
7, 1, 21
1, 112476, 17200256, 18209728
8, 1, 21
3, 141316, 16992811, 18006434
9, 1, 21
2, 240864, 17645516, 18645897
10, 1, 21
1, 112476, 18209728, 19272696
11, 1, 21
3, 136990, 18006434, 19006849
12, 1, 21
2, 262494, 18645897, 19646395
13, 1, 21
1, 106708, 19272696, 20279012
14, 1, 21
4, 154294, 18426058, 19431119
15, 1, 21
3, 149968, 19006849, 20013230
16, 1, 21
2, 409603, 19646395, 20647934
17, 1, 21
1, 111034, 20279012, 21287691
18, 1, 21
3, 116802, 20013230, 21013668
19, 1, 21
4, 113918, 19431119, 20464889
20, 1, 21
2, 315873, 20647934, 21648263
21, 1, 21
1, 92288, 21287691, 22292142
22, 1, 21
4, 151410, 20464889, 21469379
23, 1, 21
2, 396600, 21648263, 22649288
24, 1, 21
1, 115360, 22292142, 23302155
25, 1, 21
4, 118244, 21469379, 22478754
26, 1, 21
2, 204814, 22649288, 23651474
27, 1, 21
1, 86520, 23302155, 24305781
28, 1, 21
4, 128338, 22478754, 23483266
29, 1, 21
2, 227886, 23651474, 24655071
30, 1, 21
1, 100940, 24305781, 25309805
31, 1, 21
4, 148526, 23483266, 24488918
32, 1, 21
2, 265378, 24655071, 25655802
33, 1, 21
1, 118244, 25309805, 26319916
34, 1, 21
4, 154294, 24488918, 25493170
35, 1, 21
2, 271146, 25655802, 26658106
36, 1, 21
1, 118244, 26319916, 27322604
37, 1, 21
4, 148526, 25493170, 26501026
38, 1, 21
2, 263936, 26658106, 27662564
39, 1, 21
1, 115360, 27322604, 28323569
40, 1, 21
3, 142758, 21013668, 27949521
41, 1, 21
4, 144200, 26501026, 27502892
42, 1, 21
2, 287033, 27662564, 28668381
43, 1, 21
1, 118244, 28323569, 29329100
44, 1, 21
3, 134106, 27949521, 28964981
45, 1, 21
4, 135548, 27502892, 28509335
46, 1, 21
2, 376437, 28668381, 29670752
47, 1, 21
1, 105266, 29329100, 30329715
48, 1, 21
3, 148526, 28964981, 29972156
49, 1, 21
2, 393716, 29670752, 30672595
50, 1, 21
1, 118244, 30329715, 31340899
51, 1, 21
3, 149968, 29972156, 30979591
52, 1, 21
2, 266820, 30672595, 31679306
53, 1, 21
1, 119686, 31340899, 32352525
54, 1, 21
3, 148526, 30979591, 31982008
55, 1, 21
2, 266820, 31679306, 32679394
56, 1, 21
1, 118244, 32352525, 33356260
57, 1, 21
2, 151435, 32679394, 33713849
58, 1, 21
1, 70658, 33356260, 34359167
59, 1, 21
2, 66357, 33713849, 34726295
60, 1, 21
1, 67774, 34359167, 35383662
61, 1, 21
3, 96614, 31982008, 34881594
62, 1, 21
2, 197604, 34726295, 35726629
63, 1, 21
1, 100940, 35383662, 36387449
64, 1, 21
3, 250908, 34881594, 35882596
65, 1, 21
2, 323058, 35726629, 36727461
66, 1, 21
1, 87962, 36387449, 37392681
67, 1, 21
3, 325892, 35882596, 36883102
68, 1, 21
2, 447070, 36727461, 37727618
69, 1, 21
1, 113918, 37392681, 38397793
70, 1, 21
3, 302820, 36883102, 37883842
71, 1, 21
2, 324500, 37727618, 38731643
72, 1, 21
1, 109592, 38397793, 39400289
73, 1, 21
2, 93755, 38731643, 39739017
74, 1, 21
1, 95172, 39400289, 40410410
75, 1, 21
3, 2884, 37883842, 40109268
76, 1, 21
2, 134156, 39739017, 40739793
77, 1, 21
1, 102382, 40410410, 41414430
78, 1, 21
3, 294168, 40109268, 41111241
79, 1, 21
2, 399484, 40739793, 41742220
80, 1, 21
1, 108150, 41414430, 42424044
81, 1, 21
3, 302820, 41111241, 42114184
82, 1, 21
2, 409578, 41742220, 42743150
83, 1, 21
1, 111034, 42424044, 43432005
84, 1, 21
3, 320124, 42114184, 43117379
85, 1, 21
2, 406694, 42743150, 43750121
86, 1, 21
1, 109592, 43432005, 44434470
87, 1, 21
2, 90871, 43750121, 44759755
88, 1, 21
1, 89404, 44434470, 45465057
89, 1, 21
2, 76451, 44759755, 45771019
90, 1, 21
1, 80752, 45465057, 46477223
91, 1, 21
2, 115385, 45771019, 46781625
92, 1, 21
1, 116802, 46477223, 47489011
93, 1, 21
2, 118269, 46781625, 47787692
94, 1, 21
1, 116802, 47489011, 48517083
95, 1, 21
2, 87987, 47787692, 48797742
96, 1, 21
1, 89404, 48517083, 49534564
97, 1, 21
2, 80777, 48797742, 49808886
98, 1, 21
1, 80752, 49534564, 50535321
99, 1, 21
2, 93755, 49808886, 50815933
100, 1, 21
1, 95172, 50535321, 51537297
101, 1, 21
2, 119711, 50815933, 51825435
102, 1, 21
1, 119686, 51537297, 52545953
103, 1, 21
2, 118269, 51825435, 52833454
104, 1, 21
1, 118244, 52545953, 53555411
105, 1, 21
3, 1442, 43117379, 52867337
106, 1, 21
2, 256726, 52833454, 53835365
107, 1, 21
1, 118244, 53555411, 54566395
108, 1, 21
3, 341754, 52867337, 53867948
109, 1, 21
2, 475910, 53835365, 54836545
110, 1, 21
1, 119686, 54566395, 55573211
111, 1, 21
3, 356174, 53867948, 54869573
112, 1, 21
2, 461490, 54836545, 55837696
113, 1, 21
1, 116802, 55573211, 56578993
114, 1, 21
3, 347522, 54869573, 55872164
115, 1, 21
2, 464374, 55837696, 56839638
116, 1, 21
1, 119686, 56578993, 57582307
117, 1, 21
3, 337428, 55872164, 56874368
118, 1, 21
2, 451396, 56839638, 57840508
119, 1, 21
1, 118244, 57582307, 58582612
120, 1, 21
3, 340312, 56874368, 57876364
121, 1, 21
2, 325942, 57840508, 58850107
122, 1, 21
1, 113918, 58582612, 59583222
123, 1, 21
2, 111059, 58850107, 59856110
124, 1, 21
1, 111034, 59583222, 60587653
125, 1, 21
2, 113943, 59856110, 60867470
126, 1, 21
1, 115360, 60587653, 61598420
127, 1, 21
2, 115385, 60867470, 61869786
128, 1, 21
1, 115360, 61598420, 62611554
129, 1, 21
2, 106733, 61869786, 62875600
130, 1, 21
1, 105266, 62611554, 63616929
131, 1, 21
2, 106733, 62875600, 63877706
132, 1, 21
1, 108150, 63616929, 64619828
133, 1, 21
2, 111059, 63877706, 64878412
134, 1, 21
1, 111034, 64619828, 65620740
