0, 2, 21
2, 752, 1018077, 4465072, 6465905
1, 752, 1018052, 4999833, 7001413
1, 2, 21
2, 752, 973375, 6465905, 8468929
1, 752, 973350, 7001413, 9002851
2, 2, 21
2, 752, 987795, 8468929, 10468728
1, 752, 987770, 9002851, 11004252
3, 2, 21
2, 752, 1467, 20469089, 20471916
1, 752, 4930198, 11004252, 21007074
4, 2, 21
2, 752, 983469, 20471916, 22472397
1, 752, 983444, 21007074, 23007452
5, 2, 21
2, 752, 4915803, 22472397, 32474426
1, 752, 4915778, 23007452, 33009419
6, 2, 21
2, 752, 1910675, 32474426, 36511517
1, 752, 1910650, 33009419, 37046535
7, 2, 21
2, 752, 4907151, 36511517, 46513690
1, 752, 4908568, 37046535, 47048331
8, 2, 21
2, 752, 2914307, 46513690, 52534130
1, 752, 2914282, 47048331, 53068657
9, 2, 21
2, 752, 2866721, 52534130, 58540996
1, 752, 2866696, 53068657, 59075967
10, 2, 21
2, 752, 1420395, 58540996, 61546608
1, 752, 1420370, 59075967, 62081620
