0, 2, 21
2, 752, 1442025, 4482763, 7511711
1, 752, 1442004, 5019999, 8048734
1, 2, 21
2, 752, 1442025, 7511711, 10442570
1, 752, 1442004, 8048734, 10979657
2, 2, 21
2, 752, 1442025, 10442570, 13377584
1, 752, 1442004, 10979657, 13914695
3, 2, 21
2, 752, 1442025, 13377584, 16261695
1, 752, 1442004, 13914695, 16798830
4, 2, 21
2, 752, 1442025, 16261695, 19165127
1, 752, 1442004, 16798830, 19701570
5, 2, 21
2, 752, 1442025, 19165127, 22132490
1, 752, 1442004, 19701570, 22669119
6, 2, 21
2, 752, 1442025, 22132490, 25237744
1, 752, 1442004, 22669119, 25774535
7, 2, 21
2, 752, 1442025, 25237744, 28157753
1, 752, 1442004, 25774535, 28694699
8, 2, 21
2, 752, 1442025, 28157753, 31091657
1, 752, 1442004, 28694699, 31628535
9, 2, 21
2, 752, 1442025, 31091657, 34026209
1, 752, 1442004, 31628535, 34562626
10, 2, 21
2, 752, 1442025, 34026209, 37114747
1, 752, 1442004, 34562626, 37651495
11, 2, 21
2, 752, 1442025, 37114747, 40125702
1, 752, 1442004, 37651495, 40662481
12, 2, 21
2, 752, 1442025, 40125702, 43241365
1, 752, 1442004, 40662481, 43777191
13, 2, 21
2, 752, 1442025, 43241365, 46235640
1, 752, 1442004, 43777191, 46772533
14, 2, 21
2, 752, 1442025, 46235640, 49440314
1, 752, 1442004, 46772533, 49977398
15, 2, 21
2, 752, 1442025, 49440314, 52460464
1, 752, 1442004, 49977398, 52997272
16, 2, 21
2, 752, 1442025, 52460464, 55450896
1, 752, 1442004, 52997272, 55987779
17, 2, 21
2, 752, 1442025, 55450896, 58508949
1, 752, 1442004, 55987779, 59045761
18, 2, 21
2, 752, 1442025, 58508949, 61543116
1, 752, 1442004, 59045761, 62079551
