0, 2, 21
2, 752, 1007983, 4415616, 6417138
1, 752, 1007958, 4973093, 6974493
1, 2, 21
2, 752, 1020961, 6417138, 8419636
1, 752, 1020936, 6974493, 8977012
2, 2, 21
2, 752, 918579, 8419636, 10420018
1, 752, 918554, 8977012, 10977292
3, 2, 21
2, 752, 1002215, 10420018, 12421868
1, 752, 1002190, 10977292, 12979050
4, 2, 21
2, 752, 1009425, 12421868, 14422066
1, 752, 1009400, 12979050, 14979399
5, 2, 21
2, 752, 1467, 16422679, 16427238
1, 752, 886830, 14979399, 16982129
6, 2, 21
2, 752, 1029613, 16427238, 18424731
1, 752, 1029588, 16982129, 18982366
7, 2, 21
2, 752, 1052685, 18424731, 20426261
1, 752, 1052660, 18982366, 20983574
8, 2, 21
2, 752, 1035381, 20426261, 22427209
1, 752, 1035356, 20983574, 22984738
9, 2, 21
2, 752, 1049801, 22427209, 24427853
1, 752, 1049776, 22984738, 24985351
10, 2, 21
2, 752, 1072873, 24427853, 26429806
1, 752, 1072848, 24985351, 26987423
11, 2, 21
2, 752, 1041149, 26429806, 28431480
1, 752, 1041124, 26987423, 28988911
12, 2, 21
2, 752, 1041149, 28431480, 30431880
1, 752, 1041124, 28988911, 30989278
13, 2, 21
2, 752, 1033939, 30431880, 32433217
1, 752, 1033914, 30989278, 32990723
14, 2, 21
2, 752, 908485, 32433217, 34434540
1, 752, 908460, 32990723, 34991844
15, 2, 21
2, 752, 957513, 34434540, 36437529
1, 752, 957488, 34991844, 36994703
16, 2, 21
2, 752, 971933, 36437529, 38437397
1, 752, 971908, 36994703, 38994704
17, 2, 21
2, 752, 986353, 38437397, 40439012
1, 752, 986328, 38994704, 40996032
18, 2, 21
2, 752, 993563, 40439012, 42441033
1, 752, 993538, 40996032, 42998288
19, 2, 21
2, 752, 964723, 42441033, 44441917
1, 752, 964698, 42998288, 44999171
20, 2, 21
2, 752, 950303, 44441917, 46443605
1, 752, 950278, 44999171, 47000850
21, 2, 21
2, 752, 997889, 46443605, 48443779
1, 752, 997864, 47000850, 49000851
22, 2, 21
2, 752, 928673, 48443779, 50446716
1, 752, 928648, 49000851, 51003589
23, 2, 21
2, 752, 996447, 50446716, 52448999
1, 752, 996422, 51003589, 53006347
24, 2, 21
2, 752, 915695, 52448999, 54449880
1, 752, 915670, 53006347, 55006922
25, 2, 21
2, 752, 996447, 54449880, 56450184
1, 752, 996422, 55006922, 57007355
26, 2, 21
2, 752, 966165, 56450184, 58452111
1, 752, 966140, 57007355, 59009022
27, 2, 21
2, 752, 999331, 58452111, 60453362
1, 752, 999306, 59009022, 61010703
28, 2, 21
2, 752, 990679, 60453362, 62455641
1, 752, 990654, 61010703, 63012390
