0, 2, 21
2, 27398, 5660278, 5918134
1, 27398, 6230359, 6488373
1, 2, 21
2, 34608, 5918134, 6305761
1, 34608, 6488373, 6876373
2, 2, 21
2, 27398, 6305761, 6559782
1, 27398, 6876373, 7130137
3, 2, 21
2, 28840, 6559782, 6816470
1, 28840, 7130137, 7387001
4, 2, 21
2, 43260, 6816470, 7193938
1, 43260, 7387001, 7764497
5, 2, 21
2, 33166, 7193938, 7500383
1, 33166, 7764497, 8070588
6, 1, 21
2, 28840, 7500383, 7761649
7, 1, 21
1, 40376, 8070588, 8448077
8, 1, 21
2, 27423, 7761649, 8013946
9, 1, 21
2, 41818, 8013946, 8390436
10, 2, 21
2, 142758, 8390436, 15787937
1, 200438, 8448077, 16358125
11, 2, 21
2, 27398, 15787937, 16045667
1, 27398, 16358125, 16615078
12, 2, 21
2, 43260, 16045667, 16429985
1, 43260, 16615078, 16999025
13, 1, 21
2, 194670, 16429985, 17832397
14, 1, 21
1, 160062, 16999025, 18414385
15, 1, 21
3, 38934, 17023353, 17275977
16, 1, 21
2, 67824, 17832397, 18090705
17, 1, 21
1, 44702, 18414385, 18798533
18, 1, 21
3, 56238, 17275977, 17654238
19, 1, 21
2, 95222, 18090705, 18466003
20, 1, 21
3, 34608, 17654238, 17908540
21, 1, 21
2, 49053, 18466003, 18722496
22, 1, 21
3, 18746, 17908540, 18159404
23, 1, 21
1, 64890, 18798533, 19448679
24, 1, 21
2, 49078, 18722496, 18976303
25, 1, 21
3, 33166, 18159404, 18410070
26, 1, 21
1, 24514, 19448679, 19703076
27, 1, 21
2, 67824, 18976303, 19231565
28, 1, 21
3, 40376, 18410070, 18665347
29, 1, 21
2, 66357, 19231565, 19482898
30, 1, 21
1, 40376, 19703076, 20079951
31, 1, 21
3, 59122, 18665347, 19045213
32, 1, 21
2, 134156, 19482898, 19861657
33, 1, 21
3, 36050, 19045213, 19295770
34, 1, 21
4, 40376, 18485460, 18742984
35, 1, 21
4, 36050, 18742984, 18999117
36, 1, 21
2, 151485, 19861657, 20242888
37, 1, 21
4, 40376, 18999117, 19253636
38, 1, 21
1, 99498, 20079951, 20981966
39, 1, 21
3, 82194, 19295770, 19859170
40, 1, 21
4, 38934, 19253636, 19510102
41, 1, 21
1, 28840, 20981966, 21238709
42, 1, 21
4, 37492, 19510102, 19764548
43, 1, 21
1, 43260, 21238709, 21620569
44, 1, 21
2, 346255, 20242888, 21122632
45, 1, 21
4, 25956, 19764548, 20017544
46, 1, 21
3, 105266, 19859170, 20650213
47, 1, 21
2, 63498, 21122632, 21373617
48, 1, 21
4, 17304, 20017544, 20269929
49, 1, 21
1, 36050, 21620569, 22003676
50, 1, 21
3, 18746, 20650213, 20905923
51, 1, 21
2, 79385, 21373617, 21629131
52, 1, 21
1, 18746, 22003676, 22254954
53, 1, 21
4, 31724, 20269929, 20546623
54, 1, 21
3, 31724, 20905923, 21164301
55, 1, 21
1, 24514, 22254954, 22508660
56, 1, 21
4, 38934, 20546623, 20799177
57, 1, 21
3, 38934, 21164301, 21422526
58, 1, 21
2, 137140, 21629131, 22007285
59, 1, 21
1, 30282, 22508660, 22766697
60, 1, 21
2, 103849, 22007285, 22259856
61, 1, 21
4, 56238, 20799177, 21175613
62, 1, 21
3, 56238, 21422526, 21798309
63, 1, 21
1, 41818, 22766697, 23142266
64, 1, 21
2, 152927, 22259856, 22635144
65, 1, 21
2, 64890, 22635144, 22901665
66, 1, 21
4, 83636, 21175613, 21819636
67, 1, 21
2, 44727, 22901665, 23156309
68, 1, 21
1, 62006, 23142266, 23790851
69, 1, 21
4, 31724, 21819636, 22078955
70, 1, 21
2, 57730, 23156309, 23407608
71, 1, 21
1, 25956, 23790851, 24045112
72, 1, 21
4, 50470, 22078955, 22461408
73, 1, 21
2, 72150, 23407608, 23783971
74, 1, 21
1, 31724, 24045112, 24429365
75, 1, 21
4, 18746, 22461408, 22720071
76, 1, 21
2, 46194, 23783971, 24036539
77, 1, 21
1, 23072, 24429365, 24687554
78, 1, 21
4, 27398, 22720071, 22975339
79, 1, 21
1, 23072, 24687554, 24948710
80, 1, 21
2, 80827, 24036539, 24413848
81, 1, 21
4, 49028, 22975339, 23352442
82, 1, 21
1, 30282, 24948710, 25207100
83, 1, 21
2, 60614, 24413848, 24667015
84, 1, 21
4, 50470, 23352442, 23728233
85, 1, 21
1, 63448, 25207100, 25776627
86, 1, 21
2, 796034, 24667015, 27719001
87, 1, 21
2, 98056, 27719001, 28094820
88, 1, 21
3, 37492, 21798309, 27981618
89, 1, 21
2, 187485, 28094820, 28725829
90, 1, 21
3, 33166, 27981618, 28236997
91, 1, 21
3, 23072, 28236997, 28488919
92, 1, 21
2, 122620, 28725829, 29101453
93, 1, 21
4, 605640, 23728233, 27957894
94, 1, 21
1, 451346, 25776627, 29687464
95, 1, 21
3, 37492, 28488919, 28748409
96, 1, 21
2, 98131, 29101453, 29356768
97, 1, 21
1, 27398, 29687464, 29943141
98, 1, 21
4, 53354, 27957894, 28340066
99, 1, 21
2, 99548, 29356768, 29608437
100, 1, 21
3, 50470, 28748409, 29126540
101, 1, 21
4, 36050, 28340066, 28604113
102, 1, 21
1, 41818, 29943141, 30335700
103, 1, 21
2, 96689, 29608437, 29860153
104, 1, 21
2, 149968, 29860153, 30235330
105, 1, 21
4, 83636, 28604113, 29175104
106, 1, 21
3, 160062, 29126540, 30282498
107, 1, 21
3, 56238, 30282498, 30660262
108, 1, 21
2, 353365, 30235330, 31245522
109, 1, 21
2, 98056, 31245522, 31625884
110, 1, 21
3, 268212, 30660262, 32577690
111, 1, 21
1, 400876, 30335700, 33791283
112, 1, 21
3, 36050, 32577690, 32842064
113, 1, 21
2, 468725, 31625884, 33522883
114, 1, 21
1, 31724, 33791283, 34177529
115, 2, 21
2, 13003, 33522883, 33884259
1, 5768, 34177529, 34452922
116, 1, 21
1, 18746, 34452922, 34713489
117, 1, 21
2, 25981, 33884259, 34279167
118, 1, 21
1, 14420, 34713489, 34976137
119, 2, 21
2, 28865, 34279167, 34659777
1, 21630, 34976137, 35229550
120, 2, 21
2, 14420, 34659777, 34911138
1, 14420, 35229550, 35481169
121, 1, 21
1, 18746, 35481169, 35742119
122, 1, 21
2, 27423, 34911138, 35289826
123, 1, 21
1, 23072, 35742119, 35992346
124, 1, 21
3, 12978, 32842064, 35091469
125, 1, 21
2, 47636, 35289826, 35674975
126, 1, 21
1, 30282, 35992346, 36248311
127, 1, 21
3, 83636, 35091469, 35345056
128, 1, 21
2, 112526, 35674975, 35928583
129, 1, 21
1, 43260, 36248311, 36626785
130, 1, 21
2, 106733, 35928583, 36180972
131, 1, 21
3, 105266, 35345056, 35749979
132, 1, 21
2, 72125, 36180972, 36432175
133, 1, 21
1, 41818, 36626785, 37087090
134, 1, 21
3, 56238, 35749979, 36002700
135, 1, 21
2, 54846, 36432175, 36685084
136, 1, 21
1, 12978, 37087090, 37340802
137, 1, 21
3, 43260, 36002700, 36253989
138, 1, 21
2, 92338, 36685084, 36937533
139, 1, 21
1, 28840, 37340802, 37596493
140, 1, 21
3, 87962, 36253989, 36504306
141, 1, 21
2, 122620, 36937533, 37190482
142, 1, 21
3, 87962, 36504306, 36756197
143, 1, 21
1, 44702, 37596493, 37979964
144, 1, 21
2, 113968, 37190482, 37442132
145, 1, 21
3, 82194, 36756197, 37009797
146, 1, 21
2, 108175, 37442132, 37692822
147, 1, 21
3, 80752, 37009797, 37260749
148, 1, 21
2, 154319, 37692822, 38068378
149, 1, 21
3, 73542, 37260749, 37512906
150, 1, 21
2, 154319, 38068378, 38460725
151, 1, 21
3, 106708, 37512906, 37892396
152, 1, 21
1, 128338, 37979964, 39133024
153, 1, 21
2, 119736, 38460725, 38845036
154, 1, 21
1, 40376, 39133024, 39512871
155, 1, 21
2, 24539, 38845036, 39097242
156, 1, 21
1, 24514, 39512871, 39771598
157, 1, 21
1, 24514, 39771598, 40029816
158, 1, 21
2, 36100, 39097242, 39486010
159, 1, 21
1, 34608, 40029816, 40409198
160, 1, 21
1, 30282, 40409198, 40668105
161, 1, 21
1, 30282, 40668105, 40925012
162, 1, 21
1, 28840, 40925012, 41199362
163, 1, 21
1, 21630, 41199362, 41496037
164, 1, 21
3, 74984, 37892396, 40354495
165, 1, 21
2, 187610, 39486010, 41029059
166, 1, 21
3, 77868, 40354495, 40667632
167, 1, 21
1, 28840, 41496037, 41824182
168, 1, 21
2, 76476, 41029059, 41279486
169, 1, 21
2, 103824, 41279486, 41530461
170, 1, 21
3, 116802, 40667632, 41046275
171, 1, 21
1, 44702, 41824182, 42206496
172, 1, 21
2, 111084, 41530461, 41782057
173, 1, 21
3, 79310, 41046275, 41298990
174, 1, 21
2, 170181, 41782057, 42157314
175, 1, 21
3, 181692, 41298990, 41861740
176, 2, 21
2, 139899, 42157314, 42545942
1, 100940, 42206496, 43115757
177, 1, 21
3, 54796, 41861740, 42113083
178, 1, 21
2, 103849, 42545942, 42797037
179, 1, 21
1, 28840, 43115757, 43372751
180, 1, 21
3, 100940, 42113083, 42433792
181, 1, 21
2, 164438, 42797037, 43178579
182, 1, 21
1, 43260, 43372751, 43748251
183, 1, 21
3, 125454, 42433792, 42810701
184, 1, 21
3, 109592, 42810701, 43188471
185, 1, 21
2, 261052, 43178579, 43807786
186, 1, 21
1, 70658, 43748251, 44400226
187, 1, 21
2, 83661, 43807786, 44060217
188, 1, 21
1, 37492, 44400226, 44794448
189, 1, 21
2, 20213, 44060217, 44315960
190, 1, 21
1, 25956, 44794448, 45055950
191, 1, 21
2, 28865, 44315960, 44578122
192, 1, 21
1, 23072, 45055950, 45306351
193, 1, 21
2, 28865, 44578122, 44958092
194, 1, 21
1, 20188, 45306351, 45567526
195, 1, 21
1, 30282, 45567526, 45948232
196, 1, 21
1, 15862, 45948232, 46204264
197, 1, 21
1, 20188, 46204264, 46472548
198, 2, 21
2, 101040, 44958092, 46174656
1, 30282, 46472548, 46743690
199, 2, 21
2, 43260, 46174656, 46557166
1, 43260, 46743690, 47127409
200, 1, 21
1, 190344, 47127409, 48793021
201, 1, 21
2, 193253, 46557166, 48247150
202, 1, 21
2, 23072, 48247150, 48502333
203, 1, 21
1, 33166, 48793021, 49185007
204, 1, 21
2, 15887, 48502333, 48754213
205, 1, 21
1, 17304, 49185007, 49438548
206, 1, 21
2, 24539, 48754213, 49007462
207, 1, 21
1, 25956, 49438548, 49690734
208, 1, 21
2, 34633, 49007462, 49382967
209, 1, 21
1, 34608, 49690734, 50069241
210, 1, 21
2, 17329, 49382967, 49647444
211, 1, 21
1, 14420, 50069241, 50331099
212, 1, 21
2, 18771, 49647444, 49928275
213, 1, 21
1, 21630, 50331099, 50595121
214, 1, 21
2, 25981, 49928275, 50180824
215, 1, 21
1, 30282, 50595121, 50978923
216, 1, 21
2, 30307, 50180824, 50567936
217, 2, 21
2, 57680, 50567936, 51112159
1, 73542, 50978923, 51681935
218, 2, 21
2, 44702, 51112159, 51488662
1, 44702, 51681935, 52058128
219, 1, 21
3, 72100, 43188471, 53139270
220, 1, 21
2, 357641, 51488662, 53926367
221, 1, 21
3, 85078, 53139270, 53391354
222, 1, 21
2, 111059, 53926367, 54178882
223, 1, 21
3, 121128, 53391354, 53770035
224, 1, 21
2, 175949, 54178882, 54556016
225, 1, 21
3, 139874, 53770035, 54151266
226, 1, 21
2, 122595, 54556016, 54809929
227, 1, 21
3, 138432, 54151266, 54528932
228, 1, 21
2, 265353, 54809929, 55373672
229, 1, 21
3, 129780, 54528932, 54907881
230, 1, 21
2, 119711, 55373672, 55625530
231, 1, 21
3, 132664, 54907881, 55286783
232, 1, 21
2, 115385, 55625530, 55878017
233, 1, 21
3, 811846, 55286783, 57681440
234, 1, 21
3, 134106, 57681440, 58058621
235, 1, 21
2, 1338226, 55878017, 58964313
236, 1, 21
2, 41818, 58964313, 59339992
237, 1, 21
1, 1162252, 52058128, 62060000
238, 1, 21
1, 99498, 62060000, 62957643
239, 1, 21
1, 41818, 62957643, 63344951
240, 1, 21
2, 610041, 59339992, 64868485
241, 1, 21
2, 27398, 64868485, 65121116
242, 1, 21
2, 43260, 65121116, 65505088
