0, 2, 21
2, 72100, 5577011, 6323113
1, 72104, 6175663, 6921835
1, 2, 21
2, 144200, 6323113, 7615494
1, 144204, 6921835, 8214077
2, 2, 21
2, 144200, 7615494, 8902241
1, 144204, 8214077, 9500707
3, 2, 21
2, 217742, 8902241, 16963858
1, 217746, 9500707, 17562403
4, 2, 21
2, 80752, 16963858, 17621735
1, 72104, 17562403, 18219748
5, 2, 21
2, 80752, 17621735, 17931371
1, 36054, 18219748, 18530171
6, 2, 21
2, 43260, 17931371, 18091861
1, 18750, 18530171, 18690658
7, 2, 21
2, 23072, 18091861, 18183375
1, 10098, 18690658, 18782173
8, 2, 21
2, 334544, 18183375, 19594880
1, 144204, 18782173, 20192780
9, 2, 21
2, 268212, 19594880, 20261056
1, 72104, 20192780, 20858267
10, 2, 21
2, 135548, 20261056, 20581498
1, 36054, 20858267, 21179292
11, 2, 21
2, 70658, 20581498, 20752753
1, 18750, 21179292, 21350655
12, 2, 21
2, 490280, 20752753, 22199652
1, 144204, 21350655, 22798424
13, 2, 21
2, 224952, 22199652, 22842607
1, 72104, 22798424, 23440728
14, 2, 21
2, 83636, 22842607, 23283232
1, 36054, 23440728, 23881797
15, 2, 21
2, 43260, 23283232, 23456893
1, 18750, 23881797, 24054144
16, 2, 21
2, 24514, 23456893, 23551550
1, 10098, 24054144, 24149801
17, 2, 21
2, 324450, 23551550, 25035454
1, 144204, 24149801, 25633737
18, 2, 21
2, 328776, 25035454, 26257778
1, 144204, 25633737, 26854622
19, 2, 21
2, 164388, 26257778, 26874897
1, 72104, 26854622, 27472798
20, 2, 21
2, 327334, 26874897, 28117756
1, 144204, 27472798, 28716090
21, 2, 21
2, 445578, 28117756, 29425924
1, 144204, 28716090, 30023426
22, 2, 21
2, 252350, 29425924, 30069656
1, 72104, 30023426, 30667841
23, 2, 21
2, 128338, 30069656, 30384435
1, 36054, 30667841, 30982708
24, 2, 21
2, 372036, 30384435, 31606126
1, 144204, 30982708, 32204582
25, 2, 21
2, 162946, 31606126, 32224567
1, 72104, 32204582, 32821655
26, 2, 21
2, 80752, 32224567, 32530644
1, 36054, 32821655, 33127638
27, 2, 21
2, 249466, 32530644, 34389582
1, 144204, 33127638, 34988150
28, 2, 21
2, 72100, 34389582, 35337967
1, 72104, 34988150, 35936530
29, 2, 21
2, 89404, 35337967, 35644577
1, 36054, 35936530, 36243158
30, 2, 21
2, 77868, 35644577, 35814710
1, 18750, 36243158, 36413260
31, 2, 21
2, 41818, 35814710, 35900030
1, 10098, 36413260, 36498611
32, 2, 21
2, 21630, 35900030, 35948359
1, 5772, 36498611, 36546885
33, 2, 21
2, 546518, 35948359, 37443816
1, 144204, 36546885, 38041422
34, 2, 21
2, 265328, 37443816, 38096386
1, 72104, 38041422, 38694040
35, 2, 21
2, 136990, 38096386, 38422674
1, 36054, 38694040, 39021143
36, 2, 21
2, 168714, 38422674, 39872175
1, 144204, 39021143, 40470776
37, 2, 21
2, 72100, 39872175, 40493614
1, 72104, 40470776, 41092108
38, 2, 21
2, 514794, 40493614, 41939846
1, 144204, 41092108, 42537243
39, 2, 21
2, 262444, 41939846, 42608200
1, 72104, 42537243, 43206563
40, 2, 21
2, 136990, 42608200, 42922299
1, 36054, 43206563, 43519972
41, 2, 21
2, 73542, 42922299, 43083914
1, 18750, 43519972, 43680945
42, 2, 21
2, 344638, 43083914, 44485027
1, 144204, 43680945, 45083185
43, 2, 21
2, 72100, 44485027, 45436626
1, 72104, 45083185, 46035197
44, 2, 21
2, 36050, 45436626, 45889165
1, 36054, 46035197, 46487426
45, 2, 21
2, 144200, 45889165, 47150780
1, 144204, 46487426, 47748366
46, 2, 21
2, 72100, 47150780, 47754731
1, 72104, 47748366, 48353049
47, 2, 21
2, 144200, 47754731, 49346593
1, 144204, 48353049, 49945046
48, 2, 21
2, 144200, 49346593, 51117070
1, 144204, 49945046, 51714285
49, 2, 21
2, 144200, 51117070, 52449356
1, 144204, 51714285, 53046045
50, 2, 21
2, 72100, 52449356, 53068299
1, 72104, 53046045, 53664533
51, 2, 21
2, 418180, 53068299, 54353185
1, 144204, 53664533, 54950619
52, 2, 21
2, 289842, 54353185, 54959338
1, 72104, 54950619, 55557335
53, 2, 21
2, 138432, 54959338, 55266815
1, 36054, 55557335, 55864492
54, 2, 21
2, 572474, 55266815, 56500686
1, 144204, 55864492, 57098659
55, 2, 21
2, 549402, 56500686, 57713072
1, 144204, 57098659, 58310976
56, 2, 21
2, 439810, 57713072, 58938718
1, 144204, 58310976, 59536929
57, 2, 21
2, 144200, 58938718, 60247303
1, 144204, 59536929, 60845617
58, 2, 21
2, 72100, 60247303, 60890677
1, 72104, 60845617, 61489134
59, 2, 21
2, 144200, 60890677, 62142889
1, 144204, 61489134, 62741468
60, 2, 21
2, 144200, 62142889, 63506124
1, 144204, 62741468, 64104252
61, 2, 21
2, 144200, 63506124, 64836041
1, 144204, 64104252, 65434391
