0, 2, 21
2, 27398, 5652925, 5907897
1, 27398, 6230390, 6485073
1, 2, 21
2, 27398, 5907897, 6214393
1, 27398, 6485073, 6791241
2, 2, 21
2, 24514, 6214393, 6465402
1, 24514, 6791241, 7042650
3, 2, 21
2, 28840, 6465402, 6718843
1, 28840, 7042650, 7296149
4, 2, 21
2, 28840, 6718843, 6976503
1, 28840, 7296149, 7552934
5, 2, 21
2, 28840, 6976503, 7230438
1, 28840, 7552934, 7806828
6, 2, 21
2, 27398, 7230438, 7487542
1, 27398, 7806828, 8063996
7, 2, 21
2, 27398, 7487542, 7738875
1, 27398, 8063996, 8315822
8, 2, 21
2, 27398, 7738875, 7993092
1, 27398, 8315822, 8570324
9, 2, 21
2, 28840, 7993092, 8252808
1, 28840, 8570324, 8829174
10, 2, 21
2, 28840, 8252808, 8512815
1, 28840, 8829174, 9089033
11, 2, 21
2, 28840, 8512815, 8765531
1, 28840, 9089033, 9342103
12, 2, 21
2, 28840, 8765531, 9025989
1, 28840, 9342103, 9603157
13, 2, 21
2, 28840, 9025989, 9286169
1, 28840, 9603157, 9863360
14, 2, 21
2, 27398, 9286169, 9541150
1, 27398, 9863360, 10118450
15, 2, 21
2, 15862, 9541150, 15796499
1, 15862, 10118450, 16373825
16, 2, 21
2, 27398, 15796499, 16053789
1, 27398, 16373825, 16631013
17, 2, 21
2, 28840, 16053789, 16315419
1, 28840, 16631013, 16892762
18, 2, 21
2, 30282, 16315419, 16573061
1, 30282, 16892762, 17149629
19, 2, 21
2, 30282, 16573061, 16832984
1, 30282, 17149629, 17410315
20, 2, 21
2, 28840, 16832984, 17087208
1, 28840, 17410315, 17663590
21, 2, 21
2, 27398, 17087208, 17338652
1, 27398, 17663590, 17915956
22, 2, 21
2, 27398, 17338652, 17595685
1, 27398, 17915956, 18172887
23, 1, 21
2, 54796, 17595685, 17849522
24, 1, 21
1, 30282, 18172887, 18434568
25, 1, 21
3, 38934, 17103278, 17354102
26, 1, 21
2, 66382, 17849522, 18102601
27, 1, 21
1, 28840, 18434568, 18685395
28, 1, 21
3, 38934, 17354102, 17611755
29, 1, 21
2, 66382, 18102601, 18357485
30, 1, 21
1, 30282, 18685395, 18945500
31, 1, 21
3, 36050, 17611755, 17867283
32, 1, 21
2, 62056, 18357485, 18608131
33, 1, 21
1, 30282, 18945500, 19206906
34, 1, 21
3, 28840, 17867283, 18176429
35, 1, 21
2, 40426, 18608131, 18859240
36, 1, 21
1, 18746, 19206906, 19462341
37, 1, 21
3, 30282, 18176429, 18433420
38, 1, 21
2, 56288, 18859240, 19111849
39, 1, 21
1, 24514, 19462341, 19718032
40, 1, 21
3, 37492, 18433420, 18702106
41, 1, 21
2, 59172, 19111849, 19370208
42, 1, 21
1, 23072, 19718032, 19969948
43, 1, 21
3, 25956, 18702106, 18965837
44, 1, 21
2, 36100, 19370208, 19623510
45, 1, 21
1, 17304, 19969948, 20235466
46, 1, 21
3, 17304, 18965837, 19218707
47, 1, 21
2, 56288, 19623510, 19875334
48, 1, 21
1, 27398, 20235466, 20493770
49, 1, 21
3, 38934, 19218707, 19470019
50, 1, 21
4, 40376, 18674915, 18934082
51, 1, 21
2, 102457, 19875334, 20127433
52, 1, 21
1, 25956, 20493770, 20754372
53, 1, 21
3, 37492, 19470019, 19726276
54, 1, 21
4, 36050, 18934082, 19187847
55, 1, 21
2, 96689, 20127433, 20381374
56, 1, 21
1, 25956, 20754372, 21026441
57, 1, 21
3, 36050, 19726276, 19980792
58, 1, 21
4, 40376, 19187847, 19445287
59, 1, 21
2, 101015, 20381374, 20636051
60, 1, 21
1, 25956, 21026441, 21279357
61, 1, 21
3, 37492, 19980792, 20236239
62, 1, 21
4, 38934, 19445287, 19704193
63, 1, 21
2, 101015, 20636051, 20887624
64, 1, 21
1, 28840, 21279357, 21537033
65, 1, 21
3, 38934, 20236239, 20492567
66, 1, 21
4, 34608, 19704193, 19961736
67, 1, 21
2, 99573, 20887624, 21143471
68, 1, 21
1, 28840, 21537033, 21798289
69, 1, 21
3, 37492, 20492567, 20743459
70, 1, 21
4, 25956, 19961736, 20220537
71, 1, 21
2, 89479, 21143471, 21400642
72, 1, 21
1, 27398, 21798289, 22069231
73, 1, 21
3, 24514, 20743459, 21003748
74, 1, 21
2, 62056, 21400642, 21660333
75, 1, 21
4, 20188, 20220537, 20507783
76, 1, 21
1, 21630, 22069231, 22351214
77, 1, 21
3, 18746, 21003748, 21264550
78, 1, 21
2, 73617, 21660333, 21912242
79, 1, 21
4, 31724, 20507783, 20806124
80, 1, 21
1, 25956, 22351214, 22607466
81, 1, 21
3, 31724, 21264550, 21522535
82, 1, 21
2, 80827, 21912242, 22162394
83, 1, 21
4, 34608, 20806124, 21062110
84, 1, 21
1, 24514, 22607466, 22863152
85, 1, 21
3, 37492, 21522535, 21772881
86, 1, 21
2, 101015, 22162394, 22413557
87, 1, 21
4, 34608, 21062110, 21319525
88, 1, 21
1, 30282, 22863152, 23126263
89, 1, 21
3, 37492, 21772881, 22026179
90, 1, 21
2, 98131, 22413557, 22665005
91, 1, 21
4, 33166, 21319525, 21571545
92, 1, 21
1, 28840, 23126263, 23389093
93, 1, 21
3, 38934, 22026179, 22284488
94, 1, 21
2, 96689, 22665005, 22917111
95, 1, 21
4, 33166, 21571545, 21822792
96, 1, 21
1, 28840, 23389093, 23644203
97, 1, 21
2, 79360, 22917111, 23170034
98, 1, 21
4, 38934, 21822792, 22081749
99, 1, 21
1, 27398, 23644203, 23974741
100, 1, 21
2, 41868, 23170034, 23421986
101, 1, 21
4, 23072, 22081749, 22338393
102, 1, 21
1, 25956, 23974741, 24236485
103, 1, 21
2, 59172, 23421986, 23673598
104, 1, 21
4, 37492, 22338393, 22592320
105, 1, 21
1, 27398, 24236485, 24492148
106, 1, 21
2, 64940, 23673598, 23927828
107, 1, 21
4, 28840, 22592320, 22895808
108, 2, 21
2, 31749, 23927828, 24189056
1, 17304, 24492148, 24764644
109, 1, 21
4, 30282, 22895808, 23147217
110, 1, 21
2, 50495, 24189056, 24441693
111, 1, 21
1, 23072, 24764644, 25018424
112, 1, 21
4, 24514, 23147217, 23408099
113, 2, 21
2, 57730, 24441693, 24692903
1, 24514, 25018424, 25269848
114, 1, 21
4, 37492, 23408099, 23659472
115, 1, 21
2, 62031, 24692903, 24943194
116, 1, 21
1, 28840, 25269848, 25523399
117, 1, 21
4, 36050, 23659472, 23917224
118, 1, 21
2, 66382, 24943194, 25196284
119, 1, 21
1, 27398, 25523399, 25778581
120, 1, 21
4, 37492, 23917224, 24168898
121, 1, 21
2, 66382, 25196284, 25447795
122, 1, 21
1, 30282, 25778581, 26038822
123, 1, 21
4, 37492, 24168898, 24426523
124, 1, 21
2, 66382, 25447795, 25699636
125, 1, 21
1, 30282, 26038822, 26292836
126, 1, 21
4, 37492, 24426523, 24688350
127, 1, 21
2, 64940, 25699636, 25951583
128, 1, 21
1, 30282, 26292836, 26553699
129, 1, 21
4, 37492, 24688350, 24940985
130, 1, 21
2, 69266, 25951583, 26208232
131, 1, 21
1, 30282, 26553699, 26810967
132, 1, 21
4, 38934, 24940985, 25193145
133, 1, 21
2, 70708, 26208232, 26464469
134, 1, 21
1, 30282, 26810967, 27066512
135, 1, 21
4, 40376, 25193145, 25447468
136, 1, 21
2, 70708, 26464469, 26719842
137, 1, 21
1, 30282, 27066512, 27321578
138, 1, 21
4, 38934, 25447468, 25703913
139, 1, 21
2, 66382, 26719842, 26970001
140, 1, 21
1, 28840, 27321578, 27572012
141, 1, 21
4, 36050, 25703913, 25955263
142, 1, 21
2, 64940, 26970001, 27224851
143, 1, 21
1, 30282, 27572012, 27830344
144, 1, 21
4, 36050, 25955263, 26205888
145, 1, 21
2, 67824, 27224851, 27484308
146, 1, 21
1, 28840, 27830344, 28084560
147, 1, 21
4, 34608, 26205888, 26462625
148, 1, 21
2, 63498, 27484308, 27735492
149, 1, 21
1, 28840, 28084560, 28337139
150, 1, 21
4, 38934, 26462625, 26715744
151, 1, 21
2, 67824, 27735492, 27985708
152, 1, 21
1, 30282, 28337139, 28594942
153, 1, 21
4, 36050, 26715744, 26969585
154, 1, 21
2, 64940, 27985708, 28238043
155, 1, 21
1, 30282, 28594942, 28853211
156, 1, 21
4, 36050, 26969585, 27224988
157, 1, 21
2, 66382, 28238043, 28495880
158, 1, 21
1, 30282, 28853211, 29110538
159, 1, 21
4, 37492, 27224988, 27476640
160, 1, 21
2, 67824, 28495880, 28750373
161, 1, 21
1, 30282, 29110538, 29367767
162, 1, 21
4, 36050, 27476640, 27735757
163, 1, 21
3, 18746, 22284488, 28342949
164, 1, 21
2, 75059, 28750373, 29001701
165, 1, 21
1, 30282, 29367767, 29626757
166, 1, 21
4, 36050, 27735757, 27989942
167, 1, 21
3, 36050, 28342949, 28606223
168, 1, 21
2, 98131, 29001701, 29274189
169, 1, 21
1, 27398, 29626757, 29879007
170, 1, 21
4, 28840, 27989942, 28250576
171, 1, 21
3, 27398, 28606223, 28859418
172, 1, 21
2, 83711, 29274189, 29526154
173, 1, 21
1, 24514, 29879007, 30134562
174, 1, 21
4, 36050, 28250576, 28504783
175, 1, 21
3, 38934, 28859418, 29110978
176, 1, 21
2, 102457, 29526154, 29778042
177, 1, 21
1, 28840, 30134562, 30393139
178, 1, 21
4, 37492, 28504783, 28754930
179, 1, 21
3, 33166, 29110978, 29364929
180, 1, 21
2, 95247, 29778042, 30031934
181, 1, 21
1, 27398, 30393139, 30649951
182, 1, 21
4, 34608, 28754930, 29009366
183, 1, 21
3, 40376, 29364929, 29623998
184, 1, 21
2, 105341, 30031934, 30283759
185, 1, 21
1, 30282, 30649951, 30909512
186, 1, 21
4, 36050, 29009366, 29260199
187, 1, 21
3, 37492, 29623998, 29880748
188, 1, 21
2, 105341, 30283759, 30539471
189, 1, 21
1, 28840, 30909512, 31159828
190, 1, 21
4, 37492, 29260199, 29513395
191, 1, 21
3, 37492, 29880748, 30136159
192, 1, 21
2, 102457, 30539471, 30793592
193, 1, 21
1, 30282, 31159828, 31419861
194, 1, 21
4, 36050, 29513395, 29767501
195, 1, 21
3, 36050, 30136159, 30393327
196, 1, 21
2, 101015, 30793592, 31043846
197, 1, 21
1, 30282, 31419861, 31677315
198, 1, 21
3, 37492, 30393327, 30644112
199, 1, 21
2, 80802, 31043846, 31294463
200, 1, 21
1, 30282, 31677315, 31934803
201, 1, 21
3, 37492, 30644112, 30894574
202, 1, 21
2, 67824, 31294463, 31547070
203, 1, 21
1, 30282, 31934803, 32189991
204, 1, 21
3, 37492, 30894574, 31153043
205, 1, 21
2, 67824, 31547070, 31803214
206, 1, 21
1, 30282, 32189991, 32446876
207, 1, 21
3, 38934, 31153043, 31409703
208, 1, 21
2, 66382, 31803214, 32053560
209, 1, 21
1, 30282, 32446876, 32704499
210, 1, 21
3, 37492, 31409703, 31668960
211, 1, 21
2, 67824, 32053560, 32310460
212, 1, 21
1, 30282, 32704499, 32960952
213, 1, 21
3, 38934, 31668960, 31922824
214, 1, 21
2, 67824, 32310460, 32560610
215, 1, 21
1, 30282, 32960952, 33217995
216, 1, 21
3, 36050, 31922824, 32179585
217, 1, 21
2, 64940, 32560610, 32814338
218, 1, 21
1, 30282, 33217995, 33475542
219, 1, 21
3, 38934, 32179585, 32436186
220, 1, 21
2, 67824, 32814338, 33064884
221, 1, 21
1, 30282, 33475542, 33730493
222, 1, 21
3, 31724, 32436186, 32710310
223, 1, 21
2, 57730, 33064884, 33324886
224, 1, 21
1, 25956, 33730493, 33983926
225, 1, 21
3, 36050, 32710310, 32964345
226, 1, 21
2, 64940, 33324886, 33587201
227, 1, 21
1, 27398, 33983926, 34236111
228, 1, 21
3, 15862, 32964345, 33220169
229, 1, 21
2, 31774, 33587201, 33857541
230, 1, 21
1, 14420, 34236111, 34518873
231, 1, 21
2, 7235, 33857541, 34132266
232, 1, 21
1, 8652, 34518873, 34772545
233, 1, 21
2, 18771, 34132266, 34392709
234, 1, 21
1, 18746, 34772545, 35038426
235, 1, 21
2, 14445, 34392709, 34656710
236, 1, 21
1, 12978, 35038426, 35288573
237, 1, 21
2, 21655, 34656710, 34909553
238, 1, 21
1, 23072, 35288573, 35542947
239, 1, 21
2, 14445, 34909553, 35161284
240, 1, 21
1, 14420, 35542947, 35810616
241, 1, 21
2, 18771, 35161284, 35422367
242, 1, 21
1, 18746, 35810616, 36067232
243, 1, 21
2, 23097, 35422367, 35672662
244, 1, 21
1, 25956, 36067232, 36323742
245, 1, 21
3, 4326, 33220169, 35282733
246, 1, 21
2, 49078, 35672662, 35924337
247, 1, 21
1, 30282, 36323742, 36586857
248, 1, 21
3, 83636, 35282733, 35536259
249, 1, 21
2, 113968, 35924337, 36176147
250, 1, 21
1, 30282, 36586857, 36849382
251, 2, 21
2, 89429, 36176147, 36426596
3, 80752, 35536259, 35839613
252, 1, 21
1, 21630, 36849382, 37100884
253, 2, 21
2, 86545, 36426596, 36679300
3, 67774, 35839613, 36092377
254, 1, 21
1, 25956, 37100884, 37394016
255, 2, 21
2, 44727, 36679300, 36937000
3, 28840, 36092377, 36349989
256, 1, 21
1, 15862, 37394016, 37645267
257, 2, 21
2, 106733, 36937000, 37191202
3, 82194, 36349989, 36604132
258, 1, 21
1, 30282, 37645267, 37903686
259, 2, 21
2, 119711, 37191202, 37446157
3, 90846, 36604132, 36859925
260, 1, 21
1, 30282, 37903686, 38162755
261, 1, 21
2, 115385, 37446157, 37697519
262, 1, 21
3, 86520, 36859925, 37111431
263, 1, 21
1, 30282, 38162755, 38427437
264, 2, 21
2, 109642, 37697519, 37949619
3, 80752, 37111431, 37362545
265, 1, 21
1, 28840, 38427437, 38688176
266, 2, 21
2, 102407, 37949619, 38202251
3, 74984, 37362545, 37615995
267, 1, 21
1, 28840, 38688176, 38950116
268, 2, 21
2, 99523, 38202251, 38455408
3, 70658, 37615995, 37869267
269, 1, 21
1, 27398, 38950116, 39204451
270, 2, 21
2, 106733, 38455408, 38705633
3, 79310, 37869267, 38119515
271, 1, 21
1, 30282, 39204451, 39465899
272, 1, 21
2, 85103, 38705633, 38960973
273, 1, 21
1, 25956, 39465899, 39718331
274, 1, 21
2, 25981, 38960973, 39219025
275, 1, 21
1, 25956, 39718331, 39979479
276, 1, 21
2, 24539, 39219025, 39478435
277, 1, 21
1, 24514, 39979479, 40236954
278, 1, 21
2, 24539, 39478435, 39738224
279, 1, 21
1, 20188, 40236954, 40491758
280, 1, 21
2, 21655, 39738224, 39998055
281, 1, 21
1, 28840, 40491758, 40753371
282, 1, 21
2, 28865, 39998055, 40253877
283, 1, 21
1, 30282, 40753371, 41013073
284, 1, 21
2, 30307, 40253877, 40511038
285, 1, 21
1, 30282, 41013073, 41273348
286, 1, 21
2, 30307, 40511038, 40770633
287, 1, 21
1, 25956, 41273348, 41532045
288, 1, 21
2, 24539, 40770633, 41022996
289, 1, 21
3, 56238, 38119515, 40514913
290, 1, 21
1, 18746, 41532045, 41784526
291, 1, 21
2, 77918, 41022996, 41273885
292, 1, 21
3, 77868, 40514913, 40829411
293, 1, 21
1, 24514, 41784526, 42074941
294, 1, 21
2, 70708, 41273885, 41525749
295, 1, 21
3, 74984, 40829411, 41082459
296, 1, 21
1, 28840, 42074941, 42325051
297, 1, 21
2, 109642, 41525749, 41779377
298, 1, 21
3, 82194, 41082459, 41332776
299, 1, 21
1, 30282, 42325051, 42582289
300, 1, 21
2, 112526, 41779377, 42034066
301, 1, 21
3, 80752, 41332776, 41582927
302, 1, 21
1, 30282, 42582289, 42844601
303, 1, 21
2, 112526, 42034066, 42286896
304, 1, 21
3, 82194, 41582927, 41834476
305, 1, 21
1, 30282, 42844601, 43102981
306, 1, 21
2, 109642, 42286896, 42538091
307, 1, 21
3, 73542, 41834476, 42111947
308, 1, 21
1, 24514, 43102981, 43354468
309, 1, 21
2, 88012, 42538091, 42788489
310, 1, 21
3, 74984, 42111947, 42361961
311, 1, 21
1, 28840, 43354468, 43611768
312, 1, 21
2, 106758, 42788489, 43040612
313, 1, 21
3, 79310, 42361961, 42614726
314, 1, 21
1, 28840, 43611768, 43862569
315, 1, 21
2, 108200, 43040612, 43290843
316, 1, 21
3, 85078, 42614726, 42868311
317, 1, 21
2, 111059, 43290843, 43541885
318, 1, 21
1, 30282, 43862569, 44121508
319, 1, 21
3, 82194, 42868311, 43121968
320, 1, 21
2, 106758, 43541885, 43794093
321, 1, 21
1, 27398, 44121508, 44372517
322, 1, 21
3, 67774, 43121968, 43373771
323, 1, 21
2, 99548, 43794093, 44044190
324, 1, 21
1, 25956, 44372517, 44625111
325, 2, 21
2, 54821, 44044190, 44305755
1, 27398, 44625111, 44882405
326, 2, 21
2, 20188, 44305755, 44560560
1, 20188, 44882405, 45137670
327, 2, 21
2, 28840, 44560560, 44822810
1, 28840, 45137670, 45399931
328, 2, 21
2, 21630, 44822810, 45124142
1, 21630, 45399931, 45701176
329, 2, 21
2, 20188, 45124142, 45375080
1, 20188, 45701176, 45952228
330, 2, 21
2, 23072, 45375080, 45647007
1, 23072, 45952228, 46224120
331, 2, 21
2, 17304, 45647007, 45906692
1, 17304, 46224120, 46483593
332, 2, 21
2, 18746, 45906692, 46162861
1, 18746, 46483593, 46739923
333, 2, 21
2, 28840, 46162861, 46419166
1, 28840, 46739923, 46996163
334, 2, 21
2, 28840, 46419166, 46671883
1, 28840, 46996163, 47246674
335, 2, 21
2, 28840, 46671883, 46926693
1, 28840, 47246674, 47503499
336, 2, 21
2, 30282, 46926693, 47186915
1, 30282, 47503499, 47764023
337, 2, 21
2, 30282, 47186915, 47446542
1, 30282, 47764023, 48023586
338, 2, 21
2, 28840, 47446542, 47701444
1, 28840, 48023586, 48277826
339, 2, 21
2, 30282, 47701444, 47954516
1, 30282, 48277826, 48530967
340, 2, 21
2, 30282, 47954516, 48212629
1, 30282, 48530967, 48789742
341, 2, 21
2, 24514, 48212629, 48465283
1, 24514, 48789742, 49041795
342, 2, 21
2, 23072, 48465283, 48717605
1, 23072, 49041795, 49294101
343, 2, 21
2, 18746, 48717605, 48978626
1, 18746, 49294101, 49555661
344, 2, 21
2, 23072, 48978626, 49236357
1, 23072, 49555661, 49813557
345, 2, 21
2, 24514, 49236357, 49493696
1, 24514, 49813557, 50070280
346, 2, 21
2, 23072, 49493696, 49754205
1, 23072, 50070280, 50331168
347, 2, 21
2, 14420, 49754205, 50015875
1, 14420, 50331168, 50592997
348, 2, 21
2, 21630, 50015875, 50280302
1, 21630, 50592997, 50857222
349, 2, 21
2, 25956, 50280302, 50590203
1, 25956, 50857222, 51167269
350, 2, 21
2, 23072, 50590203, 50850202
1, 23072, 51167269, 51427186
351, 2, 21
2, 24514, 50850202, 51108627
1, 24514, 51427186, 51685780
352, 2, 21
2, 30282, 51108627, 51366134
1, 30282, 51685780, 51943182
353, 2, 21
2, 30282, 51366134, 51621035
1, 30282, 51943182, 52198102
354, 2, 21
2, 30282, 51621035, 51875145
1, 30282, 52198102, 52452313
355, 2, 21
2, 30282, 51875145, 52129661
1, 30282, 52452313, 52706773
356, 2, 21
2, 30282, 52129661, 52387550
1, 30282, 52706773, 52964706
357, 2, 21
2, 30282, 52387550, 52646646
1, 30282, 52964706, 53223709
358, 2, 21
2, 30282, 52646646, 52903358
1, 30282, 53223709, 53479678
359, 2, 21
2, 30282, 52903358, 53156951
1, 30282, 53479678, 53734058
360, 2, 21
2, 28840, 53156951, 53410268
1, 28840, 53734058, 53987307
361, 2, 21
2, 30282, 53410268, 53668047
1, 30282, 53987307, 54245232
362, 1, 21
3, 57680, 43373771, 53281706
363, 1, 21
2, 47611, 53668047, 53918141
364, 1, 21
1, 30282, 54245232, 54505811
365, 1, 21
3, 85078, 53281706, 53534273
366, 1, 21
2, 111084, 53918141, 54170719
367, 1, 21
1, 30282, 54505811, 54762545
368, 1, 21
3, 82194, 53534273, 53788495
369, 1, 21
2, 111084, 54170719, 54420809
370, 1, 21
1, 30282, 54762545, 55022507
371, 1, 21
3, 85078, 53788495, 54041877
372, 1, 21
2, 116852, 54420809, 54670987
373, 1, 21
1, 30282, 55022507, 55277989
374, 1, 21
3, 93730, 54041877, 54295398
375, 1, 21
2, 124062, 54670987, 54923070
376, 1, 21
1, 30282, 55277989, 55531516
377, 1, 21
3, 93730, 54295398, 54549383
378, 1, 21
2, 121178, 54923070, 55173895
379, 1, 21
1, 30282, 55531516, 55787475
380, 1, 21
3, 92288, 54549383, 54800556
381, 1, 21
2, 121178, 55173895, 55427582
382, 1, 21
1, 30282, 55787475, 56041115
383, 1, 21
3, 82194, 54800556, 55052569
384, 1, 21
2, 115410, 55427582, 55679732
385, 1, 21
1, 30282, 56041115, 56299429
386, 1, 21
3, 89404, 55052569, 55302886
387, 1, 21
2, 116852, 55679732, 55932572
388, 1, 21
1, 30282, 56299429, 56561051
389, 1, 21
3, 85078, 55302886, 55555171
390, 1, 21
2, 115410, 55932572, 56185558
391, 1, 21
1, 28840, 56561051, 56819491
392, 1, 21
3, 89404, 55555171, 55807097
393, 1, 21
2, 118294, 56185558, 56438398
394, 1, 21
1, 30282, 56819491, 57071841
395, 1, 21
3, 87962, 55807097, 56059343
396, 1, 21
2, 118294, 56438398, 56689798
397, 1, 21
1, 30282, 57071841, 57325687
398, 1, 21
3, 86520, 56059343, 56312499
399, 1, 21
2, 115410, 56689798, 56940726
400, 1, 21
1, 30282, 57325687, 57578007
401, 1, 21
3, 85078, 56312499, 56563743
402, 1, 21
2, 115410, 56940726, 57192958
403, 1, 21
1, 30282, 57578007, 57834055
404, 1, 21
3, 86520, 56563743, 56813844
405, 1, 21
2, 118294, 57192958, 57445667
406, 1, 21
1, 30282, 57834055, 58088401
407, 1, 21
3, 82194, 56813844, 57063928
408, 1, 21
2, 112526, 57445667, 57696547
409, 1, 21
1, 30282, 58088401, 58343782
410, 1, 21
3, 83636, 57063928, 57317569
411, 1, 21
2, 112526, 57696547, 57947041
412, 1, 21
1, 30282, 58343782, 58604344
413, 1, 21
3, 79310, 57317569, 57570741
414, 1, 21
2, 108200, 57947041, 58198816
415, 1, 21
1, 30282, 58604344, 58861269
416, 1, 21
3, 87962, 57570741, 57823139
417, 1, 21
2, 118294, 58198816, 58452183
418, 1, 21
1, 30282, 58861269, 59112257
419, 1, 21
3, 89404, 57823139, 58074921
420, 1, 21
2, 119736, 58452183, 58703491
421, 1, 21
1, 30282, 59112257, 59365524
422, 1, 21
2, 96639, 58703491, 58963033
423, 1, 21
1, 28840, 59365524, 59625787
424, 1, 21
2, 27423, 58963033, 59220875
425, 1, 21
1, 28840, 59625787, 59886813
426, 1, 21
2, 28865, 59220875, 59480318
427, 1, 21
1, 28840, 59886813, 60147539
428, 1, 21
2, 28865, 59480318, 59741544
429, 1, 21
1, 27398, 60147539, 60401979
430, 1, 21
2, 27423, 59741544, 59995676
431, 1, 21
1, 28840, 60401979, 60664003
432, 1, 21
2, 28865, 59995676, 60250579
433, 1, 21
1, 28840, 60664003, 60920727
434, 1, 21
2, 28865, 60250579, 60512137
435, 1, 21
1, 28840, 60920727, 61181369
436, 1, 21
2, 28865, 60512137, 60766602
437, 1, 21
1, 28840, 61181369, 61434013
438, 1, 21
2, 28865, 60766602, 61020500
439, 1, 21
1, 28840, 61434013, 61686609
440, 1, 21
2, 28865, 61020500, 61274867
441, 1, 21
1, 28840, 61686609, 61937306
442, 1, 21
2, 30307, 61274867, 61535063
443, 1, 21
1, 28840, 61937306, 62190807
444, 1, 21
2, 28865, 61535063, 61787110
445, 1, 21
1, 30282, 62190807, 62448969
446, 1, 21
2, 30307, 61787110, 62044010
447, 1, 21
1, 28840, 62448969, 62699005
448, 1, 21
2, 28865, 62044010, 62303591
449, 1, 21
1, 28840, 62699005, 63107984
450, 1, 21
2, 11561, 62303591, 62557918
451, 1, 21
1, 25956, 63107984, 63361615
452, 1, 21
2, 25981, 62557918, 62810112
453, 1, 21
1, 27398, 63361615, 63618315
454, 1, 21
2, 27423, 62810112, 63069321
455, 1, 21
1, 27398, 63618315, 63880906
456, 1, 21
2, 27423, 63069321, 63328789
457, 1, 21
1, 27398, 63880906, 64142037
458, 1, 21
2, 27423, 63328789, 63592709
459, 1, 21
1, 27398, 64142037, 64399031
460, 1, 21
2, 27423, 63592709, 63849495
461, 1, 21
1, 27398, 64399031, 64659075
462, 1, 21
2, 27423, 63849495, 64106035
463, 1, 21
1, 28840, 64659075, 64920682
464, 1, 21
2, 28865, 64106035, 64367064
465, 1, 21
1, 27398, 64920682, 65173850
466, 1, 21
2, 27423, 64367064, 64620731
467, 1, 21
1, 27398, 65173850, 65425411
468, 1, 21
2, 27423, 64620731, 64875095
469, 1, 21
1, 28840, 65425411, 65682565
470, 1, 21
2, 28865, 64875095, 65129124
471, 1, 21
1, 28840, 65682565, 65938446
472, 1, 21
2, 28865, 65129124, 65388910
473, 1, 21
1, 28840, 65938446, 66200328
474, 1, 21
2, 28865, 65388910, 65648799
475, 1, 21
1, 28840, 66200328, 66459027
476, 1, 21
2, 28865, 65648799, 65906403
477, 1, 21
1, 28840, 66459027, 66716936
478, 1, 21
2, 27423, 65906403, 66159317
