0, 14938, 2, 17, 1674930659.6512084
4,  14000, 3828961, 3930135
1,  14000, 5452275, 5553518
1, 18672, 2, 17, 1674930659.6516068
4,  14000, 3828980, 3930514
3,  14000, 4357645, 4459259
2, 29093, 2, 17, 1674930659.6693769
4,  14000, 3846705, 3948669
2,  14000, 4926788, 5029063
3, 14938, 2, 17, 1674930659.7522962
4,  12600, 3930135, 4031444
1,  12600, 5553518, 5654783
4, 18672, 2, 17, 1674930659.7528353
4,  12600, 3930514, 4031857
3,  12600, 4459259, 4560516
5, 29093, 2, 17, 1674930659.771415
4,  12600, 3948669, 4050904
2,  12600, 5029063, 5131320
6, 14938, 1, 17, 1674930659.86441
1,  14000, 5654783, 5767301
7, 14938, 1, 17, 1674930659.8755715
4,  15425, 4031444, 4155089
8, 18672, 2, 17, 1674930659.87599
4,  15400, 4031857, 4155409
3,  15400, 4560516, 4684237
9, 29093, 2, 17, 1674930659.8849258
4,  14000, 4050904, 4164276
2,  14000, 5131320, 5244726
10, 14938, 1, 17, 1674930659.9999917
1,  16800, 5767301, 5902506
11, 14938, 1, 17, 1674930660.0110283
4,  16825, 4155089, 4290444
12, 18672, 2, 17, 1674930660.0116012
4,  16800, 4155409, 4290460
3,  16800, 4684237, 4819213
13, 29093, 2, 17, 1674930660.0206375
4,  16800, 4164276, 4300161
2,  16800, 5244726, 5380623
14, 14938, 1, 17, 1674930660.1464
1,  18200, 5902506, 6049230
15, 29093, 2, 17, 1674930660.1687636
4,  18200, 4300161, 4448060
2,  18200, 5380623, 5528476
16, 18672, 2, 17, 1674930660.1798425
4,  21000, 4290460, 4459208
3,  21000, 4819213, 4988019
17, 14938, 1, 17, 1674930660.1807425
4,  21025, 4290444, 4460331
18, 14938, 1, 17, 1674930660.3275194
1,  22400, 6049230, 6230434
19, 29093, 2, 17, 1674930660.3500147
4,  22400, 4448060, 4629339
2,  22400, 5528476, 5709788
20, 14938, 1, 17, 1674930660.3839967
4,  25225, 4460331, 4663484
21, 18672, 2, 17, 1674930660.3934257
4,  26600, 4459208, 4672884
3,  26600, 4988019, 5201718
22, 14938, 1, 17, 1674930660.5896335
1,  32200, 6230434, 6492677
23, 29093, 2, 17, 1674930660.6100097
4,  32200, 4629339, 4889470
2,  32200, 5709788, 5969856
24, 18672, 2, 17, 1674930660.6522212
4,  32200, 4672884, 4931707
3,  32200, 5201718, 5460452
25, 14938, 1, 17, 1674930660.6532042
4,  32225, 4663484, 4932851
26, 26266, 2, 17, 1674930660.659446
4,  439600, 4838790, 4938953
1,  439600, 6462251, 6562313
27, 14938, 1, 17, 1674930660.7014513
1,  12600, 6492677, 6604202
28, 14938, 1, 17, 1674930660.757713
4,  12625, 4932851, 5037191
29, 14938, 1, 17, 1674930660.8029628
1,  12600, 6604202, 6705810
30, 14938, 1, 17, 1674930660.859409
4,  12625, 5037191, 5138848
31, 14938, 1, 17, 1674930660.9157267
1,  14000, 6705810, 6818688
32, 29093, 2, 17, 1674930660.9828637
4,  46200, 4889470, 5262289
2,  46200, 5969856, 6342705
33, 14938, 1, 17, 1674930660.9948773
4,  16825, 5138848, 5274408
34, 14938, 1, 17, 1674930661.0512817
1,  16800, 6818688, 6954224
35, 18672, 2, 17, 1674930661.1246262
4,  58800, 4931707, 5404106
3,  58800, 5460452, 5932934
36, 14938, 1, 17, 1674930661.1414618
4,  18225, 5274408, 5420998
37, 14938, 1, 17, 1674930661.2204268
1,  21000, 6954224, 7123362
38, 14938, 1, 17, 1674930661.3218539
4,  22425, 5420998, 5601340
39, 14938, 1, 17, 1674930661.4234517
1,  25200, 7123362, 7326436
40, 14938, 1, 17, 1674930661.5588176
4,  29425, 5601340, 5838294
41, 14938, 1, 17, 1674930661.716676
1,  36400, 7326436, 7619650
42, 14938, 1, 17, 1674930661.9309192
4,  46225, 5838294, 6210436
43, 14938, 1, 17, 1674930662.1796143
1,  57400, 7619650, 8082531
44, 21913, 2, 17, 1674930662.6978955
4,  427000, 6876814, 6977101
1,  427000, 8500277, 8600543
45, 6051, 1, 17, 1674930662.7317724
2,  331800, 7991813, 8091830
46, 6051, 1, 17, 1674930662.732053
4,  333225, 6911408, 7011713
47, 42982, 2, 17, 1674930665.7221758
4,  400400, 9901294, 10001657
2,  400400, 10981806, 11082132
48, 29093, 2, 17, 1674930665.9935699
4,  623000, 5262289, 10272975
2,  623000, 6342705, 11353405
49, 18672, 2, 17, 1674930666.130384
4,  623000, 5404106, 10409771
3,  623000, 5932934, 10938608
50, 14938, 1, 17, 1674930666.9346662
4,  620225, 6210436, 11214168
51, 14938, 1, 17, 1674930667.182256
1,  620200, 8082531, 13085071
52, 9376, 2, 17, 1674930667.727688
4,  289800, 11906682, 12007110
2,  289800, 12987186, 13087591
53, 23644, 2, 17, 1674930668.7466524
4,  421400, 12925939, 13026077
1,  421400, 14549272, 14649562
54, 13215, 2, 17, 1674930669.7472084
4,  425600, 13926622, 14026663
1,  425600, 15550094, 15650158
55, 17062, 2, 17, 1674930670.7358553
4,  400400, 14915058, 15015219
2,  400400, 15995543, 16095724
56, 29093, 2, 17, 1674930671.002776
4,  623000, 10272975, 15281850
2,  623000, 11353405, 16362319
57, 18672, 2, 17, 1674930671.1360395
4,  623000, 10409771, 15415483
3,  623000, 10938608, 15944301
58, 14938, 1, 17, 1674930671.9366653
4,  621625, 11214168, 16215445
59, 29093, 1, 17, 1674930672.0486646
4,  130200, 15281850, 16327987
60, 29093, 1, 17, 1674930672.149915
4,  12600, 16327987, 16429232
61, 14938, 1, 17, 1674930672.183501
1,  621600, 13085071, 18086421
62, 29093, 1, 17, 1674930672.2625313
4,  14000, 16429232, 16541776
63, 14938, 2, 17, 1674930672.35227
4,  51825, 16215445, 16631694
1,  21000, 18086421, 18255156
64, 29093, 1, 17, 1674930672.3634546
4,  12600, 16541776, 16643006
65, 14938, 2, 17, 1674930672.4534442
4,  12600, 16631694, 16732904
1,  12600, 18255156, 18356343
66, 29093, 1, 17, 1674930672.4648829
4,  12600, 16643006, 16744345
67, 14938, 2, 17, 1674930672.56595
4,  14000, 16732904, 16845454
1,  14000, 18356343, 18468850
68, 29093, 1, 17, 1674930672.5776308
4,  14000, 16744345, 16856926
69, 14938, 2, 17, 1674930672.7007945
4,  16800, 16845454, 16980285
1,  16800, 18468850, 18603759
70, 7669, 2, 17, 1674930672.711116
4,  334600, 16890400, 16990728
3,  334600, 17419275, 17519584
71, 29093, 1, 17, 1674930672.71245
4,  16800, 16856926, 16992127
72, 14938, 2, 17, 1674930672.8470223
4,  18200, 16980285, 17126522
1,  18200, 18603759, 18750000
73, 29093, 1, 17, 1674930672.8586512
4,  18200, 16992127, 17138170
74, 14938, 2, 17, 1674930673.0382502
4,  23800, 17126522, 17317716
1,  23800, 18750000, 18941193
75, 29093, 1, 17, 1674930673.0387273
4,  22400, 17138170, 17318415
76, 14938, 2, 17, 1674930673.2970428
4,  32200, 17317716, 17576486
1,  32200, 18941193, 19199930
77, 29093, 1, 17, 1674930673.2975247
4,  32200, 17318415, 17577224
78, 29093, 1, 17, 1674930673.6683908
4,  46200, 17577224, 17947939
79, 14938, 2, 17, 1674930673.713152
4,  51800, 17576486, 17992647
1,  51800, 19199930, 19616084
80, 45273, 2, 17, 1674930674.7576802
4,  456400, 18936859, 19037056
1,  456400, 20560326, 20660551
81, 29093, 1, 17, 1674930676.0087876
2,  623000, 16362319, 21368758
82, 18672, 2, 17, 1674930676.1442454
4,  623000, 15415483, 20423728
3,  623000, 15944301, 20952524
83, 57114, 2, 17, 1674930676.782865
4,  319200, 20962121, 21062339
1,  319200, 22585596, 22685827
84, 40627, 2, 17, 1674930677.7250988
4,  289800, 21904454, 22004567
3,  289800, 22433265, 22533423
85, 29093, 1, 17, 1674930678.676969
4,  621625, 17947939, 22956299
86, 14938, 2, 17, 1674930678.7214983
4,  623000, 17992647, 23000902
1,  623000, 19616084, 24624366
87, 62179, 2, 17, 1674930680.7796853
4,  364000, 24958823, 25059152
2,  364000, 26039245, 26139530
88, 29093, 1, 17, 1674930681.0171294
2,  620200, 21368758, 26377005
89, 18672, 2, 17, 1674930681.152195
4,  623000, 20423728, 25431563
3,  623000, 20952524, 25960050
90, 18672, 1, 17, 1674930681.4335682
4,  35000, 25431563, 25712639
91, 18672, 1, 17, 1674930681.5348036
4,  12600, 25712639, 25813887
92, 18672, 1, 17, 1674930681.6585956
4,  15400, 25813887, 25937571
93, 18672, 1, 17, 1674930681.7938902
4,  16800, 25937571, 26073162
94, 18672, 1, 17, 1674930681.9630592
4,  21000, 26073162, 26241913
95, 18672, 1, 17, 1674930682.1764574
4,  26600, 26241913, 26455593
96, 18672, 1, 17, 1674930682.4353895
4,  32200, 26455593, 26714391
97, 7782, 2, 17, 1674930682.7732458
4,  291200, 26952620, 27052656
2,  291200, 28033054, 28133124
98, 18672, 1, 17, 1674930682.9075577
4,  58800, 26714391, 27186993
99, 18672, 1, 17, 1674930683.0085032
4,  12600, 27186993, 27288017
100, 18672, 1, 17, 1674930683.1098685
4,  12600, 27288017, 27389347
101, 18672, 1, 17, 1674930683.233533
4,  15400, 27389347, 27512968
102, 18672, 1, 17, 1674930683.379609
4,  18200, 27512968, 27659131
103, 18672, 1, 17, 1674930683.5487993
4,  21000, 27659131, 27827816
104, 29093, 1, 17, 1674930683.640703
4,  616025, 22956299, 27920110
105, 14938, 2, 17, 1674930683.728968
4,  623000, 23000902, 28007951
1,  623000, 24624366, 29631304
106, 29093, 1, 17, 1674930683.7419846
4,  12600, 27920110, 28021397
107, 18672, 1, 17, 1674930683.751499
4,  25200, 27827816, 28030710
108, 29093, 1, 17, 1674930683.8659315
4,  15400, 28021397, 28145142
109, 29093, 1, 17, 1674930684.0007348
4,  16800, 28145142, 28280181
110, 18672, 1, 17, 1674930684.0434606
4,  36400, 28030710, 28322926
111, 29093, 1, 17, 1674930684.169483
4,  21000, 28280181, 28448925
112, 18672, 1, 17, 1674930684.3700013
3,  400400, 25960050, 29178058
113, 29093, 1, 17, 1674930684.383264
4,  26600, 28448925, 28662804
114, 18672, 1, 17, 1674930684.4712384
3,  12600, 29178058, 29279423
115, 18672, 1, 17, 1674930684.5723896
4,  65850, 28322926, 28851814
116, 18672, 1, 17, 1674930684.5949965
3,  15400, 29279423, 29402982
117, 29093, 1, 17, 1674930684.6420205
4,  32200, 28662804, 28921510
118, 18672, 1, 17, 1674930684.7298238
3,  16800, 29402982, 29538208
119, 18672, 1, 17, 1674930684.8985274
3,  21000, 29538208, 29706893
120, 18672, 1, 17, 1674930685.1020505
3,  25200, 29706893, 29909625
121, 29093, 1, 17, 1674930685.1152356
4,  58800, 28921510, 29394588
122, 18672, 1, 17, 1674930685.3604438
3,  32200, 29909625, 30168535
123, 18672, 1, 17, 1674930685.7768934
3,  51800, 30168535, 30584804
124, 29093, 1, 17, 1674930686.0288415
2,  623000, 26377005, 31385749
125, 29093, 1, 17, 1674930686.0761871
4,  114825, 29394588, 30354273
126, 29093, 2, 17, 1674930686.1838188
4,  18200, 30354273, 30463055
2,  19600, 31385749, 31543292
127, 29093, 2, 17, 1674930686.2852273
4,  12600, 30463055, 30564272
2,  12600, 31543292, 31644618
128, 29093, 2, 17, 1674930686.408726
4,  15400, 30564272, 30687840
2,  15400, 31644618, 31768269
129, 29093, 2, 17, 1674930686.5436432
4,  16800, 30687840, 30823100
2,  16800, 31768269, 31903427
130, 29093, 2, 17, 1674930686.714784
4,  21000, 30823100, 30994178
2,  21000, 31903427, 32074608
131, 28511, 2, 17, 1674930686.7662215
4,  317800, 30945339, 31045620
1,  317800, 32568701, 32669092
132, 64294, 2, 17, 1674930686.7976835
4,  294000, 30976884, 31077057
2,  294000, 32057296, 32157459
133, 29093, 2, 17, 1674930686.9224026
4,  25200, 30994178, 31201328
2,  25200, 32074608, 32281651
134, 29093, 2, 17, 1674930687.180868
4,  32200, 31201328, 31460263
2,  32200, 32281651, 32540664
135, 29093, 2, 17, 1674930687.5974855
4,  51800, 31460263, 31876869
2,  51800, 32540664, 32957179
136, 14938, 1, 17, 1674930688.7293916
4,  621600, 28007951, 33008713
137, 14938, 1, 17, 1674930688.7367773
1,  623000, 29631304, 34639675
138, 16693, 2, 17, 1674930688.7538009
4,  459200, 32932986, 33033192
3,  459200, 33461759, 33562012
139, 18672, 1, 17, 1674930689.582945
4,  623150, 28851814, 33862363
140, 18672, 1, 17, 1674930690.786901
3,  623000, 30584804, 35595034
141, 2393, 2, 17, 1674930690.8043628
4,  320600, 34983803, 35083850
1,  320600, 36607208, 36707310
142, 18672, 1, 17, 1674930691.1808379
4,  198825, 33862363, 35460178
143, 29093, 1, 17, 1674930691.256479
4,  455000, 31876869, 35535775
144, 18672, 1, 17, 1674930691.281848
4,  12600, 35460178, 35561335
145, 29093, 1, 17, 1674930691.367001
4,  14000, 35535775, 35646468
146, 18672, 1, 17, 1674930691.3829286
4,  12600, 35561335, 35662517
147, 29093, 1, 17, 1674930691.468693
4,  12600, 35646468, 35747732
148, 18672, 1, 17, 1674930691.4959362
4,  14000, 35662517, 35775058
149, 14938, 1, 17, 1674930691.4980037
4,  344425, 33008713, 35777006
150, 29093, 1, 17, 1674930691.5811417
4,  14000, 35747732, 35860333
151, 14938, 1, 17, 1674930691.6075237
4,  14000, 35777006, 35886920
152, 18672, 1, 17, 1674930691.6309369
4,  16800, 35775058, 35910118
153, 29093, 1, 17, 1674930691.6837666
4,  12600, 35860333, 35961843
154, 14938, 1, 17, 1674930691.7089841
4,  12600, 35886920, 35988353
155, 5168, 2, 17, 1674930691.7660851
4,  264600, 35944634, 36044983
3,  264600, 36473397, 36573749
156, 18672, 1, 17, 1674930691.7794795
4,  18200, 35910118, 36058701
157, 29093, 1, 17, 1674930691.784123
4,  12600, 35961843, 36063196
158, 14938, 1, 17, 1674930691.821788
4,  14000, 35988353, 36100888
159, 29093, 1, 17, 1674930691.8965998
4,  14000, 36063196, 36175717
160, 14938, 1, 17, 1674930691.9563894
4,  16800, 36100888, 36235860
161, 18672, 1, 17, 1674930691.9703898
4,  23800, 36058701, 36249941
162, 29093, 1, 17, 1674930692.0321317
4,  16800, 36175717, 36311404
163, 14938, 1, 17, 1674930692.1033576
4,  18200, 36235860, 36382580
164, 29093, 1, 17, 1674930692.178129
4,  18200, 36311404, 36457179
165, 18672, 1, 17, 1674930692.229779
4,  32200, 36249941, 36508933
166, 14938, 1, 17, 1674930692.2945008
4,  23800, 36382580, 36573587
167, 29093, 1, 17, 1674930692.3582397
4,  22400, 36457179, 36637471
168, 14938, 1, 17, 1674930692.5556672
4,  32200, 36573587, 36832434
169, 29093, 1, 17, 1674930692.6053336
2,  623000, 32957179, 37965144
170, 29093, 1, 17, 1674930692.6168609
4,  32225, 36637471, 36896153
171, 18672, 1, 17, 1674930692.6457705
4,  51800, 36508933, 36925200
172, 14938, 1, 17, 1674930692.9695613
4,  51800, 36832434, 37248969
173, 29093, 1, 17, 1674930692.9882925
4,  46200, 36896153, 37267675
174, 14938, 1, 17, 1674930693.7458365
1,  623000, 34639675, 39648644
175, 10035, 1, 17, 1674930693.7583246
3,  249200, 38466448, 38566473
176, 10035, 1, 17, 1674930693.7590098
4,  250625, 37937695, 38038534
177, 52150, 2, 17, 1674930694.7819815
4,  365400, 38961018, 39061179
3,  365400, 39489795, 39589935
178, 38774, 1, 17, 1674930694.8224509
4,  341600, 39001826, 39101835
179, 38774, 1, 17, 1674930694.8231347
3,  344400, 39530683, 39631519
180, 18672, 1, 17, 1674930695.7937949
3,  621600, 35595034, 40600138
181, 30816, 2, 17, 1674930696.8453226
4,  261800, 41023948, 41124332
2,  261800, 42104369, 42204822
182, 29093, 1, 17, 1674930697.6148045
2,  623000, 37965144, 42974267
183, 18672, 1, 17, 1674930697.6482732
4,  621625, 36925200, 41927311
184, 14938, 1, 17, 1674930697.976653
4,  623025, 37248969, 42256120
185, 29093, 1, 17, 1674930697.997085
4,  623025, 37267675, 42276541
186, 14938, 1, 17, 1674930698.7530892
1,  623000, 39648644, 44655508
187, 18672, 1, 17, 1674930700.7999792
3,  623000, 40600138, 45607863
188, 49779, 2, 17, 1674930700.8066685
4,  354200, 44985678, 45085831
3,  354200, 45514435, 45614604
189, 29093, 1, 17, 1674930702.6220682
2,  623000, 42974267, 47981867
190, 18672, 1, 17, 1674930702.6563008
4,  623025, 41927311, 46935751
191, 14938, 1, 17, 1674930702.9824886
4,  623025, 42256120, 47261860
192, 29093, 1, 17, 1674930703.0048382
4,  623025, 42276541, 47284212
193, 14938, 1, 17, 1674930703.759088
1,  623000, 44655508, 49661761
194, 44464, 2, 17, 1674930703.882036
4,  406000, 48061178, 48161278
3,  406000, 48589902, 48690077
195, 18672, 1, 17, 1674930705.8085048
3,  623000, 45607863, 50616783
196, 49632, 2, 17, 1674930706.8921683
4,  477400, 51070894, 51171056
2,  477400, 52151287, 52251514
197, 29093, 1, 17, 1674930707.6313376
2,  623000, 47981867, 52991052
198, 18672, 1, 17, 1674930707.6653955
4,  623025, 46935751, 51944465
199, 19299, 2, 17, 1674930707.8753436
4,  410200, 52054684, 52154753
2,  410200, 53135113, 53235236
200, 44579, 2, 17, 1674930707.8760364
4,  460600, 52054708, 52154898
2,  460600, 53135138, 53235390
201, 14938, 1, 17, 1674930707.9889786
4,  623025, 47261860, 52268412
202, 29093, 1, 17, 1674930708.0060565
4,  621625, 47284212, 52285473
203, 14938, 1, 17, 1674930708.7654808
1,  623000, 49661761, 54668336
204, 63669, 2, 17, 1674930708.8169281
4,  464800, 52996083, 53096287
3,  464800, 53524843, 53624999
205, 47388, 2, 17, 1674930708.8503275
4,  319200, 53029649, 53129666
1,  319200, 54653021, 54753107
206, 55007, 1, 17, 1674930708.8626022
4,  387800, 53041690, 53141698
207, 55007, 1, 17, 1674930708.8634605
1,  389200, 54665183, 54765467
208, 18672, 1, 17, 1674930710.8180366
3,  623000, 50616783, 55625670
209, 29093, 1, 17, 1674930712.6417165
2,  623000, 52991052, 58001575
210, 18672, 1, 17, 1674930712.6747227
4,  623025, 51944465, 56953870
211, 14938, 1, 17, 1674930712.989103
4,  621625, 52268412, 57268610
212, 29093, 1, 17, 1674930713.0128934
4,  623025, 52285473, 57292413
213, 14938, 1, 17, 1674930713.7660904
1,  621600, 54668336, 59668506
214, 14938, 1, 17, 1674930714.0023828
4,  126025, 57268610, 58281644
215, 14938, 1, 17, 1674930714.1035798
4,  12600, 58281644, 58382964
216, 14938, 1, 17, 1674930714.227135
4,  15400, 58382964, 58506619
217, 14938, 1, 17, 1674930714.3621287
4,  16800, 58506619, 58641634
218, 14938, 1, 17, 1674930714.5309448
4,  21000, 58641634, 58810368
219, 14938, 1, 17, 1674930714.7451859
4,  26600, 58810368, 59024172
220, 14938, 1, 17, 1674930715.0038736
4,  32200, 59024172, 59282813
221, 14938, 1, 17, 1674930715.4762888
4,  58800, 59282813, 59755306
222, 18672, 1, 17, 1674930715.8249295
3,  623000, 55625670, 60632778
223, 18672, 1, 17, 1674930717.307058
3,  179200, 60632778, 62114024
224, 18672, 1, 17, 1674930717.4114017
3,  18200, 62114024, 62219264
225, 18672, 1, 17, 1674930717.5126548
3,  12600, 62219264, 62320505
226, 18672, 1, 17, 1674930717.625142
3,  14000, 62320505, 62433025
227, 29093, 1, 17, 1674930717.647412
2,  623000, 58001575, 63007035
228, 18672, 1, 17, 1674930717.6813803
4,  623125, 56953870, 61960485
229, 18672, 1, 17, 1674930717.7601044
3,  16800, 62433025, 62568030
230, 18672, 1, 17, 1674930717.9064207
3,  18200, 62568030, 62714303
231, 29093, 1, 17, 1674930718.0187323
4,  623025, 57292413, 62297772
232, 18672, 1, 17, 1674930718.0982294
3,  23800, 62714303, 62905537
233, 18672, 1, 17, 1674930718.356074
3,  32200, 62905537, 63164198
234, 14938, 1, 17, 1674930718.7724633
1,  623000, 59668506, 64674649
235, 18672, 1, 17, 1674930718.7733145
3,  51800, 63164198, 63580505
236, 31731, 2, 17, 1674930719.8350208
4,  259000, 64014057, 64114427
3,  259000, 64542844, 64643272
237, 29238, 1, 17, 1674930719.8423278
3,  354200, 64550774, 64650790
238, 29238, 1, 17, 1674930719.8428793
4,  355625, 64021929, 64122511
239, 14938, 1, 17, 1674930720.482835
4,  623025, 59755306, 64761792
240, 18672, 1, 17, 1674930722.532046
4,  602125, 61960485, 66811231
241, 18672, 1, 17, 1674930722.6341875
4,  14000, 66811231, 66913597
242, 29093, 1, 17, 1674930722.653552
2,  623000, 63007035, 68013409
243, 18672, 1, 17, 1674930722.7353046
4,  12600, 66913597, 67014789
244, 18672, 1, 17, 1674930722.8591049
4,  15400, 67014789, 67138545
245, 18672, 1, 17, 1674930722.9939725
4,  16800, 67138545, 67273442
246, 29093, 1, 17, 1674930723.0247087
4,  623025, 62297772, 67304252
247, 18672, 1, 17, 1674930723.1628177
4,  21000, 67273442, 67442159
248, 18672, 1, 17, 1674930723.3764987
4,  26600, 67442159, 67655930
249, 18672, 1, 17, 1674930723.635149
4,  32200, 67655930, 67914643
250, 14938, 1, 17, 1674930723.778671
1,  623000, 64674649, 69681058
251, 18672, 1, 17, 1674930723.7822735
3,  623000, 63580505, 68590190
252, 18672, 1, 17, 1674930724.1078331
4,  58825, 67914643, 68387231
253, 14938, 1, 17, 1674930725.487823
4,  623025, 64761792, 69767253
254, 33754, 2, 17, 1674930725.8769712
4,  253400, 70055918, 70156025
1,  253400, 71679345, 71779431
255, 29093, 1, 17, 1674930727.6594045
2,  623000, 68013409, 73019285
256, 29093, 1, 17, 1674930728.030638
4,  623025, 67304252, 72310064
257, 14938, 1, 17, 1674930728.7855809
1,  623000, 69681058, 74687921
258, 18672, 1, 17, 1674930728.787402
3,  623000, 68590190, 73595546
259, 18672, 1, 17, 1674930729.1139405
4,  623025, 68387231, 73393391
260, 38117, 2, 17, 1674930729.8465595
4,  365400, 74025393, 74125517
2,  365400, 75105794, 75205898
261, 58844, 2, 17, 1674930729.8983624
4,  431200, 74076868, 74177184
1,  431200, 75700344, 75800584
262, 14938, 1, 17, 1674930730.4974608
4,  623025, 69767253, 74776930
263, 35359, 2, 17, 1674930730.8795738
4,  249200, 75058390, 75158657
1,  249200, 76681826, 76782055
264, 29093, 1, 17, 1674930732.6678967
2,  623000, 73019285, 78027636
265, 29093, 1, 17, 1674930732.9157338
4,  607625, 72310064, 77194783
266, 29093, 1, 17, 1674930733.0166783
4,  12600, 77194783, 77296069
267, 29093, 1, 17, 1674930733.1291983
4,  14000, 77296069, 77408643
268, 29093, 1, 17, 1674930733.2642965
4,  16800, 77408643, 77543586
269, 29093, 1, 17, 1674930733.4105375
4,  18200, 77543586, 77689928
270, 29093, 1, 17, 1674930733.6017861
4,  23800, 77689928, 77881154
271, 18672, 1, 17, 1674930733.793415
3,  623000, 73595546, 78601545
272, 14938, 1, 17, 1674930733.79481
1,  623000, 74687921, 79697773
273, 29093, 1, 17, 1674930733.8604057
4,  32200, 77881154, 78139804
274, 18672, 1, 17, 1674930734.119753
4,  623025, 73393391, 78398973
275, 29093, 1, 17, 1674930734.2768078
4,  51800, 78139804, 78556196
276, 14938, 1, 17, 1674930735.5054274
4,  623025, 74776930, 79784234
277, 61808, 1, 17, 1674930735.7854996
3,  397600, 80492832, 80593133
278, 61808, 1, 17, 1674930735.7871006
4,  399025, 79964649, 80066200
279, 29093, 1, 17, 1674930737.6776989
2,  623000, 78027636, 83037307
280, 14938, 1, 17, 1674930738.8040075
1,  623000, 79697773, 84706324
281, 18672, 1, 17, 1674930738.8043745
3,  623000, 78601545, 83611930
282, 18672, 1, 17, 1674930739.1303906
4,  623025, 78398973, 83409620
283, 29093, 1, 17, 1674930739.287817
4,  623025, 78556196, 83567154
284, 14938, 1, 17, 1674930740.5151181
4,  623025, 79784234, 84794476
285, 51237, 2, 17, 1674930740.9130814
4,  428400, 85091588, 85191792
2,  428400, 86172001, 86272229
286, 156, 2, 17, 1674930741.9519215
4,  343000, 86130508, 86230671
1,  343000, 87753932, 87854063
287, 29093, 1, 17, 1674930742.6802292
2,  621600, 83037307, 88039563
288, 18672, 1, 17, 1674930743.8039904
3,  621600, 83611930, 88612148
289, 14938, 1, 17, 1674930743.8050392
1,  621600, 84706324, 89707966
290, 18672, 1, 17, 1674930744.1306846
4,  621625, 83409620, 88410048
291, 29093, 1, 17, 1674930744.289817
4,  621625, 83567154, 88568540
292, 14938, 1, 17, 1674930745.5164392
4,  621625, 84794476, 89795725
293, 12022, 2, 17, 1674930745.8983867
4,  338800, 90075935, 90176887
3,  338800, 90604693, 90704920
294, 60441, 1, 17, 1674930745.956201
1,  295400, 91759075, 91859093
295, 60441, 1, 17, 1674930745.956902
4,  296825, 90135659, 90236409
296, 29093, 1, 17, 1674930747.6906664
2,  623000, 88039563, 93050289
297, 29093, 1, 17, 1674930748.5939968
2,  112000, 93050289, 93953458
298, 18672, 1, 17, 1674930748.659472
3,  603400, 88612148, 93466831
299, 29093, 1, 17, 1674930748.7045364
2,  14000, 93953458, 94063514
300, 18672, 1, 17, 1674930748.7606063
3,  12600, 93466831, 93568116
301, 29093, 1, 17, 1674930748.8051276
2,  12600, 94063514, 94164750
302, 14938, 1, 17, 1674930748.8162665
1,  623000, 89707966, 94719130
303, 18672, 1, 17, 1674930748.875435
3,  14000, 93568116, 93683055
304, 42101, 1, 17, 1674930748.8962731
3,  487200, 93604125, 93704381
305, 42101, 1, 17, 1674930748.8971658
4,  488625, 93075612, 93176636
306, 29093, 1, 17, 1674930748.9177043
2,  14000, 94164750, 94277308
307, 18672, 1, 17, 1674930749.010646
3,  16800, 93683055, 93818806
308, 29093, 1, 17, 1674930749.0532126
2,  16800, 94277308, 94412355
309, 18672, 1, 17, 1674930749.1346583
4,  621700, 88410048, 93413863
310, 18672, 1, 17, 1674930749.1569338
3,  18200, 93818806, 93965136
311, 29093, 1, 17, 1674930749.1991022
2,  18200, 94412355, 94558864
312, 29093, 1, 17, 1674930749.300259
4,  623175, 88568540, 93579590
313, 18672, 1, 17, 1674930749.3494914
3,  23800, 93965136, 94156694
314, 29093, 1, 17, 1674930749.390341
2,  23800, 94558864, 94750040
315, 18672, 1, 17, 1674930749.6074066
3,  32200, 94156694, 94415447
316, 29093, 1, 17, 1674930749.6492362
2,  32200, 94750040, 95008983
317, 18672, 1, 17, 1674930750.0235825
3,  51800, 94415447, 94831760
318, 29093, 1, 17, 1674930750.0656855
2,  51800, 95008983, 95425497
319, 14938, 1, 17, 1674930750.5281942
4,  623025, 89795725, 94807107
320, 40224, 2, 17, 1674930752.952036
4,  371000, 97131216, 97231439
2,  371000, 98211639, 98311919
321, 18672, 1, 17, 1674930753.661255
4,  557300, 93413863, 97939929
322, 18672, 1, 17, 1674930753.7606735
4,  18200, 97939929, 98040034
323, 14938, 1, 17, 1674930753.8272657
1,  623000, 94719130, 99729894
324, 18672, 1, 17, 1674930753.862264
4,  12600, 98040034, 98141298
325, 18672, 1, 17, 1674930753.9745672
4,  14000, 98141298, 98253848
326, 29093, 1, 17, 1674930754.0106719
4,  581075, 93579590, 98289709
327, 18672, 1, 17, 1674930754.1096187
4,  16800, 98253848, 98388863
328, 29093, 1, 17, 1674930754.1212084
4,  18200, 98289709, 98400329
329, 29093, 1, 17, 1674930754.2224703
4,  12600, 98400329, 98501613
330, 18672, 1, 17, 1674930754.2560508
4,  18200, 98388863, 98535217
331, 29093, 1, 17, 1674930754.3349776
4,  14000, 98501613, 98614171
332, 18672, 1, 17, 1674930754.4365983
4,  22400, 98535217, 98715431
333, 29093, 1, 17, 1674930754.4703846
4,  16800, 98614171, 98749262
334, 29093, 1, 17, 1674930754.6161938
4,  18200, 98749262, 98895547
335, 18672, 1, 17, 1674930754.6949663
4,  32200, 98715431, 98974346
336, 29093, 1, 17, 1674930754.8077707
4,  23800, 98895547, 99086892
337, 18672, 1, 17, 1674930755.0333736
3,  623000, 94831760, 99841048
338, 29093, 2, 17, 1674930755.0671167
4,  32200, 99086892, 99346240
2,  621600, 95425497, 100426437
339, 18672, 1, 17, 1674930755.0674565
4,  46225, 98974346, 99346255
340, 29093, 1, 17, 1674930755.4838185
4,  51800, 99346240, 99762696
341, 14938, 1, 17, 1674930755.5285625
4,  621625, 94807107, 99807584
342, 11621, 2, 17, 1674930756.9090335
4,  368200, 101088373, 101188439
2,  368200, 102168756, 102268863
343, 18672, 1, 17, 1674930758.6009362
3,  443800, 99841048, 103408598
344, 18672, 1, 17, 1674930758.7018926
3,  12600, 103408598, 103509819
345, 18672, 1, 17, 1674930758.814071
3,  14000, 103509819, 103622343
346, 14938, 1, 17, 1674930758.8369362
1,  623000, 99729894, 104739292
347, 18672, 1, 17, 1674930758.9492164
3,  16800, 103622343, 103757403
348, 18672, 1, 17, 1674930759.0961277
3,  18200, 103757403, 103903799
349, 18672, 1, 17, 1674930759.287999
3,  23800, 103903799, 104095301
350, 18672, 1, 17, 1674930759.5464706
3,  32200, 104095301, 104354252
351, 18672, 1, 17, 1674930759.9627995
3,  51800, 104354252, 104770917
352, 29093, 1, 17, 1674930760.0762272
2,  623000, 100426437, 105436165
