0, 2, 21
2, 54796, 5651878, 6211994
1, 54796, 6306670, 6866297
1, 2, 21
2, 53354, 6211994, 6714357
1, 53354, 6866297, 7368712
2, 2, 21
2, 57680, 6714357, 7225015
1, 57680, 7368712, 7879426
3, 2, 21
2, 54796, 7225015, 7729990
1, 54796, 7879426, 8384179
4, 1, 21
1, 56238, 8384179, 8896171
5, 1, 21
2, 111059, 7729990, 8733859
6, 2, 21
2, 103824, 8733859, 15785481
1, 158620, 8896171, 16440145
7, 2, 21
2, 54796, 15785481, 16292084
1, 54796, 16440145, 16946805
8, 2, 21
2, 115360, 16292084, 17292794
1, 115360, 16946805, 17947775
9, 1, 21
2, 89404, 17292794, 17812764
10, 1, 21
3, 76426, 17003320, 17508080
11, 1, 21
2, 131247, 17812764, 18317207
12, 1, 21
3, 64890, 17508080, 18025430
13, 1, 21
2, 103849, 18317207, 18831880
14, 1, 21
1, 168714, 17947775, 19517454
15, 1, 21
3, 59122, 18025430, 18532335
16, 1, 21
2, 124062, 18831880, 19333678
17, 1, 21
3, 79310, 18532335, 19039800
18, 1, 21
2, 167297, 19333678, 19837120
19, 1, 21
4, 73542, 18440517, 18945556
20, 1, 21
3, 73542, 19039800, 19546021
21, 1, 21
2, 197604, 19837120, 20337586
22, 1, 21
4, 74984, 18945556, 19455552
23, 1, 21
3, 74984, 19546021, 20052855
24, 1, 21
4, 64890, 19455552, 19966202
25, 1, 21
3, 66332, 20052855, 20562356
26, 1, 21
2, 360600, 20337586, 21349692
27, 1, 21
4, 50470, 19966202, 20466292
28, 1, 21
3, 47586, 20562356, 21065635
29, 1, 21
1, 312914, 19517454, 22560607
30, 1, 21
4, 70658, 20466292, 20974522
31, 1, 21
3, 63448, 21065635, 21570495
32, 1, 21
2, 351973, 21349692, 22353207
33, 1, 21
1, 57680, 22560607, 23064213
34, 1, 21
2, 184601, 22353207, 22854915
35, 1, 21
4, 129780, 20974522, 21980296
36, 1, 21
2, 100965, 22854915, 23357755
37, 1, 21
1, 98056, 23064213, 24065654
38, 1, 21
4, 66332, 21980296, 22493168
39, 1, 21
4, 47586, 22493168, 23004300
40, 1, 21
1, 89404, 24065654, 25076681
41, 1, 21
4, 72100, 23004300, 23510468
42, 1, 21
2, 328901, 23357755, 24867502
43, 1, 21
1, 59122, 25076681, 25611064
44, 1, 21
2, 262469, 24867502, 25868436
45, 1, 21
4, 223510, 23510468, 25023487
46, 1, 21
3, 82194, 21570495, 28086821
47, 1, 21
2, 824874, 25868436, 28902555
48, 1, 21
3, 60564, 28086821, 28589764
49, 1, 21
4, 423948, 25023487, 28039863
50, 1, 21
2, 175974, 28902555, 29402587
51, 1, 21
1, 522004, 25611064, 30171183
52, 1, 21
3, 72100, 28589764, 29091725
53, 1, 21
4, 72100, 28039863, 28540788
54, 1, 21
2, 193303, 29402587, 29906042
55, 1, 21
1, 112476, 30171183, 31173303
56, 1, 21
4, 144200, 28540788, 29548030
57, 1, 21
2, 395158, 29906042, 30908243
58, 1, 21
2, 132664, 30908243, 31410602
59, 1, 21
2, 265328, 31410602, 32410980
60, 1, 21
3, 509026, 29091725, 32630042
61, 1, 21
1, 348964, 31173303, 34212763
62, 1, 21
2, 281240, 32410980, 33932116
63, 1, 21
1, 18746, 34212763, 34744767
64, 1, 21
1, 34608, 34744767, 35249611
65, 1, 21
2, 66382, 33932116, 34934334
66, 1, 21
1, 82194, 35249611, 36260271
67, 1, 21
3, 36050, 32630042, 35051978
68, 1, 21
2, 206256, 34934334, 35960852
69, 1, 21
1, 59122, 36260271, 36772215
70, 1, 21
3, 164388, 35051978, 35610865
71, 1, 21
1, 41818, 36772215, 37274734
72, 1, 21
3, 96614, 35610865, 36123037
73, 1, 21
2, 317340, 35960852, 36961943
74, 1, 21
3, 168714, 36123037, 36624155
75, 1, 21
2, 227861, 36961943, 37462186
76, 1, 21
1, 96614, 37274734, 38286956
77, 1, 21
2, 209115, 37462186, 37964924
78, 1, 21
3, 314356, 36624155, 37625060
79, 1, 21
2, 199021, 37964924, 38468070
80, 1, 21
1, 103824, 38286956, 39289566
81, 1, 21
2, 122595, 38468070, 38970331
82, 1, 21
2, 47586, 38970331, 39471513
83, 1, 21
1, 102382, 39289566, 40312964
84, 1, 21
2, 103849, 39471513, 40480028
85, 1, 21
1, 108150, 40312964, 41321794
86, 1, 21
3, 138432, 37625060, 40299246
87, 1, 21
2, 80802, 40480028, 40981707
88, 1, 21
1, 43260, 41321794, 41826475
89, 1, 21
2, 167297, 40981707, 41485488
90, 1, 21
1, 49028, 41826475, 42330372
91, 1, 21
3, 289842, 40299246, 41300913
92, 1, 21
2, 223560, 41485488, 41987426
93, 1, 21
1, 59122, 42330372, 42836774
94, 1, 21
3, 301378, 41300913, 42316044
95, 1, 21
2, 402368, 41987426, 42987577
96, 1, 21
1, 109592, 42836774, 43840253
97, 1, 21
3, 148526, 42316044, 42816565
98, 1, 21
1, 111034, 43840253, 44866727
99, 1, 21
2, 462957, 42987577, 44507861
100, 1, 21
1, 89404, 44866727, 45875846
101, 1, 21
1, 36050, 45875846, 46379026
102, 1, 21
1, 41818, 46379026, 46883674
103, 1, 21
2, 177441, 44507861, 46531026
104, 1, 21
1, 56238, 46883674, 47384649
105, 1, 21
2, 115385, 46531026, 47535507
106, 1, 21
1, 223510, 47384649, 49413999
107, 1, 21
2, 151435, 47535507, 49078796
108, 1, 21
1, 41818, 49413999, 49921396
109, 1, 21
2, 49053, 49078796, 49583885
110, 1, 21
2, 36050, 49583885, 50113430
111, 1, 21
1, 79310, 49921396, 50923524
112, 1, 21
2, 41843, 50113430, 50627411
113, 1, 21
1, 41818, 50923524, 51430221
114, 1, 21
2, 50495, 50627411, 51136575
115, 1, 21
1, 54796, 51430221, 51950718
116, 1, 21
2, 59147, 51136575, 51640317
117, 1, 21
1, 59122, 51950718, 52452180
118, 1, 21
2, 118269, 51640317, 52646769
119, 1, 21
3, 178808, 42816565, 53138842
120, 1, 21
2, 323033, 52646769, 54175792
121, 1, 21
3, 164388, 53138842, 53642085
122, 1, 21
2, 226419, 54175792, 54678515
123, 1, 21
2, 458556, 54678515, 55682160
124, 1, 21
2, 219184, 55682160, 56182351
125, 1, 21
2, 232162, 56182351, 56688926
126, 1, 21
2, 210532, 56688926, 57189152
127, 1, 21
3, 996422, 53642085, 56656397
128, 1, 21
2, 423973, 57189152, 58189833
129, 1, 21
3, 305704, 56656397, 57656964
130, 1, 21
2, 233629, 58189833, 58700582
131, 1, 21
3, 174482, 57656964, 58161773
132, 1, 21
2, 164413, 58700582, 59213461
133, 1, 21
2, 56238, 59213461, 59720831
134, 1, 21
2, 111034, 59720831, 60730684
135, 1, 21
1, 1156484, 52452180, 62458851
