0, 2, 21
2, 72100, 5615910, 6363395
1, 72104, 6188193, 6936897
1, 2, 21
2, 144200, 6363395, 7657403
1, 144204, 6936897, 8230969
2, 2, 21
2, 144200, 7657403, 8945972
1, 144204, 8230969, 9519087
3, 2, 21
2, 217742, 8945972, 17010056
1, 217746, 9519087, 17583636
4, 2, 21
2, 80752, 17010056, 17667895
1, 72104, 17583636, 18241414
5, 2, 21
2, 82194, 17667895, 17978716
1, 36054, 18241414, 18551793
6, 2, 21
2, 43260, 17978716, 18138867
1, 18750, 18551793, 18712215
7, 2, 21
2, 23072, 18138867, 18226340
1, 10098, 18712215, 18799970
8, 2, 21
2, 337428, 18226340, 19636406
1, 144204, 18799970, 20209972
9, 2, 21
2, 265328, 19636406, 20304537
1, 72104, 20209972, 20878272
10, 2, 21
2, 135548, 20304537, 20633601
1, 36054, 20878272, 21207261
11, 2, 21
2, 67774, 20633601, 20803329
1, 18750, 21207261, 21376154
12, 2, 21
2, 485954, 20803329, 22259391
1, 144204, 21376154, 22832332
13, 2, 21
2, 222068, 22259391, 22905734
1, 72104, 22832332, 23478941
14, 2, 21
2, 85078, 22905734, 23347620
1, 36054, 23478941, 23920786
15, 2, 21
2, 44702, 23347620, 23521037
1, 18750, 23920786, 24094008
16, 2, 21
2, 24514, 23521037, 23616704
1, 10098, 24094008, 24190027
17, 2, 21
2, 328776, 23616704, 25108176
1, 144204, 24190027, 25681392
18, 2, 21
2, 328776, 25108176, 26333884
1, 144204, 25681392, 26907237
19, 2, 21
2, 167272, 26333884, 26966684
1, 72104, 26907237, 27539814
20, 2, 21
2, 331660, 26966684, 28242774
1, 144204, 27539814, 28815987
21, 2, 21
2, 462882, 28242774, 29578335
1, 144204, 28815987, 30151519
22, 2, 21
2, 262444, 29578335, 30246123
1, 72104, 30151519, 30819190
23, 2, 21
2, 125454, 30246123, 30561275
1, 36054, 30819190, 31134097
24, 2, 21
2, 360500, 30561275, 31788031
1, 144204, 31134097, 32361049
25, 2, 21
2, 164388, 31788031, 32403213
1, 72104, 32361049, 32976340
26, 2, 21
2, 82194, 32403213, 32714498
1, 36054, 32976340, 33287396
27, 2, 21
2, 226394, 32714498, 34580189
1, 144204, 33287396, 35152979
28, 2, 21
2, 76426, 34580189, 35530304
1, 72104, 35152979, 36103789
29, 2, 21
2, 138432, 35530304, 35836554
1, 36054, 36103789, 36409946
30, 2, 21
2, 74984, 35836554, 36007198
1, 18750, 36409946, 36580088
31, 2, 21
2, 18746, 36007198, 36096674
1, 10098, 36580088, 36668877
32, 2, 21
2, 21630, 36096674, 36144069
1, 5772, 36668877, 36717442
33, 2, 21
2, 569590, 36144069, 37633449
1, 144204, 36717442, 38206624
34, 2, 21
2, 262444, 37633449, 38289453
1, 72104, 38206624, 38862815
35, 2, 21
2, 113918, 38289453, 38620045
1, 36054, 38862815, 39193143
36, 2, 21
2, 144200, 38620045, 40071210
1, 144204, 39193143, 40643283
37, 2, 21
2, 72100, 40071210, 40692121
1, 72104, 40643283, 41264848
38, 2, 21
2, 568148, 40692121, 42147289
1, 144204, 41264848, 42720438
39, 2, 21
2, 266770, 42147289, 42830327
1, 72104, 42720438, 43402707
40, 2, 21
2, 139874, 42830327, 43144095
1, 36054, 43402707, 43716508
41, 2, 21
2, 70658, 43144095, 43306266
1, 18750, 43716508, 43878369
42, 2, 21
2, 286958, 43306266, 44723342
1, 144204, 43878369, 45295532
43, 2, 21
2, 72100, 44723342, 45675527
1, 72104, 45295532, 46248811
44, 2, 21
2, 36050, 45675527, 46128718
1, 36054, 46248811, 46701018
45, 2, 21
2, 144200, 46128718, 47390279
1, 144204, 46701018, 47961789
46, 2, 21
2, 72100, 47390279, 47991666
1, 72104, 47961789, 48565012
47, 2, 21
2, 144200, 47991666, 49581935
1, 144204, 48565012, 50154501
48, 2, 21
2, 144200, 49581935, 51246576
1, 144204, 50154501, 51820063
49, 2, 21
2, 144200, 51246576, 52467514
1, 144204, 51820063, 53040167
50, 2, 21
2, 72100, 52467514, 53077454
1, 72104, 53040167, 53650405
51, 2, 21
2, 408086, 53077454, 54314909
1, 144204, 53650405, 54887860
52, 2, 21
2, 294168, 54314909, 54919347
1, 72104, 54887860, 55492551
53, 2, 21
2, 138432, 54919347, 55226293
1, 36054, 55492551, 55799064
54, 2, 21
2, 573916, 55226293, 56460550
1, 144204, 55799064, 57032906
55, 2, 21
2, 558054, 56460550, 57689447
1, 144204, 57032906, 58262076
56, 2, 21
2, 439810, 57689447, 58944684
1, 144204, 58262076, 59517440
57, 2, 21
2, 144200, 58944684, 60253063
1, 144204, 59517440, 60826533
58, 2, 21
2, 72100, 60253063, 60898306
1, 72104, 60826533, 61471160
59, 2, 21
2, 144200, 60898306, 62150784
1, 144204, 61471160, 62724257
60, 2, 21
2, 144200, 62150784, 63514124
1, 144204, 62724257, 64087616
61, 2, 21
2, 144200, 63514124, 64844782
1, 144204, 64087616, 65418277
