0, 2, 21
2, 54796, 5513250, 6072767
1, 54796, 6073432, 6632744
1, 2, 21
2, 53354, 6072767, 6574872
1, 53354, 6632744, 7134879
2, 2, 21
2, 57680, 6574872, 7084214
1, 57680, 7134879, 7644217
3, 2, 21
2, 54796, 7084214, 7588586
1, 54796, 7644217, 8148592
4, 2, 21
2, 56238, 7588586, 8100663
1, 56238, 8148592, 8659716
5, 2, 21
2, 57680, 8100663, 8611511
1, 57680, 8659716, 9171390
6, 2, 21
2, 56238, 8611511, 9116757
1, 56238, 9171390, 9676308
7, 2, 21
2, 44702, 9116757, 15640441
1, 44702, 9676308, 16200380
8, 2, 21
2, 54796, 15640441, 16147478
1, 54796, 16200380, 16707226
9, 2, 21
2, 59122, 16147478, 16650661
1, 59122, 16707226, 17210605
10, 2, 21
2, 57680, 16650661, 17164010
1, 57680, 17210605, 17723893
11, 1, 21
2, 73542, 17164010, 17665227
12, 1, 21
1, 56238, 17723893, 18234253
13, 1, 21
3, 76426, 16970264, 17473804
14, 1, 21
2, 132714, 17665227, 18168408
15, 1, 21
1, 59122, 18234253, 18740708
16, 1, 21
3, 64890, 17473804, 17976250
17, 1, 21
2, 108200, 18168408, 18684426
18, 1, 21
1, 51912, 18740708, 19280334
19, 1, 21
3, 60564, 17976250, 18485030
20, 1, 21
2, 121178, 18684426, 19188164
21, 1, 21
1, 51912, 19280334, 19789591
22, 1, 21
3, 79310, 18485030, 18991316
23, 1, 21
2, 155786, 19188164, 19689446
24, 1, 21
1, 56238, 19789591, 20291216
25, 1, 21
4, 69216, 18388303, 18889876
26, 1, 21
3, 73542, 18991316, 19494099
27, 1, 21
2, 197629, 19689446, 20189535
28, 1, 21
1, 54796, 20291216, 20799246
29, 1, 21
4, 77868, 18889876, 19395595
30, 1, 21
3, 76426, 19494099, 19998068
31, 1, 21
2, 209165, 20189535, 20690959
32, 1, 21
1, 56238, 20799246, 21300190
33, 1, 21
4, 66332, 19395595, 19898697
34, 1, 21
3, 66332, 19998068, 20511033
35, 1, 21
2, 167347, 20690959, 21193395
36, 1, 21
1, 50470, 21300190, 21801207
37, 1, 21
4, 50470, 19898697, 20405572
38, 1, 21
3, 51912, 20511033, 21058005
39, 1, 21
2, 147159, 21193395, 21694518
40, 1, 21
1, 41818, 21801207, 22305797
41, 1, 21
4, 69216, 20405572, 20907505
42, 1, 21
3, 76426, 21058005, 21568556
43, 1, 21
2, 204839, 21694518, 22198615
44, 1, 21
1, 59122, 22305797, 22817644
45, 1, 21
4, 72100, 20907505, 21411418
46, 1, 21
2, 183184, 22198615, 22699607
47, 1, 21
1, 56238, 22817644, 23318843
48, 1, 21
4, 57680, 21411418, 21911697
49, 1, 21
2, 100990, 22699607, 23205295
50, 1, 21
1, 43260, 23318843, 23824711
51, 1, 21
4, 67774, 21911697, 22431221
52, 1, 21
2, 99548, 23205295, 23713599
53, 1, 21
1, 43260, 23824711, 24337215
54, 1, 21
4, 47586, 22431221, 22947902
55, 1, 21
2, 102432, 23713599, 24219959
56, 1, 21
1, 47586, 24337215, 24843262
57, 1, 21
4, 70658, 22947902, 23448170
58, 1, 21
2, 128388, 24219959, 24721031
59, 1, 21
1, 56238, 24843262, 25353912
60, 1, 21
4, 74984, 23448170, 23949859
61, 1, 21
2, 129830, 24721031, 25221561
62, 1, 21
1, 59122, 25353912, 25854721
63, 1, 21
4, 70658, 23949859, 24449931
64, 1, 21
2, 132714, 25221561, 25731488
65, 1, 21
1, 59122, 25854721, 26360637
66, 1, 21
4, 73542, 24449931, 24960352
67, 1, 21
2, 135598, 25731488, 26239571
68, 1, 21
1, 59122, 26360637, 26862849
69, 1, 21
4, 76426, 24960352, 25465199
70, 1, 21
2, 132714, 26239571, 26740773
71, 1, 21
1, 57680, 26862849, 27364875
72, 1, 21
4, 72100, 25465199, 25970454
73, 1, 21
2, 125504, 26740773, 27248648
74, 1, 21
1, 56238, 27364875, 27873194
75, 1, 21
4, 72100, 25970454, 26474810
76, 1, 21
2, 132714, 27248648, 27755242
77, 1, 21
1, 59122, 27873194, 28379222
78, 1, 21
4, 70658, 26474810, 26984323
79, 1, 21
2, 126946, 27755242, 28263276
80, 1, 21
1, 53354, 28379222, 28884154
81, 1, 21
3, 62006, 21568556, 27913887
82, 1, 21
4, 69216, 26984323, 27487544
83, 1, 21
2, 160137, 28263276, 28771673
84, 1, 21
1, 56238, 28884154, 29393546
85, 1, 21
3, 57680, 27913887, 28414958
86, 1, 21
4, 57680, 27487544, 28006421
87, 1, 21
2, 168789, 28771673, 29278182
88, 1, 21
1, 47586, 29393546, 29895571
89, 1, 21
3, 74984, 28414958, 28936504
90, 1, 21
4, 73542, 28006421, 28511275
91, 1, 21
2, 194745, 29278182, 29784601
92, 1, 21
1, 54796, 29895571, 30406320
93, 1, 21
3, 73542, 28936504, 29444233
94, 1, 21
4, 69216, 28511275, 29012001
95, 1, 21
2, 204839, 29784601, 30287819
96, 1, 21
1, 59122, 30406320, 30913205
97, 1, 21
3, 69216, 29444233, 29949080
98, 1, 21
4, 72100, 29012001, 29514648
99, 1, 21
2, 197629, 30287819, 30791129
100, 1, 21
1, 59122, 30913205, 31418251
101, 1, 21
3, 70658, 29949080, 30450422
102, 1, 21
2, 145692, 30791129, 31292803
103, 1, 21
1, 59122, 31418251, 31918529
104, 1, 21
3, 74984, 30450422, 30954757
105, 1, 21
2, 132714, 31292803, 31801778
106, 1, 21
1, 59122, 31918529, 32423475
107, 1, 21
3, 70658, 30954757, 31461818
108, 1, 21
2, 128388, 31801778, 32302517
109, 1, 21
1, 59122, 32423475, 32935320
110, 1, 21
3, 72100, 31461818, 31967039
111, 1, 21
2, 125504, 32302517, 32803537
112, 1, 21
1, 56238, 32935320, 33438238
113, 1, 21
3, 62006, 31967039, 32474016
114, 1, 21
2, 115410, 32803537, 33307559
115, 1, 21
1, 53354, 33438238, 33948861
116, 1, 21
3, 49028, 32474016, 33005763
117, 2, 21
2, 47636, 33307559, 33921149
1, 23072, 33948861, 34480606
118, 2, 21
2, 31724, 33921149, 34436346
1, 31724, 34480606, 34995795
119, 2, 21
2, 36050, 34436346, 34948904
1, 36050, 34995795, 35507878
120, 2, 21
2, 38934, 34948904, 35452869
1, 38934, 35507878, 36011925
121, 1, 21
3, 2884, 33005763, 35017959
122, 1, 21
2, 173065, 35452869, 35955380
123, 1, 21
1, 57680, 36011925, 36520289
124, 1, 21
3, 162946, 35017959, 35521869
125, 1, 21
2, 168764, 35955380, 36459095
126, 1, 21
1, 49028, 36520289, 37030711
127, 1, 21
3, 83636, 35521869, 36022718
128, 1, 21
2, 155786, 36459095, 36961342
129, 1, 21
1, 40376, 37030711, 37538318
130, 1, 21
3, 157178, 36022718, 36526140
131, 1, 21
2, 233654, 36961342, 37462116
132, 1, 21
1, 59122, 37538318, 38043571
133, 1, 21
3, 168714, 36526140, 37029000
134, 1, 21
2, 207698, 37462116, 37965569
135, 1, 21
1, 56238, 38043571, 38547925
136, 1, 21
3, 151410, 37029000, 37531399
137, 1, 21
2, 199046, 37965569, 38466771
138, 1, 21
1, 54796, 38547925, 39053440
139, 1, 21
3, 144200, 37531399, 38032788
140, 1, 21
2, 111084, 38466771, 38970705
141, 1, 21
1, 54796, 39053440, 39558351
142, 1, 21
2, 49053, 38970705, 39471319
143, 1, 21
1, 49028, 39558351, 40076220
144, 1, 21
2, 46169, 39471319, 39982632
145, 1, 21
1, 47586, 40076220, 40580261
146, 1, 21
2, 57705, 39982632, 40486147
147, 1, 21
1, 57680, 40580261, 41085400
148, 1, 21
3, 14420, 38032788, 40293412
149, 1, 21
2, 86570, 40486147, 40988516
150, 1, 21
1, 44702, 41085400, 41596127
151, 1, 21
3, 131222, 40293412, 40793977
152, 1, 21
2, 170206, 40988516, 41488789
153, 1, 21
1, 49028, 41596127, 42100347
154, 1, 21
3, 155736, 40793977, 41296522
155, 1, 21
2, 214908, 41488789, 41996977
156, 1, 21
1, 59122, 42100347, 42606557
157, 1, 21
3, 139874, 41296522, 41798718
158, 1, 21
2, 203372, 41996977, 42504416
159, 1, 21
1, 59122, 42606557, 43113163
160, 1, 21
3, 136990, 41798718, 42298733
161, 1, 21
2, 191836, 42504416, 43007476
162, 1, 21
1, 51912, 43113163, 43614359
163, 1, 21
3, 158620, 42298733, 42803314
164, 1, 21
2, 213466, 43007476, 43508719
165, 1, 21
1, 57680, 43614359, 44120608
166, 1, 21
3, 138432, 42803314, 43303943
167, 1, 21
2, 199046, 43508719, 44009059
168, 1, 21
1, 53354, 44120608, 44627321
169, 1, 21
2, 57705, 44009059, 44520398
170, 1, 21
1, 46144, 44627321, 45136481
171, 1, 21
2, 43285, 44520398, 45021989
172, 1, 21
1, 43260, 45136481, 45649316
173, 1, 21
2, 41843, 45021989, 45533124
174, 1, 21
1, 38934, 45649316, 46178879
175, 1, 21
2, 34633, 45533124, 46036088
176, 1, 21
1, 41818, 46178879, 46684798
177, 1, 21
2, 56263, 46036088, 46540754
178, 1, 21
1, 56238, 46684798, 47193849
179, 1, 21
2, 57705, 46540754, 47042404
180, 1, 21
1, 59122, 47193849, 47700683
181, 1, 21
2, 59147, 47042404, 47551663
182, 1, 21
1, 59122, 47700683, 48211751
183, 1, 21
2, 60589, 47551663, 48064786
184, 1, 21
1, 59122, 48211751, 48728131
185, 1, 21
2, 47611, 48064786, 48569926
186, 1, 21
1, 47586, 48728131, 49244587
187, 1, 21
2, 40401, 48569926, 49080764
188, 1, 21
1, 41818, 49244587, 49750139
189, 1, 21
2, 47611, 49080764, 49586206
190, 1, 21
1, 43260, 49750139, 50256787
191, 1, 21
2, 33191, 49586206, 50092790
192, 1, 21
1, 37492, 50256787, 50761772
193, 1, 21
2, 41843, 50092790, 50592848
194, 1, 21
1, 41818, 50761772, 51267153
195, 1, 21
2, 51937, 50592848, 51104327
196, 1, 21
1, 53354, 51267153, 51773885
197, 1, 21
2, 59147, 51104327, 51607885
198, 1, 21
1, 59122, 51773885, 52275017
199, 1, 21
2, 60589, 51607885, 52115970
200, 1, 21
1, 59122, 52275017, 52775309
201, 1, 21
2, 59147, 52115970, 52621792
202, 1, 21
1, 59122, 52775309, 53279853
203, 1, 21
2, 59147, 52621792, 53128536
204, 1, 21
1, 59122, 53279853, 53785968
205, 1, 21
2, 59147, 53128536, 53635083
206, 1, 21
1, 59122, 53785968, 54292229
207, 1, 21
3, 56238, 43303943, 53212711
208, 1, 21
2, 160112, 53635083, 54137295
209, 1, 21
1, 59122, 54292229, 54800866
210, 1, 21
3, 151410, 53212711, 53718878
211, 1, 21
2, 223560, 54137295, 54638868
212, 1, 21
1, 60564, 54800866, 55310429
213, 1, 21
3, 173040, 53718878, 54219964
214, 1, 21
2, 243748, 54638868, 55141222
215, 1, 21
1, 59122, 55310429, 55811573
216, 1, 21
3, 183134, 54219964, 54720164
217, 1, 21
2, 233654, 55141222, 55642702
218, 1, 21
1, 60564, 55811573, 56323548
219, 1, 21
3, 173040, 54720164, 55220685
220, 1, 21
2, 229328, 55642702, 56143627
221, 1, 21
1, 57680, 56323548, 56832350
222, 1, 21
3, 170156, 55220685, 55721038
223, 1, 21
2, 235096, 56143627, 56644888
224, 1, 21
1, 60564, 56832350, 57339084
225, 1, 21
3, 173040, 55721038, 56222248
226, 1, 21
2, 230770, 56644888, 57147612
227, 1, 21
1, 60564, 57339084, 57848074
228, 1, 21
3, 170156, 56222248, 56722747
229, 1, 21
2, 227886, 57147612, 57648318
230, 1, 21
1, 60564, 57848074, 58355862
231, 1, 21
3, 170156, 56722747, 57223966
232, 1, 21
2, 220676, 57648318, 58152129
233, 1, 21
1, 59122, 58355862, 58863166
234, 1, 21
3, 161504, 57223966, 57730095
235, 1, 21
2, 235096, 58152129, 58654153
236, 1, 21
1, 60564, 58863166, 59371968
237, 1, 21
3, 177366, 57730095, 58233722
238, 1, 21
2, 137040, 58654153, 59158056
239, 1, 21
1, 54796, 59371968, 59878589
240, 1, 21
2, 54821, 59158056, 59659669
241, 1, 21
1, 54796, 59878589, 60379997
242, 1, 21
2, 56263, 59659669, 60166962
243, 1, 21
1, 56238, 60379997, 60884207
244, 1, 21
2, 56263, 60166962, 60672428
245, 1, 21
1, 56238, 60884207, 61386627
246, 1, 21
2, 57705, 60672428, 61183598
247, 1, 21
1, 57680, 61386627, 61892548
248, 1, 21
2, 59147, 61183598, 61696551
249, 1, 21
1, 59122, 61892548, 62403561
250, 1, 21
2, 57705, 61696551, 62199576
251, 1, 21
1, 57680, 62403561, 62913636
252, 1, 21
2, 53379, 62199576, 62701229
253, 1, 21
1, 53354, 62913636, 63425336
254, 1, 21
2, 53379, 62701229, 63207747
255, 1, 21
1, 53354, 63425336, 63935625
256, 1, 21
2, 53379, 63207747, 63712541
257, 1, 21
1, 53354, 63935625, 64436197
258, 1, 21
2, 53379, 63712541, 64213760
259, 1, 21
1, 54796, 64436197, 64938997
260, 1, 21
2, 54821, 64213760, 64714531
261, 1, 21
1, 56238, 64938997, 65447719
262, 1, 21
2, 57705, 64714531, 65223037
263, 1, 21
1, 56238, 65447719, 65952615
264, 1, 21
2, 56263, 65223037, 65728730
265, 1, 21
1, 56238, 65952615, 66457349
