0, 2, 21
2, 752, 488863, 4521943, 5521411
1, 752, 488838, 5075424, 6075804
1, 2, 21
2, 752, 511935, 5521411, 6522493
1, 752, 511910, 6075804, 7076820
2, 2, 21
2, 752, 480211, 6522493, 7524778
1, 752, 480186, 7076820, 8077953
3, 2, 21
2, 752, 0, 8525089, 8530078
1, 752, 510468, 8077953, 9080346
4, 2, 21
2, 752, 511935, 8530078, 9528859
1, 752, 517678, 9080346, 10081965
5, 2, 21
2, 752, 449929, 9528859, 10530742
1, 752, 449904, 10081965, 11082541
6, 2, 21
2, 752, 490305, 10530742, 11529898
1, 752, 490280, 11082541, 12084156
7, 2, 21
2, 752, 493189, 11529898, 12531929
1, 752, 493164, 12084156, 13085360
8, 2, 21
2, 752, 513377, 12531929, 13533862
1, 752, 513352, 13085360, 14087853
9, 2, 21
2, 752, 4898499, 13533862, 23533932
1, 752, 4898474, 14087853, 24087998
10, 2, 21
2, 752, 2909, 33535587, 33543320
1, 752, 4824932, 24087998, 34093534
11, 2, 21
2, 752, 4794675, 33543320, 43541280
1, 752, 4783114, 34093534, 44095198
12, 2, 21
2, 752, 4871101, 43541280, 53543837
1, 752, 4871076, 44095198, 54096916
13, 2, 21
2, 752, 5793, 63544759, 63552074
1, 752, 4739854, 54096916, 64097303
