0, 2, 21
2, 27398, 5582651, 5839663
1, 27398, 6159920, 6416599
1, 2, 21
2, 34608, 5839663, 6227644
1, 34608, 6416599, 6804563
2, 2, 21
2, 27398, 6227644, 6483972
1, 27398, 6804563, 7060496
3, 2, 21
2, 28840, 6483972, 6740885
1, 28840, 7060496, 7317568
4, 2, 21
2, 43260, 6740885, 7118354
1, 43260, 7317568, 7695037
5, 2, 21
2, 33166, 7118354, 7424785
1, 33166, 7695037, 8001120
6, 2, 21
2, 40376, 7424785, 7803766
1, 40376, 8001120, 8380380
7, 2, 21
2, 200438, 7803766, 15714130
1, 200438, 8380380, 16291141
8, 2, 21
2, 25956, 15714130, 15965040
1, 25956, 16291141, 16541923
9, 2, 21
2, 41818, 15965040, 16341127
1, 41818, 16541923, 16917895
10, 2, 21
2, 30282, 16341127, 16597142
1, 30282, 16917895, 17173702
11, 2, 21
2, 64890, 16597142, 17171361
1, 64890, 17173702, 17748197
12, 1, 21
2, 86520, 17171361, 17761963
13, 1, 21
3, 38934, 17047648, 17301304
14, 1, 21
2, 64915, 17761963, 18013321
15, 1, 21
3, 56238, 17301304, 17677467
16, 1, 21
2, 99523, 18013321, 18394174
17, 1, 21
3, 34608, 17677467, 17928298
18, 1, 21
2, 56263, 18394174, 18654668
19, 1, 21
3, 18746, 17928298, 18179123
20, 1, 21
1, 175924, 17748197, 19404481
21, 1, 21
2, 41868, 18654668, 18909572
22, 1, 21
3, 33166, 18179123, 18429743
23, 1, 21
1, 24514, 19404481, 19660149
24, 1, 21
2, 66382, 18909572, 19162737
25, 1, 21
3, 40376, 18429743, 18685431
26, 1, 21
1, 27398, 19660149, 19915068
27, 1, 21
2, 66382, 19162737, 19415895
28, 1, 21
3, 57680, 18685431, 19061581
29, 1, 21
1, 43260, 19915068, 20305093
30, 1, 21
2, 126946, 19415895, 19789134
31, 1, 21
4, 40376, 18474148, 18729358
32, 1, 21
3, 38934, 19061581, 19316423
33, 1, 21
4, 34608, 18729358, 18984769
34, 1, 21
3, 36050, 19316423, 19574143
35, 1, 21
2, 150068, 19789134, 20169175
36, 1, 21
1, 69216, 20305093, 20942228
37, 1, 21
4, 38934, 18984769, 19243869
38, 1, 21
1, 28840, 20942228, 21202980
39, 1, 21
4, 37492, 19243869, 19500169
40, 1, 21
3, 85078, 19574143, 20138582
41, 1, 21
4, 36050, 19500169, 19755643
42, 1, 21
1, 43260, 21202980, 21590786
43, 1, 21
4, 27398, 19755643, 20016419
44, 1, 21
3, 64890, 20138582, 20667970
45, 1, 21
2, 418405, 20169175, 21307816
46, 1, 21
1, 36050, 21590786, 21973661
47, 1, 21
4, 20188, 20016419, 20270086
48, 1, 21
3, 18746, 20667970, 20924637
49, 1, 21
1, 18746, 21973661, 22229212
50, 1, 21
4, 30282, 20270086, 20527293
51, 1, 21
2, 109717, 21307816, 21688182
52, 1, 21
3, 30282, 20924637, 21176337
53, 1, 21
1, 24514, 22229212, 22482609
54, 1, 21
2, 89454, 21688182, 21941537
55, 1, 21
3, 37492, 21176337, 21427532
56, 1, 21
4, 49028, 20527293, 20906764
57, 1, 21
1, 30282, 22482609, 22739979
58, 1, 21
2, 105341, 21941537, 22195008
59, 1, 21
4, 37492, 20906764, 21160878
60, 1, 21
3, 54796, 21427532, 21806356
61, 1, 21
1, 41818, 22739979, 23116369
62, 1, 21
4, 36050, 21160878, 21418637
63, 1, 21
2, 212074, 22195008, 22762519
64, 1, 21
4, 54796, 21418637, 21796315
65, 1, 21
1, 44702, 23116369, 23511408
66, 1, 21
2, 54846, 22762519, 23012538
67, 1, 21
4, 23072, 21796315, 22059410
68, 1, 21
1, 18746, 23511408, 23776512
69, 1, 21
2, 46194, 23012538, 23267063
70, 1, 21
4, 36050, 22059410, 22315541
71, 1, 21
1, 25956, 23776512, 24030809
72, 1, 21
2, 76476, 23267063, 23577575
73, 1, 21
4, 28840, 22315541, 22566507
74, 2, 21
2, 37517, 23577575, 23838583
1, 31724, 24030809, 24414760
75, 1, 21
4, 23072, 22566507, 22821933
76, 1, 21
2, 51937, 23838583, 24097556
77, 1, 21
1, 23072, 24414760, 24672946
78, 1, 21
4, 43260, 22821933, 23206153
79, 1, 21
1, 23072, 24672946, 24933903
80, 1, 21
2, 86570, 24097556, 24479436
81, 1, 21
4, 37492, 23206153, 23461900
82, 1, 21
1, 30282, 24933903, 25192210
83, 1, 21
2, 62056, 24479436, 24730453
84, 1, 21
4, 37492, 23461900, 23719924
85, 1, 21
4, 38934, 23719924, 23981846
86, 1, 21
1, 63448, 25192210, 25761765
87, 1, 21
2, 150043, 24730453, 25297428
88, 1, 21
4, 80752, 23981846, 24548723
89, 1, 21
4, 237930, 24548723, 26136700
90, 1, 21
4, 38934, 26136700, 26392639
91, 1, 21
2, 624461, 25297428, 27652858
92, 1, 21
4, 56238, 26392639, 26768968
93, 1, 21
2, 99523, 27652858, 28029693
94, 1, 21
4, 92288, 26768968, 27414110
95, 1, 21
3, 41818, 21806356, 28019974
96, 1, 21
2, 180300, 28029693, 28674333
97, 1, 21
3, 36050, 28019974, 28287232
98, 2, 21
2, 96639, 28674333, 28932197
4, 53354, 27414110, 27795098
99, 1, 21
1, 452788, 25761765, 29684991
100, 1, 21
3, 27398, 28287232, 28543554
101, 2, 21
2, 77918, 28932197, 29182574
4, 25956, 27795098, 28045413
102, 1, 21
3, 38934, 28543554, 28806136
103, 1, 21
2, 103849, 29182574, 29438055
104, 1, 21
4, 40376, 28045413, 28304421
105, 1, 21
1, 41818, 29684991, 30072753
106, 1, 21
3, 33166, 28806136, 29060224
107, 1, 21
2, 96689, 29438055, 29688845
108, 1, 21
4, 51912, 28304421, 28680935
109, 1, 21
3, 40376, 29060224, 29318470
110, 1, 21
2, 151460, 29688845, 30066324
111, 1, 21
3, 54796, 29318470, 29694238
112, 1, 21
2, 343221, 30066324, 30955964
113, 1, 21
2, 67774, 30955964, 31206728
114, 1, 21
2, 100940, 31206728, 31587896
115, 1, 21
3, 390782, 29694238, 32395386
116, 1, 21
2, 364851, 31587896, 32996908
117, 1, 21
3, 36050, 32395386, 32649557
118, 1, 21
2, 86545, 32996908, 33377858
119, 1, 21
3, 15862, 32649557, 32905296
120, 1, 21
2, 20213, 33377858, 33660540
121, 1, 21
1, 464324, 30072753, 34428876
122, 1, 21
2, 8677, 33660540, 33914743
123, 1, 21
1, 18746, 34428876, 34690249
124, 1, 21
2, 18771, 33914743, 34183218
125, 1, 21
1, 14420, 34690249, 34952928
126, 1, 21
2, 23097, 34183218, 34561249
127, 1, 21
1, 21630, 34952928, 35207719
128, 1, 21
2, 15887, 34561249, 34817825
129, 1, 21
1, 14420, 35207719, 35459326
130, 1, 21
2, 23097, 34817825, 35071247
131, 1, 21
1, 18746, 35459326, 35720274
132, 1, 21
1, 23072, 35720274, 35970401
133, 1, 21
3, 4326, 32905296, 34967879
134, 1, 21
2, 82269, 35071247, 35634983
135, 1, 21
1, 30282, 35970401, 36227925
136, 1, 21
3, 83636, 34967879, 35221292
137, 1, 21
2, 116852, 35634983, 35885402
138, 1, 21
1, 43260, 36227925, 36606373
139, 1, 21
2, 90871, 35885402, 36137723
140, 1, 21
3, 105266, 35221292, 35626030
141, 1, 21
2, 76451, 36137723, 36394902
142, 1, 21
3, 56238, 35626030, 35878594
143, 1, 21
1, 41818, 36606373, 37068894
144, 1, 21
2, 51962, 36394902, 36652622
145, 1, 21
3, 43260, 35878594, 36129702
146, 1, 21
1, 12978, 37068894, 37322969
147, 1, 21
2, 111084, 36652622, 36902915
148, 1, 21
3, 87962, 36129702, 36380116
149, 1, 21
1, 28840, 37322969, 37580035
150, 1, 21
2, 119736, 36902915, 37156448
151, 1, 21
3, 87962, 36380116, 36631304
152, 1, 21
1, 44702, 37580035, 37964715
153, 1, 21
3, 85078, 36631304, 36884594
154, 1, 21
2, 168789, 37156448, 37532609
155, 1, 21
3, 82194, 36884594, 37137167
156, 1, 21
2, 108175, 37532609, 37784891
157, 1, 21
3, 74984, 37137167, 37390813
158, 1, 21
2, 105291, 37784891, 38035084
159, 1, 21
2, 92288, 38035084, 38286456
160, 1, 21
3, 109592, 37390813, 37769500
161, 1, 21
2, 109617, 38286456, 38538309
162, 1, 21
1, 128338, 37964715, 39118689
163, 1, 21
2, 33191, 38538309, 38794585
164, 1, 21
1, 40376, 39118689, 39497888
165, 1, 21
2, 25981, 38794585, 39057463
166, 1, 21
1, 24514, 39497888, 39756499
167, 2, 21
2, 34633, 39057463, 39438075
1, 24514, 39756499, 40015105
168, 1, 21
1, 34608, 40015105, 40394344
169, 1, 21
1, 30282, 40394344, 40653201
170, 1, 21
1, 30282, 40653201, 40910113
171, 1, 21
1, 28840, 40910113, 41175012
172, 1, 21
2, 137090, 39438075, 40734018
173, 1, 21
3, 66332, 37769500, 40195987
174, 1, 21
1, 21630, 41175012, 41471601
175, 1, 21
2, 93780, 40734018, 40985190
176, 1, 21
3, 77868, 40195987, 40509079
177, 1, 21
1, 28840, 41471601, 41799579
178, 1, 21
2, 72150, 40985190, 41238141
179, 1, 21
3, 116802, 40509079, 40887634
180, 1, 21
2, 109617, 41238141, 41491494
181, 1, 21
1, 44702, 41799579, 42182123
182, 1, 21
3, 79310, 40887634, 41140186
183, 1, 21
2, 167322, 41491494, 41868832
184, 1, 21
2, 111034, 41868832, 42120028
185, 1, 21
3, 187460, 41140186, 41703450
186, 1, 21
2, 93755, 42120028, 42373000
187, 1, 21
1, 99498, 42182123, 43077586
188, 1, 21
3, 56238, 41703450, 41954481
189, 1, 21
2, 99548, 42373000, 42625118
190, 1, 21
1, 28840, 43077586, 43334818
191, 1, 21
2, 109617, 42625118, 42877624
192, 1, 21
3, 184576, 41954481, 42517687
193, 1, 21
1, 44702, 43334818, 43721506
194, 1, 21
2, 165880, 42877624, 43255116
195, 1, 21
1, 41818, 43721506, 44094850
196, 1, 21
3, 161504, 42517687, 43055828
197, 1, 21
1, 40376, 44094850, 44478623
198, 1, 21
2, 246657, 43255116, 44027788
199, 2, 21
2, 20188, 44027788, 44283152
1, 33166, 44478623, 44859818
200, 1, 21
1, 27398, 44859818, 45110512
201, 1, 21
2, 37517, 44283152, 44664871
202, 1, 21
1, 23072, 45110512, 45423328
203, 1, 21
1, 20188, 45423328, 45674238
204, 1, 21
1, 23072, 45674238, 45945895
205, 1, 21
1, 17304, 45945895, 46205267
206, 1, 21
1, 33166, 46205267, 46591573
207, 1, 21
2, 121253, 44664871, 46141240
208, 1, 21
1, 30282, 46591573, 46851698
209, 1, 21
2, 43285, 46141240, 46524316
210, 1, 21
1, 64890, 46851698, 47422868
211, 2, 21
2, 188927, 46524316, 48180771
1, 151410, 47422868, 48757257
212, 2, 21
2, 34608, 48180771, 48584571
1, 34608, 48757257, 49161463
213, 2, 21
2, 17304, 48584571, 48838083
1, 17304, 49161463, 49414997
214, 2, 21
2, 25956, 48838083, 49090169
1, 25956, 49414997, 49667078
215, 2, 21
2, 46144, 49090169, 49694473
1, 46144, 49667078, 50270678
216, 2, 21
2, 20188, 49694473, 49952728
1, 20188, 50270678, 50528942
217, 2, 21
2, 25956, 49952728, 50214050
1, 25956, 50528942, 50790261
218, 2, 21
2, 17304, 50214050, 50464921
1, 17304, 50790261, 51041031
219, 2, 21
2, 23072, 50464921, 50724112
1, 23072, 51041031, 51300979
220, 2, 21
2, 41818, 50724112, 51081389
1, 41818, 51300979, 51657104
221, 2, 21
2, 44702, 51081389, 51457262
1, 44702, 51657104, 52033317
222, 1, 21
3, 54796, 43055828, 52955043
223, 1, 21
2, 292751, 51457262, 53633507
224, 1, 21
3, 85078, 52955043, 53207027
225, 1, 21
2, 111059, 53633507, 53883563
226, 1, 21
3, 121128, 53207027, 53585440
227, 1, 21
2, 167297, 53883563, 54258645
228, 1, 21
2, 124012, 54258645, 54510132
229, 1, 21
3, 139874, 53585440, 53966540
230, 1, 21
2, 183159, 54510132, 54888528
231, 1, 21
3, 138432, 53966540, 54343882
232, 1, 21
3, 129780, 54343882, 54722227
233, 1, 21
3, 90846, 54722227, 54976270
234, 1, 21
3, 128338, 54976270, 55352567
235, 1, 21
3, 728210, 55352567, 57499442
236, 1, 21
3, 134106, 57499442, 57877592
237, 1, 21
2, 1690174, 54888528, 58681750
238, 1, 21
2, 27398, 58681750, 58939268
239, 1, 21
2, 41818, 58939268, 59314777
240, 1, 21
1, 1149274, 52033317, 62036671
241, 1, 21
2, 360525, 59314777, 62531374
242, 1, 21
2, 40376, 62531374, 62915548
243, 1, 21
1, 380688, 62036671, 65523889
244, 1, 21
1, 27398, 65523889, 65776163
245, 1, 21
1, 43260, 65776163, 66160023
