0, 2, 21
2, 72100, 5661705, 6407673
1, 72104, 6245473, 6991067
1, 2, 21
2, 144200, 6407673, 7699579
1, 144204, 6991067, 8283393
2, 2, 21
2, 144200, 7699579, 8986391
1, 144204, 8283393, 9570036
3, 2, 21
2, 217742, 8986391, 17047324
1, 217746, 9570036, 17631092
4, 2, 21
2, 77868, 17047324, 17704273
1, 72104, 17631092, 18288026
5, 2, 21
2, 82194, 17704273, 18015609
1, 36054, 18288026, 18598313
6, 2, 21
2, 43260, 18015609, 18174789
1, 18750, 18598313, 18758714
7, 2, 21
2, 23072, 18174789, 18262454
1, 10098, 18758714, 18846432
8, 2, 21
2, 334544, 18262454, 19665524
1, 144204, 18846432, 20249017
9, 2, 21
2, 269654, 19665524, 20329875
1, 72104, 20249017, 20913780
10, 2, 21
2, 132664, 20329875, 20651424
1, 36054, 20913780, 21234962
11, 2, 21
2, 69216, 20651424, 20819438
1, 18750, 21234962, 21403299
12, 2, 21
2, 491722, 20819438, 22267048
1, 144204, 21403299, 22850937
13, 2, 21
2, 230720, 22267048, 22910021
1, 72104, 22850937, 23493186
14, 2, 21
2, 92288, 22910021, 23350291
1, 36054, 23493186, 23934226
15, 2, 21
2, 43260, 23350291, 23523198
1, 18750, 23934226, 24106627
16, 2, 21
2, 15862, 23523198, 23618943
1, 10098, 24106627, 24202301
17, 2, 21
2, 335986, 23618943, 25102903
1, 144204, 24202301, 25686049
18, 2, 21
2, 330218, 25102903, 26323326
1, 144204, 25686049, 26906744
19, 2, 21
2, 161504, 26323326, 26941733
1, 72104, 26906744, 27524648
20, 2, 21
2, 327334, 26941733, 28184148
1, 144204, 27524648, 28767767
21, 2, 21
2, 432600, 28184148, 29489408
1, 144204, 28767767, 30071723
22, 2, 21
2, 252350, 29489408, 30126713
1, 72104, 30071723, 30710240
23, 2, 21
2, 125454, 30126713, 30436484
1, 36054, 30710240, 31018748
24, 2, 21
2, 363384, 30436484, 31652090
1, 144204, 31018748, 32235193
25, 2, 21
2, 161504, 31652090, 32263302
1, 72104, 32235193, 32847045
26, 2, 21
2, 80752, 32263302, 32568836
1, 36054, 32847045, 33152626
27, 2, 21
2, 261002, 32568836, 34428681
1, 144204, 33152626, 35012393
28, 2, 21
2, 72100, 34428681, 35376888
1, 72104, 35012393, 35960682
29, 2, 21
2, 62006, 35376888, 35683585
1, 36054, 35960682, 36267340
30, 2, 21
2, 73542, 35683585, 35853974
1, 18750, 36267340, 36437338
31, 2, 21
2, 38934, 35853974, 35939723
1, 10098, 36437338, 36522685
32, 2, 21
2, 24514, 35939723, 35987945
1, 5772, 36522685, 36570977
33, 2, 21
2, 547960, 35987945, 37472776
1, 144204, 36570977, 38055639
34, 2, 21
2, 269654, 37472776, 38123580
1, 72104, 38055639, 38707172
35, 2, 21
2, 131222, 38123580, 38450910
1, 36054, 38707172, 39034303
36, 2, 21
2, 196112, 38450910, 39900454
1, 144204, 39034303, 40484042
37, 2, 21
2, 72100, 39900454, 40521607
1, 72104, 40484042, 41105215
38, 2, 21
2, 483070, 40521607, 41965757
1, 144204, 41105215, 42548702
39, 2, 21
2, 266770, 41965757, 42634259
1, 72104, 42548702, 43217351
40, 2, 21
2, 135548, 42634259, 42946087
1, 36054, 43217351, 43529673
41, 2, 21
2, 70658, 42946087, 43109492
1, 18750, 43529673, 43690401
42, 2, 21
2, 376362, 43109492, 44506192
1, 144204, 43690401, 45089371
43, 2, 21
2, 72100, 44506192, 45457394
1, 72104, 45089371, 46040489
44, 2, 21
2, 36050, 45457394, 45909365
1, 36054, 46040489, 46492601
45, 2, 21
2, 144200, 45909365, 47169376
1, 144204, 46492601, 47752529
46, 2, 21
2, 72100, 47169376, 47771591
1, 72104, 47752529, 48355315
47, 2, 21
2, 144200, 47771591, 49360019
1, 144204, 48355315, 49943779
48, 2, 21
2, 144200, 49360019, 51025448
1, 144204, 49943779, 51608432
49, 2, 21
2, 144200, 51025448, 52244264
1, 144204, 51608432, 52828051
50, 2, 21
2, 72100, 52244264, 52855245
1, 72104, 52828051, 53438308
51, 2, 21
2, 311472, 52855245, 54091982
1, 144204, 53438308, 54675558
52, 2, 21
2, 286958, 54091982, 54696767
1, 72104, 54675558, 55280145
53, 2, 21
2, 148526, 54696767, 55002926
1, 36054, 55280145, 55586577
54, 2, 21
2, 572474, 55002926, 56236913
1, 144204, 55586577, 56819668
55, 2, 21
2, 555170, 56236913, 57448605
1, 144204, 56819668, 58031498
56, 2, 21
2, 539308, 57448605, 58673459
1, 144204, 58031498, 59257149
57, 2, 21
2, 144200, 58673459, 59980603
1, 144204, 59257149, 60564456
58, 2, 21
2, 72100, 59980603, 60624343
1, 72104, 60564456, 61207953
59, 2, 21
2, 144200, 60624343, 61876376
1, 144204, 61207953, 62459811
60, 2, 21
2, 144200, 61876376, 63241605
1, 144204, 62459811, 63825561
61, 2, 21
2, 144200, 63241605, 64570908
1, 144204, 63825561, 65154846
