0, 2, 21
2, 27398, 5518055, 5772897
1, 27398, 6076889, 6331326
1, 2, 21
2, 27398, 5772897, 6077839
1, 27398, 6331326, 6636393
2, 1, 21
1, 24514, 6636393, 6886417
3, 1, 21
2, 25981, 6077839, 6340599
4, 1, 21
1, 28840, 6886417, 7140648
5, 1, 21
2, 28865, 6340599, 6593602
6, 1, 21
1, 28840, 7140648, 7397050
7, 1, 21
2, 28865, 6593602, 6850112
8, 1, 21
1, 28840, 7397050, 7650005
9, 1, 21
2, 28865, 6850112, 7107305
10, 1, 21
1, 27398, 7650005, 7904680
11, 1, 21
2, 27423, 7107305, 7358070
12, 1, 21
1, 27398, 7904680, 8155408
13, 1, 21
2, 27423, 7358070, 7608569
14, 1, 21
1, 27398, 8155408, 8407826
15, 1, 21
2, 27423, 7608569, 7861173
16, 1, 21
1, 28840, 8407826, 8666343
17, 1, 21
2, 28865, 7861173, 8119317
18, 1, 21
1, 28840, 8666343, 8926013
19, 1, 21
2, 28865, 8119317, 8379440
20, 1, 21
1, 28840, 8926013, 9179098
21, 1, 21
2, 28865, 8379440, 8631845
22, 1, 21
1, 28840, 9179098, 9439110
23, 1, 21
2, 28865, 8631845, 8892541
24, 1, 21
1, 28840, 9439110, 9698458
25, 1, 21
2, 28865, 8892541, 9151754
26, 1, 21
1, 27398, 9698458, 9952762
27, 1, 21
2, 27423, 9151754, 9405912
28, 2, 21
2, 14420, 9405912, 15649402
1, 15862, 9952762, 16208127
29, 2, 21
2, 27398, 15649402, 15906215
1, 27398, 16208127, 16464995
30, 2, 21
2, 27398, 15906215, 16157329
1, 27398, 16464995, 16715303
31, 2, 21
2, 30282, 16157329, 16412718
1, 30282, 16715303, 16971374
32, 2, 21
2, 30282, 16412718, 16672460
1, 30282, 16971374, 17231179
33, 2, 21
2, 28840, 16672460, 16924307
1, 28840, 17231179, 17483126
34, 2, 21
2, 28840, 16924307, 17188801
1, 28840, 17483126, 17747634
35, 2, 21
2, 27398, 17188801, 17444769
1, 27398, 17747634, 18003532
36, 1, 21
2, 59122, 17444769, 17700325
37, 1, 21
1, 30282, 18003532, 18264426
38, 1, 21
3, 40376, 16940469, 17198783
39, 1, 21
2, 66382, 17700325, 17950496
40, 1, 21
1, 30282, 18264426, 18524841
41, 1, 21
3, 38934, 17198783, 17455739
42, 1, 21
2, 66382, 17950496, 18201030
43, 1, 21
1, 30282, 18524841, 18784408
44, 1, 21
3, 36050, 17455739, 17713105
45, 1, 21
2, 62056, 18201030, 18453714
46, 1, 21
1, 30282, 18784408, 19043436
47, 1, 21
3, 27398, 17713105, 18009051
48, 1, 21
2, 40426, 18453714, 18711269
49, 1, 21
1, 18746, 19043436, 19300213
50, 1, 21
3, 30282, 18009051, 18265141
51, 1, 21
2, 59172, 18711269, 18963515
52, 1, 21
1, 24514, 19300213, 19554491
53, 1, 21
3, 40376, 18265141, 18520672
54, 1, 21
2, 67824, 18963515, 19220229
55, 1, 21
1, 27398, 19554491, 19811022
56, 1, 21
3, 40376, 18520672, 18779091
57, 1, 21
2, 67824, 19220229, 19470659
58, 1, 21
1, 28840, 19811022, 20066125
59, 1, 21
3, 40376, 18779091, 19036110
60, 1, 21
2, 99548, 19470659, 19724468
61, 1, 21
1, 28840, 20066125, 20323206
62, 1, 21
4, 40376, 18381021, 18637054
63, 1, 21
3, 38934, 19036110, 19296703
64, 1, 21
2, 101015, 19724468, 19977889
65, 1, 21
1, 28840, 20323206, 20575954
66, 1, 21
4, 36050, 18637054, 18890875
67, 1, 21
3, 36050, 19296703, 19547447
68, 1, 21
2, 102457, 19977889, 20229560
69, 1, 21
4, 38934, 18890875, 19142313
70, 1, 21
1, 25956, 20575954, 20834452
71, 1, 21
3, 37492, 19547447, 19801703
72, 1, 21
2, 105341, 20229560, 20479929
73, 1, 21
4, 38934, 19142313, 19396139
74, 1, 21
1, 28840, 20834452, 21091196
75, 1, 21
3, 38934, 19801703, 20056163
76, 1, 21
2, 105341, 20479929, 20734831
77, 1, 21
4, 37492, 19396139, 19647525
78, 1, 21
1, 28840, 21091196, 21348295
79, 1, 21
3, 37492, 20056163, 20306500
80, 1, 21
2, 88037, 20734831, 20988694
81, 1, 21
4, 27398, 19647525, 19906785
82, 1, 21
1, 28840, 21348295, 21600567
83, 1, 21
3, 23072, 20306500, 20560477
84, 1, 21
2, 62081, 20988694, 21239933
85, 1, 21
1, 21630, 21600567, 21856081
86, 1, 21
4, 18746, 19906785, 20171164
87, 1, 21
3, 20188, 20560477, 20819605
88, 1, 21
2, 79385, 21239933, 21491551
89, 1, 21
1, 18746, 21856081, 22107413
90, 1, 21
4, 30282, 20171164, 20430473
91, 1, 21
3, 31724, 20819605, 21078173
92, 1, 21
2, 85153, 21491551, 21745155
93, 1, 21
1, 24514, 22107413, 22361056
94, 1, 21
4, 38934, 20430473, 20682394
95, 1, 21
3, 38934, 21078173, 21335095
96, 1, 21
2, 106783, 21745155, 21996324
97, 1, 21
1, 30282, 22361056, 22619138
98, 1, 21
4, 38934, 20682394, 20942774
99, 1, 21
3, 37492, 21335095, 21591206
100, 1, 21
2, 103899, 21996324, 22252501
101, 1, 21
1, 28840, 22619138, 22878015
102, 1, 21
4, 37492, 20942774, 21195461
103, 1, 21
3, 37492, 21591206, 21846693
104, 1, 21
2, 103899, 22252501, 22507799
105, 1, 21
4, 37492, 21195461, 21448776
106, 1, 21
1, 28840, 22878015, 23139129
107, 1, 21
2, 64940, 22507799, 22765151
108, 1, 21
4, 25956, 21448776, 21702191
109, 1, 21
1, 28840, 23139129, 23390351
110, 1, 21
2, 44752, 22765151, 23019696
111, 1, 21
4, 33166, 21702191, 21953451
112, 1, 21
1, 17304, 23390351, 23642843
113, 1, 21
2, 62056, 23019696, 23270990
114, 1, 21
1, 25956, 23642843, 23897068
115, 1, 21
4, 37492, 21953451, 22209385
116, 1, 21
2, 50520, 23270990, 23525140
117, 1, 21
1, 27398, 23897068, 24163567
118, 1, 21
4, 21630, 22209385, 22481287
119, 1, 21
2, 46194, 23525140, 23782098
120, 1, 21
1, 15862, 24163567, 24418869
121, 1, 21
4, 28840, 22481287, 22735255
122, 1, 21
2, 47636, 23782098, 24037469
123, 1, 21
1, 21630, 24418869, 24669249
124, 1, 21
4, 30282, 22735255, 22990286
125, 1, 21
2, 63498, 24037469, 24288713
126, 1, 21
1, 27398, 24669249, 24922121
127, 1, 21
4, 37492, 22990286, 23247532
128, 1, 21
2, 63498, 24288713, 24541935
129, 1, 21
1, 27398, 24922121, 25178620
130, 1, 21
4, 37492, 23247532, 23503441
131, 1, 21
2, 64940, 24541935, 24796417
132, 1, 21
1, 28840, 25178620, 25431977
133, 1, 21
4, 37492, 23503441, 23765984
134, 1, 21
2, 66382, 24796417, 25056076
135, 1, 21
1, 30282, 25431977, 25687300
136, 1, 21
4, 36050, 23765984, 24018557
137, 1, 21
2, 67824, 25056076, 25314139
138, 1, 21
1, 30282, 25687300, 25947114
139, 1, 21
4, 36050, 24018557, 24269348
140, 1, 21
2, 67824, 25314139, 25567726
141, 1, 21
1, 30282, 25947114, 26207736
142, 1, 21
4, 38934, 24269348, 24520953
143, 1, 21
2, 69266, 25567726, 25819742
144, 1, 21
4, 38934, 24520953, 24771814
145, 1, 21
1, 30282, 26207736, 26463395
146, 1, 21
2, 69266, 25819742, 26071699
147, 1, 21
4, 40376, 24771814, 25026546
148, 1, 21
1, 30282, 26463395, 26718828
149, 1, 21
2, 69266, 26071699, 26327444
150, 1, 21
4, 37492, 25026546, 25277546
151, 1, 21
1, 30282, 26718828, 26973795
152, 1, 21
2, 66382, 26327444, 26579768
153, 1, 21
4, 37492, 25277546, 25531775
154, 1, 21
1, 28840, 26973795, 27224627
155, 1, 21
2, 67824, 26579768, 26832274
156, 1, 21
4, 37492, 25531775, 25782860
157, 1, 21
1, 30282, 27224627, 27482946
158, 1, 21
2, 64940, 26832274, 27084664
159, 1, 21
4, 36050, 25782860, 26041016
160, 1, 21
1, 28840, 27482946, 27740692
161, 1, 21
2, 66382, 27084664, 27337373
162, 1, 21
4, 38934, 26041016, 26293303
163, 1, 21
1, 30282, 27740692, 28000593
164, 1, 21
2, 66382, 27337373, 27587865
165, 1, 21
4, 37492, 26293303, 26547390
166, 1, 21
1, 30282, 28000593, 28261068
167, 1, 21
2, 67824, 27587865, 27846102
168, 1, 21
4, 37492, 26547390, 26804328
169, 1, 21
1, 30282, 28261068, 28519164
170, 1, 21
2, 69266, 27846102, 28105648
171, 1, 21
4, 37492, 26804328, 27058107
172, 1, 21
1, 30282, 28519164, 28775686
173, 1, 21
2, 66382, 28105648, 28363007
174, 1, 21
4, 34608, 27058107, 27312195
175, 1, 21
3, 15862, 21846693, 27875339
176, 1, 21
1, 30282, 28775686, 29031758
177, 1, 21
2, 90921, 28363007, 28613820
178, 1, 21
3, 36050, 27875339, 28138543
179, 1, 21
4, 36050, 27312195, 27583589
180, 1, 21
1, 30282, 29031758, 29292983
181, 1, 21
2, 77943, 28613820, 28868225
182, 1, 21
3, 27398, 28138543, 28391154
183, 1, 21
4, 28840, 27583589, 27834454
184, 1, 21
1, 24514, 29292983, 29552423
185, 1, 21
2, 101015, 28868225, 29119499
186, 1, 21
3, 38934, 28391154, 28642232
187, 1, 21
4, 38934, 27834454, 28088653
188, 1, 21
1, 27398, 29552423, 29804462
189, 1, 21
2, 103899, 29119499, 29371067
190, 1, 21
3, 33166, 28642232, 28895546
191, 1, 21
4, 33166, 28088653, 28338964
192, 1, 21
1, 28840, 29804462, 30059670
193, 1, 21
2, 96689, 29371067, 29625598
194, 1, 21
3, 40376, 28895546, 29154990
195, 1, 21
4, 38934, 28338964, 28597874
196, 1, 21
1, 27398, 30059670, 30316177
197, 1, 21
2, 102457, 29625598, 29877116
198, 1, 21
4, 37492, 28597874, 28852757
199, 1, 21
3, 37492, 29154990, 29411964
200, 1, 21
1, 30282, 30316177, 30573836
201, 1, 21
2, 103899, 29877116, 30136014
202, 1, 21
3, 37492, 29411964, 29666762
203, 1, 21
4, 37492, 28852757, 29108083
204, 1, 21
1, 30282, 30573836, 30833422
205, 1, 21
2, 105341, 30136014, 30392757
206, 1, 21
4, 34608, 29108083, 29360932
207, 1, 21
3, 36050, 29666762, 29924062
208, 1, 21
1, 30282, 30833422, 31089143
209, 1, 21
2, 93805, 30392757, 30643855
210, 1, 21
3, 37492, 29924062, 30174406
211, 1, 21
1, 30282, 31089143, 31343643
212, 1, 21
2, 67824, 30643855, 30896727
213, 1, 21
3, 37492, 30174406, 30424492
214, 1, 21
1, 30282, 31343643, 31600723
215, 1, 21
2, 66382, 30896727, 31150056
216, 1, 21
3, 37492, 30424492, 30682765
217, 1, 21
1, 30282, 31600723, 31854909
218, 1, 21
2, 67824, 31150056, 31404831
219, 1, 21
3, 38934, 30682765, 30939319
220, 1, 21
1, 30282, 31854909, 32111170
221, 1, 21
2, 66382, 31404831, 31662164
222, 1, 21
3, 37492, 30939319, 31198361
223, 1, 21
1, 30282, 32111170, 32368026
224, 1, 21
2, 67824, 31662164, 31918911
225, 1, 21
3, 38934, 31198361, 31452004
226, 1, 21
1, 30282, 32368026, 32625051
227, 1, 21
2, 66382, 31918911, 32175849
228, 1, 21
3, 36050, 31452004, 31707840
229, 1, 21
1, 30282, 32625051, 32884282
230, 1, 21
2, 66382, 32175849, 32430205
231, 1, 21
3, 38934, 31707840, 31958516
232, 1, 21
1, 30282, 32884282, 33137239
233, 1, 21
2, 66382, 32430205, 32684091
234, 1, 21
3, 31724, 31958516, 32231758
235, 1, 21
1, 28840, 33137239, 33388285
236, 1, 21
2, 56288, 32684091, 32934629
237, 1, 21
3, 36050, 32231758, 32485843
238, 1, 21
1, 27398, 33388285, 33650738
239, 1, 21
2, 57730, 32934629, 33192161
240, 1, 21
3, 15862, 32485843, 32741606
241, 1, 21
1, 24514, 33650738, 33900777
242, 1, 21
2, 24564, 33192161, 33470967
243, 1, 21
1, 8652, 33900777, 34273444
244, 1, 21
2, 5793, 33470967, 33729527
245, 1, 21
1, 18746, 34273444, 34533973
246, 1, 21
2, 18771, 33729527, 33986847
247, 2, 21
2, 12978, 33986847, 34238056
1, 14420, 34533973, 34796690
248, 2, 21
2, 21630, 34238056, 34491627
1, 21630, 34796690, 35050139
249, 2, 21
2, 14420, 34491627, 34743366
1, 14420, 35050139, 35301909
250, 2, 21
2, 18746, 34743366, 35004507
1, 18746, 35301909, 35562936
251, 2, 21
2, 23072, 35004507, 35255512
1, 23072, 35562936, 35813162
252, 1, 21
3, 4326, 32741606, 34804147
253, 1, 21
2, 72125, 35255512, 35505594
254, 1, 21
1, 30282, 35813162, 36069330
255, 1, 21
3, 83636, 34804147, 35057332
256, 1, 21
2, 116852, 35505594, 35756062
257, 1, 21
1, 28840, 36069330, 36326887
258, 1, 21
3, 80752, 35057332, 35360428
259, 1, 21
2, 88012, 35756062, 36013377
260, 1, 21
1, 30282, 36326887, 36651266
261, 1, 21
3, 67774, 35360428, 35612861
262, 1, 21
2, 75034, 36013377, 36264513
263, 1, 21
1, 25956, 36651266, 36907660
264, 1, 21
3, 28840, 35612861, 35870230
265, 1, 21
2, 51962, 36264513, 36516863
266, 1, 21
1, 12978, 36907660, 37161232
267, 1, 21
3, 82194, 35870230, 36123941
268, 1, 21
2, 113968, 36516863, 36769935
269, 1, 21
1, 28840, 37161232, 37416770
270, 1, 21
3, 90846, 36123941, 36378109
271, 1, 21
2, 118294, 36769935, 37020638
272, 1, 21
1, 30282, 37416770, 37672865
273, 1, 21
3, 86520, 36378109, 36630113
274, 1, 21
2, 113968, 37020638, 37272940
275, 1, 21
1, 28840, 37672865, 37923860
276, 1, 21
3, 80752, 36630113, 36881242
277, 1, 21
2, 111084, 37272940, 37526507
278, 1, 21
1, 28840, 37923860, 38183941
279, 1, 21
3, 74984, 36881242, 37134309
280, 1, 21
2, 102432, 37526507, 37778938
281, 1, 21
1, 27398, 38183941, 38435283
282, 1, 21
3, 70658, 37134309, 37387341
283, 1, 21
2, 96664, 37778938, 38029505
284, 1, 21
1, 27398, 38435283, 38690604
285, 1, 21
3, 80752, 37387341, 37641257
286, 1, 21
2, 105316, 38029505, 38279878
287, 1, 21
1, 30282, 38690604, 38952544
288, 1, 21
2, 64915, 38279878, 38540100
289, 1, 21
1, 28840, 38952544, 39206481
290, 1, 21
2, 25981, 38540100, 38798297
291, 1, 21
1, 25956, 39206481, 39469487
292, 1, 21
2, 24539, 38798297, 39058040
293, 1, 21
1, 23072, 39469487, 39721018
294, 1, 21
2, 24539, 39058040, 39317236
295, 1, 21
1, 21630, 39721018, 39979318
296, 1, 21
2, 21655, 39317236, 39576756
297, 1, 21
1, 25956, 39979318, 40240811
298, 1, 21
2, 28865, 39576756, 39831714
299, 1, 21
1, 30282, 40240811, 40500093
300, 1, 21
2, 30307, 39831714, 40088697
301, 1, 21
1, 30282, 40500093, 40756404
302, 1, 21
2, 30307, 40088697, 40348741
303, 1, 21
1, 27398, 40756404, 41009362
304, 1, 21
2, 24539, 40348741, 40600591
305, 1, 21
3, 54796, 37641257, 40032200
306, 1, 21
1, 21630, 41009362, 41305871
307, 1, 21
2, 96664, 40600591, 40850974
308, 1, 21
3, 77868, 40032200, 40345649
309, 1, 21
1, 28840, 41305871, 41633850
310, 1, 21
2, 77918, 40850974, 41104340
311, 1, 21
3, 74984, 40345649, 40598316
312, 1, 21
1, 30282, 41633850, 41896211
313, 1, 21
2, 109642, 41104340, 41356135
314, 1, 21
3, 83636, 40598316, 40851657
315, 1, 21
1, 30282, 41896211, 42152301
316, 1, 21
2, 111084, 41356135, 41609038
317, 1, 21
3, 82194, 40851657, 41105346
318, 1, 21
1, 30282, 42152301, 42414789
319, 1, 21
2, 115410, 41609038, 41861847
320, 1, 21
3, 82194, 41105346, 41355933
321, 1, 21
2, 109617, 41861847, 42115028
322, 1, 21
1, 30282, 42414789, 42673042
323, 1, 21
3, 70658, 41355933, 41626139
324, 2, 21
2, 80802, 42115028, 42366225
1, 24514, 42673042, 42924659
325, 1, 21
3, 76426, 41626139, 41879731
326, 1, 21
2, 108175, 42366225, 42616817
327, 1, 21
1, 28840, 42924659, 43181596
328, 1, 21
3, 79310, 41879731, 42131765
329, 1, 21
2, 113968, 42616817, 42870529
330, 1, 21
1, 28840, 43181596, 43432017
331, 1, 21
3, 85078, 42131765, 42385118
332, 1, 21
2, 112526, 42870529, 43121345
333, 1, 21
1, 30282, 43432017, 43694073
334, 1, 21
3, 82194, 42385118, 42641929
335, 1, 21
2, 99548, 43121345, 43376531
336, 1, 21
1, 28840, 43694073, 43954486
337, 1, 21
3, 69216, 42641929, 42894148
338, 1, 21
2, 106758, 43376531, 43636877
339, 1, 21
1, 25956, 43954486, 44208768
340, 2, 21
2, 27423, 43636877, 43916568
1, 25956, 44208768, 44474368
341, 2, 21
2, 23072, 43916568, 44173678
1, 23072, 44474368, 44732329
342, 2, 21
2, 27398, 44173678, 44426003
1, 27398, 44732329, 44984505
343, 2, 21
2, 18746, 44426003, 44699814
1, 18746, 44984505, 45258220
344, 2, 21
2, 20188, 44699814, 44950710
1, 20188, 45258220, 45509339
345, 2, 21
2, 23072, 44950710, 45223519
1, 23072, 45509339, 45781131
346, 2, 21
2, 17304, 45223519, 45482154
1, 17304, 45781131, 46040726
347, 2, 21
2, 18746, 45482154, 45737978
1, 18746, 46040726, 46296660
348, 2, 21
2, 28840, 45737978, 45995142
1, 28840, 46296660, 46552990
349, 2, 21
2, 28840, 45995142, 46245342
1, 28840, 46552990, 46803280
350, 2, 21
2, 28840, 46245342, 46501289
1, 28840, 46803280, 47059936
351, 2, 21
2, 30282, 46501289, 46761353
1, 30282, 47059936, 47320000
352, 2, 21
2, 30282, 46761353, 47020882
1, 30282, 47320000, 47579356
353, 2, 21
2, 30282, 47020882, 47279885
1, 30282, 47579356, 47838366
354, 2, 21
2, 30282, 47279885, 47532087
1, 30282, 47838366, 48090693
355, 2, 21
2, 30282, 47532087, 47791273
1, 30282, 48090693, 48349825
356, 2, 21
2, 24514, 47791273, 48042985
1, 24514, 48349825, 48601597
357, 2, 21
2, 23072, 48042985, 48295742
1, 23072, 48601597, 48854307
358, 2, 21
2, 18746, 48295742, 48573938
1, 18746, 48854307, 49132626
359, 2, 21
2, 24514, 48573938, 48827486
1, 24514, 49132626, 49386128
360, 2, 21
2, 24514, 48827486, 49092441
1, 24514, 49386128, 49651052
361, 2, 21
2, 21630, 49092441, 49360018
1, 21630, 49651052, 49918420
362, 2, 21
2, 15862, 49360018, 49613600
1, 15862, 49918420, 50172220
363, 2, 21
2, 21630, 49613600, 49872548
1, 21630, 50172220, 50431168
364, 2, 21
2, 23072, 49872548, 50155844
1, 23072, 50431168, 50714315
365, 2, 21
2, 23072, 50155844, 50415410
1, 23072, 50714315, 50974036
366, 2, 21
2, 24514, 50415410, 50673905
1, 24514, 50974036, 51232582
367, 2, 21
2, 30282, 50673905, 50931964
1, 30282, 51232582, 51489808
368, 2, 21
2, 30282, 50931964, 51186586
1, 30282, 51489808, 51744640
369, 2, 21
2, 30282, 51186586, 51440089
1, 30282, 51744640, 51998582
370, 2, 21
2, 30282, 51440089, 51694079
1, 30282, 51998582, 52252768
371, 2, 21
2, 30282, 51694079, 51952565
1, 30282, 52252768, 52510551
372, 2, 21
2, 30282, 51952565, 52210654
1, 30282, 52510551, 52769324
373, 2, 21
2, 30282, 52210654, 52466793
1, 30282, 52769324, 53025401
374, 2, 21
2, 30282, 52466793, 52721074
1, 30282, 53025401, 53279704
375, 2, 21
2, 28840, 52721074, 52974128
1, 28840, 53279704, 53532772
376, 2, 21
2, 30282, 52974128, 53232185
1, 30282, 53532772, 53790726
377, 1, 21
3, 54796, 42894148, 52793485
378, 1, 21
2, 72125, 53232185, 53485380
379, 1, 21
1, 30282, 53790726, 54051194
380, 1, 21
3, 85078, 52793485, 53045343
381, 1, 21
2, 111084, 53485380, 53736279
382, 1, 21
1, 30282, 54051194, 54307857
383, 1, 21
3, 82194, 53045343, 53299070
384, 1, 21
2, 109642, 53736279, 53989384
385, 1, 21
1, 30282, 54307857, 54567816
386, 1, 21
3, 85078, 53299070, 53551941
387, 1, 21
2, 119736, 53989384, 54239521
388, 1, 21
1, 30282, 54567816, 54823341
389, 1, 21
3, 93730, 53551941, 53804766
390, 1, 21
2, 122620, 54239521, 54492359
391, 1, 21
1, 30282, 54823341, 55076864
392, 1, 21
3, 93730, 53804766, 54058386
393, 1, 21
2, 121178, 54492359, 54744403
394, 1, 21
1, 30282, 55076864, 55332735
395, 1, 21
3, 92288, 54058386, 54308812
396, 1, 21
2, 116852, 54744403, 54997620
397, 1, 21
1, 30282, 55332735, 55586145
398, 1, 21
3, 82194, 54308812, 54560390
399, 1, 21
2, 119736, 54997620, 55248953
400, 1, 21
1, 30282, 55586145, 55844362
401, 1, 21
3, 90846, 54560390, 54814259
402, 1, 21
2, 115410, 55248953, 55500761
403, 1, 21
1, 30282, 55844362, 56105940
404, 1, 21
3, 85078, 54814259, 55067827
405, 1, 21
2, 113968, 55500761, 55751320
406, 1, 21
1, 28840, 56105940, 56364182
407, 1, 21
3, 89404, 55067827, 55317893
408, 1, 21
2, 119736, 55751320, 56003146
409, 1, 21
1, 30282, 56364182, 56616063
410, 1, 21
3, 87962, 55317893, 55569514
411, 1, 21
2, 116852, 56003146, 56257758
412, 1, 21
1, 30282, 56616063, 56870053
413, 1, 21
3, 86520, 55569514, 55822168
414, 1, 21
2, 115410, 56257758, 56509209
415, 1, 21
1, 30282, 56870053, 57122214
416, 1, 21
3, 82194, 55822168, 56074429
417, 1, 21
2, 112526, 56509209, 56760802
418, 1, 21
1, 30282, 57122214, 57378103
419, 1, 21
3, 85078, 56074429, 56326910
420, 1, 21
2, 118294, 56760802, 57013063
421, 1, 21
1, 30282, 57378103, 57632459
422, 1, 21
3, 83636, 56326910, 56579008
423, 1, 21
2, 111084, 57013063, 57266925
424, 1, 21
1, 30282, 57632459, 57887662
425, 1, 21
3, 83636, 56579008, 56830184
426, 1, 21
2, 115410, 57266925, 57521382
427, 1, 21
1, 30282, 57887662, 58147938
428, 1, 21
3, 77868, 56830184, 57082348
429, 1, 21
2, 111084, 57521382, 57774450
430, 1, 21
1, 30282, 58147938, 58404648
431, 1, 21
3, 87962, 57082348, 57334655
432, 1, 21
2, 116852, 57774450, 58025182
433, 1, 21
1, 30282, 58404648, 58655561
434, 1, 21
3, 89404, 57334655, 57585733
435, 1, 21
2, 119736, 58025182, 58277752
436, 1, 21
1, 30282, 58655561, 58908896
437, 1, 21
2, 72125, 58277752, 58538043
438, 1, 21
1, 28840, 58908896, 59168820
439, 1, 21
2, 27423, 58538043, 58793839
440, 1, 21
1, 28840, 59168820, 59429613
441, 1, 21
2, 28865, 58793839, 59053442
442, 1, 21
1, 28840, 59429613, 59690077
443, 1, 21
2, 28865, 59053442, 59318149
444, 1, 21
1, 27398, 59690077, 59944359
445, 1, 21
2, 27423, 59318149, 59569710
446, 1, 21
1, 28840, 59944359, 60206144
447, 1, 21
2, 28865, 59569710, 59823184
448, 1, 21
1, 28840, 60206144, 60462576
449, 1, 21
2, 28865, 59823184, 60084586
450, 1, 21
1, 28840, 60462576, 60723182
451, 1, 21
2, 28865, 60084586, 60340212
452, 1, 21
1, 28840, 60723182, 60975727
453, 1, 21
2, 28865, 60340212, 60592795
454, 1, 21
1, 28840, 60975727, 61228010
455, 1, 21
2, 28865, 60592795, 60846369
456, 1, 21
1, 28840, 61228010, 61478475
457, 1, 21
2, 30307, 60846369, 61107422
458, 1, 21
1, 28840, 61478475, 61731807
459, 1, 21
2, 28865, 61107422, 61358425
460, 1, 21
1, 30282, 61731807, 61989934
461, 1, 21
2, 30307, 61358425, 61615452
462, 1, 21
1, 30282, 61989934, 62252654
463, 1, 21
2, 28865, 61615452, 61874569
464, 1, 21
1, 28840, 62252654, 62509297
465, 1, 21
2, 27423, 61874569, 62134617
466, 1, 21
1, 25956, 62509297, 62763972
467, 1, 21
2, 27423, 62134617, 62391367
468, 1, 21
1, 27398, 62763972, 63022629
469, 1, 21
2, 27423, 62391367, 62655356
470, 1, 21
1, 27398, 63022629, 63281560
471, 1, 21
2, 27423, 62655356, 62912047
472, 1, 21
1, 27398, 63281560, 63543174
473, 1, 21
2, 27423, 62912047, 63174904
474, 1, 21
1, 27398, 63543174, 63803312
475, 1, 21
2, 27423, 63174904, 63436157
476, 1, 21
1, 27398, 63803312, 64059354
477, 1, 21
2, 28865, 63436157, 63700474
478, 1, 21
1, 28840, 64059354, 64320363
479, 1, 21
2, 28865, 63700474, 63960986
480, 1, 21
1, 27398, 64320363, 64573351
481, 1, 21
2, 28865, 63960986, 64221995
482, 1, 21
1, 27398, 64573351, 64824906
483, 1, 21
2, 27423, 64221995, 64473730
484, 1, 21
1, 28840, 64824906, 65081938
485, 1, 21
2, 30307, 64473730, 64735632
486, 1, 21
1, 28840, 65081938, 65337735
487, 1, 21
2, 27423, 64735632, 64989914
488, 1, 21
1, 28840, 65337735, 65598779
489, 1, 21
2, 28865, 64989914, 65246478
490, 1, 21
1, 28840, 65598779, 65857612
491, 1, 21
2, 28865, 65246478, 65506145
492, 1, 21
1, 28840, 65857612, 66122260
