0, 2, 21
2, 27398, 5599504, 5856535
1, 27398, 6168054, 6423722
1, 2, 21
2, 28840, 5856535, 6176535
1, 28840, 6423722, 6743151
2, 2, 21
2, 25956, 6176535, 6437633
1, 25956, 6743151, 7004066
3, 2, 21
2, 28840, 6437633, 6690097
1, 28840, 7004066, 7256723
4, 2, 21
2, 36050, 6690097, 7008677
1, 36050, 7256723, 7576138
5, 2, 21
2, 43260, 7008677, 7403079
1, 43260, 7576138, 7970520
6, 2, 21
2, 27398, 7403079, 7654399
1, 27398, 7970520, 8221869
7, 1, 21
2, 27398, 7654399, 7905583
8, 1, 21
1, 43260, 8221869, 8613739
9, 1, 21
2, 28865, 7905583, 8163150
10, 1, 21
2, 44702, 8163150, 8562816
11, 1, 21
1, 69216, 8613739, 9232391
12, 1, 21
2, 69241, 8562816, 9179609
13, 2, 21
2, 47586, 9179609, 15729425
1, 105266, 9232391, 16297594
14, 2, 21
2, 27398, 15729425, 15987505
1, 27398, 16297594, 16555338
15, 2, 21
2, 36050, 15987505, 16310255
1, 36050, 16555338, 16878620
16, 2, 21
2, 46144, 16310255, 16703590
1, 46144, 16878620, 17271993
17, 2, 21
2, 85078, 16703590, 17471142
1, 85078, 17271993, 18039315
18, 1, 21
2, 62006, 17471142, 17785469
19, 1, 21
1, 36050, 18039315, 18355986
20, 1, 21
3, 38934, 17041592, 17292230
21, 1, 21
2, 66357, 17785469, 18035819
22, 1, 21
1, 37492, 18355986, 18678459
23, 1, 21
3, 47586, 17292230, 17609570
24, 1, 21
2, 80802, 18035819, 18354397
25, 1, 21
3, 34608, 17609570, 17863630
26, 1, 21
1, 46144, 18678459, 19073532
27, 1, 21
2, 62056, 18354397, 18617280
28, 1, 21
3, 21630, 17863630, 18118559
29, 1, 21
1, 25956, 19073532, 19391302
30, 1, 21
2, 36100, 18617280, 18869983
31, 1, 21
3, 30282, 18118559, 18374859
32, 1, 21
1, 24514, 19391302, 19645774
33, 1, 21
2, 66382, 18869983, 19121926
34, 1, 21
3, 40376, 18374859, 18633478
35, 1, 21
2, 64915, 19121926, 19371997
36, 1, 21
1, 33166, 19645774, 19959314
37, 1, 21
3, 38934, 18633478, 18883986
38, 1, 21
2, 98106, 19371997, 19686072
39, 1, 21
3, 40376, 18883986, 19140820
40, 1, 21
1, 44702, 19959314, 20356330
41, 1, 21
4, 38934, 18456688, 18713112
42, 1, 21
2, 102457, 19686072, 19937105
43, 1, 21
3, 38934, 19140820, 19399475
44, 1, 21
4, 36050, 18713112, 18968808
45, 1, 21
2, 124062, 19937105, 20254078
46, 1, 21
3, 44702, 19399475, 19715700
47, 1, 21
1, 62006, 20356330, 20927662
48, 1, 21
4, 40376, 18968808, 19226630
49, 1, 21
1, 28840, 20927662, 21184654
50, 1, 21
4, 38934, 19226630, 19481015
51, 1, 21
3, 60564, 19715700, 20115725
52, 1, 21
2, 202030, 20254078, 20744531
53, 1, 21
4, 34608, 19481015, 19733045
54, 1, 21
1, 36050, 21184654, 21504124
55, 1, 21
2, 100990, 20744531, 20995810
56, 1, 21
4, 25956, 19733045, 19992089
57, 1, 21
2, 66357, 20995810, 21246080
58, 1, 21
3, 69216, 20115725, 20677078
59, 1, 21
1, 38934, 21504124, 21903083
60, 1, 21
4, 20188, 19992089, 20252019
61, 2, 21
2, 60639, 21246080, 21501613
3, 18746, 20677078, 20927636
62, 1, 21
1, 17304, 21903083, 22153662
63, 1, 21
4, 30282, 20252019, 20510886
64, 1, 21
2, 85128, 21501613, 21756714
65, 1, 21
3, 31724, 20927636, 21186901
66, 1, 21
1, 24514, 22153662, 22407876
67, 1, 21
4, 28840, 20510886, 20761421
68, 1, 21
3, 37492, 21186901, 21438391
69, 1, 21
2, 119761, 21756714, 22073629
70, 1, 21
1, 30282, 22407876, 22666481
71, 1, 21
4, 37492, 20761421, 21018712
72, 1, 21
3, 31724, 21438391, 21691510
73, 1, 21
2, 98131, 22073629, 22325800
74, 1, 21
1, 28840, 22666481, 22924287
75, 1, 21
4, 46144, 21018712, 21336704
76, 1, 21
3, 37492, 21691510, 21944740
77, 1, 21
2, 154369, 22325800, 22720076
78, 1, 21
1, 43260, 22924287, 23317170
79, 1, 21
4, 59122, 21336704, 21732477
80, 1, 21
2, 62056, 22720076, 22979611
81, 1, 21
4, 30282, 21732477, 22035240
82, 1, 21
1, 37492, 23317170, 23751933
83, 1, 21
2, 44752, 22979611, 23234183
84, 1, 21
4, 37492, 22035240, 22291070
85, 1, 21
1, 25956, 23751933, 24011792
86, 1, 21
2, 64940, 23234183, 23496503
87, 1, 21
4, 27398, 22291070, 22582880
88, 1, 21
1, 28840, 24011792, 24325116
89, 1, 21
2, 54846, 23496503, 23825322
90, 1, 21
4, 31724, 22582880, 22856718
91, 1, 21
1, 18746, 24325116, 24585947
92, 1, 21
2, 53404, 23825322, 24088610
93, 1, 21
4, 25956, 22856718, 23111866
94, 1, 21
1, 20188, 24585947, 24850651
95, 1, 21
2, 51962, 24088610, 24342919
96, 1, 21
4, 38934, 23111866, 23369297
97, 1, 21
1, 30282, 24850651, 25107375
98, 1, 21
2, 66382, 24342919, 24600778
99, 1, 21
4, 44702, 23369297, 23682751
100, 1, 21
1, 34608, 25107375, 25427624
101, 1, 21
2, 102432, 24600778, 24992166
102, 1, 21
4, 59122, 23682751, 24081875
103, 1, 21
1, 56238, 25427624, 25918398
104, 1, 21
2, 158670, 24992166, 25604014
105, 1, 21
4, 113918, 24081875, 24848134
106, 1, 21
4, 233604, 24848134, 26410118
107, 1, 21
4, 46144, 26410118, 26726616
108, 1, 21
4, 57680, 26726616, 27121072
109, 1, 21
3, 24514, 21944740, 28040042
110, 1, 21
2, 827833, 25604014, 28696846
111, 1, 21
3, 36050, 28040042, 28310809
112, 1, 21
2, 96639, 28696846, 28948447
113, 1, 21
4, 99498, 27121072, 27887906
114, 1, 21
1, 434042, 25918398, 29702121
115, 1, 21
3, 27398, 28310809, 28566244
116, 1, 21
2, 77943, 28948447, 29198535
117, 1, 21
4, 36050, 27887906, 28143815
118, 1, 21
3, 38934, 28566244, 28821338
119, 2, 21
2, 102432, 29198535, 29452243
1, 33166, 29702121, 30019822
120, 1, 21
4, 37492, 28143815, 28396218
121, 1, 21
3, 33166, 28821338, 29077068
122, 1, 21
2, 95222, 29452243, 29704947
123, 1, 21
1, 43260, 30019822, 30423391
124, 1, 21
4, 43260, 28396218, 28710234
125, 1, 21
3, 38934, 29077068, 29327528
126, 1, 21
2, 101015, 29704947, 29956438
127, 1, 21
3, 34608, 29327528, 29578464
128, 1, 21
2, 125479, 29956438, 30278571
129, 1, 21
4, 69216, 28710234, 29207675
130, 1, 21
3, 41818, 29578464, 29893167
131, 1, 21
1, 87962, 30423391, 31187509
132, 1, 21
2, 148601, 30278571, 30669789
133, 1, 21
3, 51912, 29893167, 30289168
134, 1, 21
2, 93755, 30669789, 30961026
135, 1, 21
2, 66332, 30961026, 31219205
136, 1, 21
2, 83636, 31219205, 31533110
137, 1, 21
3, 109592, 30289168, 31052693
138, 1, 21
2, 102407, 31533110, 31925677
139, 1, 21
2, 204764, 31925677, 32696520
140, 1, 21
3, 224952, 31052693, 32647412
141, 1, 21
1, 304262, 31187509, 33801177
142, 1, 21
1, 31724, 33801177, 34115920
143, 1, 21
3, 34608, 32647412, 32999860
144, 2, 21
2, 204864, 32696520, 33907648
1, 7210, 34115920, 34475354
145, 1, 21
1, 18746, 34475354, 34736059
146, 1, 21
2, 24539, 33907648, 34235905
147, 1, 21
1, 14420, 34736059, 34998809
148, 1, 21
2, 24539, 34235905, 34632457
149, 1, 21
1, 21630, 34998809, 35252168
150, 1, 21
2, 15887, 34632457, 34886097
151, 1, 21
1, 14420, 35252168, 35503769
152, 1, 21
1, 18746, 35503769, 35764701
153, 1, 21
2, 24564, 34886097, 35221628
154, 1, 21
1, 23072, 35764701, 36015600
155, 1, 21
2, 41843, 35221628, 35618870
156, 1, 21
3, 5768, 32999860, 35096972
157, 1, 21
1, 30282, 36015600, 36272242
158, 1, 21
2, 93780, 35618870, 35870076
159, 1, 21
3, 82194, 35096972, 35347156
160, 1, 21
1, 36050, 36272242, 36590263
161, 1, 21
2, 121178, 35870076, 36122978
162, 1, 21
3, 85078, 35347156, 35662482
163, 1, 21
2, 67799, 36122978, 36374660
164, 1, 21
1, 36050, 36590263, 36990883
165, 1, 21
3, 66332, 35662482, 35912706
166, 1, 21
2, 64940, 36374660, 36639981
167, 1, 21
1, 20188, 36990883, 37282648
168, 1, 21
3, 27398, 35912706, 36165554
169, 1, 21
2, 76476, 36639981, 36890941
170, 1, 21
1, 24514, 37282648, 37535644
171, 1, 21
3, 80752, 36165554, 36416035
172, 1, 21
2, 121178, 36890941, 37142070
173, 1, 21
1, 30282, 37535644, 37791155
174, 1, 21
3, 89404, 36416035, 36666387
175, 1, 21
2, 115410, 37142070, 37392354
176, 1, 21
1, 37492, 37791155, 38112977
177, 1, 21
3, 108150, 36666387, 36982648
178, 1, 21
2, 111084, 37392354, 37642527
179, 1, 21
3, 80752, 36982648, 37236077
180, 1, 21
2, 106733, 37642527, 37892707
181, 1, 21
1, 53354, 38112977, 38602847
182, 1, 21
3, 74984, 37236077, 37488800
183, 1, 21
2, 103874, 37892707, 38143135
184, 1, 21
3, 86520, 37488800, 37804702
185, 1, 21
2, 118269, 38143135, 38455778
186, 1, 21
1, 59122, 38602847, 39156477
187, 1, 21
2, 103849, 38455778, 38714299
188, 1, 21
1, 36050, 39156477, 39487279
189, 1, 21
2, 27423, 38714299, 38984350
190, 1, 21
1, 25956, 39487279, 39748855
191, 1, 21
2, 30307, 38984350, 39303484
192, 1, 21
1, 28840, 39748855, 40072620
193, 1, 21
2, 34633, 39303484, 39701572
194, 1, 21
1, 47586, 40072620, 40562671
195, 1, 21
1, 30282, 40562671, 40825214
196, 1, 21
2, 86570, 39701572, 40465481
197, 1, 21
1, 37492, 40825214, 41145622
198, 1, 21
1, 30282, 41145622, 41471330
199, 1, 21
3, 99498, 37804702, 40334518
200, 1, 21
2, 102457, 40465481, 41053696
201, 1, 21
3, 77868, 40334518, 40647233
202, 1, 21
1, 28840, 41471330, 41792960
203, 1, 21
2, 99548, 41053696, 41367518
204, 1, 21
3, 92288, 40647233, 40959829
205, 1, 21
2, 109617, 41367518, 41618560
206, 1, 21
1, 38934, 41792960, 42194753
207, 1, 21
3, 82194, 40959829, 41210011
208, 1, 21
1, 30282, 42194753, 42451124
209, 1, 21
2, 137065, 41618560, 41936160
210, 1, 21
3, 105266, 41210011, 41525784
211, 1, 21
1, 46144, 42451124, 42847036
212, 1, 21
2, 220676, 41936160, 42430390
213, 1, 21
3, 113918, 41525784, 41928915
214, 1, 21
2, 80777, 42430390, 42681260
215, 1, 21
1, 44702, 42847036, 43284750
216, 1, 21
3, 95172, 41928915, 42244813
217, 1, 21
2, 109642, 42681260, 42934008
218, 1, 21
1, 30282, 43284750, 43547852
219, 1, 21
2, 112501, 42934008, 43185183
220, 1, 21
3, 128338, 42244813, 42638477
221, 1, 21
1, 37492, 43547852, 43869257
222, 1, 21
2, 138482, 43185183, 43499217
223, 1, 21
1, 43260, 43869257, 44263127
224, 1, 21
3, 165830, 42638477, 43190732
225, 1, 21
2, 122620, 43499217, 43817167
226, 1, 21
2, 66332, 43817167, 44079986
227, 1, 21
1, 54796, 44263127, 44833615
228, 1, 21
2, 21655, 44079986, 44346987
229, 1, 21
1, 31724, 44833615, 45156373
230, 1, 21
2, 34633, 44346987, 44667145
231, 1, 21
1, 31724, 45156373, 45560761
232, 1, 21
2, 30307, 44667145, 45058556
233, 1, 21
1, 21630, 45560761, 45818654
234, 1, 21
1, 20188, 45818654, 46102056
235, 1, 21
1, 20188, 46102056, 46364473
236, 1, 21
2, 57755, 45058556, 45824077
237, 1, 21
1, 21630, 46364473, 46624133
238, 1, 21
1, 31724, 46624133, 46901574
239, 1, 21
1, 36050, 46901574, 47225372
240, 1, 21
1, 46144, 47225372, 47623131
241, 1, 21
1, 90846, 47623131, 48395035
242, 1, 21
1, 31724, 48395035, 48685469
243, 1, 21
2, 262594, 45824077, 48196016
244, 1, 21
1, 24514, 48685469, 48952896
245, 1, 21
2, 30307, 48196016, 48517368
246, 1, 21
1, 27398, 48952896, 49266332
247, 1, 21
2, 20213, 48517368, 48792455
248, 1, 21
1, 17304, 49266332, 49518519
249, 1, 21
2, 23097, 48792455, 49050382
250, 1, 21
1, 25956, 49518519, 49773263
251, 1, 21
2, 24539, 49050382, 49308988
252, 1, 21
1, 24514, 49773263, 50043675
253, 1, 21
2, 23097, 49308988, 49569559
254, 1, 21
1, 17304, 50043675, 50297948
255, 1, 21
2, 14445, 49569559, 49829818
256, 1, 21
1, 23072, 50297948, 50619519
257, 1, 21
2, 27423, 49829818, 50147246
258, 1, 21
1, 25956, 50619519, 50881649
259, 1, 21
2, 20213, 50147246, 50404659
260, 1, 21
1, 17304, 50881649, 51132536
261, 1, 21
2, 23097, 50404659, 50664800
262, 1, 21
1, 23072, 51132536, 51392626
263, 1, 21
2, 24539, 50664800, 50923322
264, 1, 21
1, 30282, 51392626, 51649267
265, 1, 21
2, 30307, 50923322, 51181985
266, 1, 21
1, 37492, 51649267, 51969577
267, 1, 21
2, 37517, 51181985, 51498851
268, 1, 21
1, 59122, 51969577, 52465485
269, 1, 21
2, 59147, 51498851, 51995155
270, 1, 21
3, 57680, 43190732, 53099083
271, 1, 21
2, 276889, 51995155, 53849974
272, 1, 21
3, 85078, 53099083, 53350737
273, 1, 21
2, 112501, 53849974, 54102832
274, 1, 21
3, 99498, 53350737, 53663633
275, 1, 21
2, 138457, 54102832, 54417705
276, 1, 21
3, 141316, 53663633, 54056513
277, 1, 21
2, 124037, 54417705, 54669239
278, 1, 21
3, 92288, 54056513, 54306818
279, 1, 21
2, 151435, 54669239, 54981829
280, 1, 21
3, 139874, 54306818, 54701094
281, 1, 21
2, 174507, 54981829, 55360253
282, 1, 21
3, 85078, 54701094, 54955957
283, 1, 21
2, 144225, 55360253, 55677288
284, 1, 21
3, 103824, 54955957, 55270399
285, 1, 21
2, 175949, 55677288, 56069766
286, 1, 21
2, 109592, 56069766, 56320524
287, 1, 21
3, 161504, 55270399, 55760243
288, 1, 21
2, 116827, 56320524, 56577164
289, 1, 21
2, 178808, 56577164, 56967870
290, 1, 21
2, 275422, 56967870, 57579422
291, 1, 21
2, 364826, 57579422, 58387592
292, 1, 21
2, 145642, 58387592, 58701406
293, 1, 21
2, 47586, 58701406, 58955787
294, 1, 21
2, 28840, 58955787, 59212559
295, 1, 21
2, 34608, 59212559, 59528430
296, 1, 21
2, 54796, 59528430, 60027578
297, 1, 21
1, 1155042, 52465485, 62467248
298, 1, 21
1, 69216, 62467248, 63106773
299, 1, 21
1, 34608, 63106773, 63430643
300, 1, 21
1, 40376, 63430643, 63822000
301, 1, 21
1, 82194, 63822000, 64591551
