0, 2, 21
2, 72100, 5577059, 6325699
1, 72104, 6144340, 6892510
1, 2, 21
2, 144200, 6325699, 7619854
1, 144204, 6892510, 8187113
2, 2, 21
2, 144200, 7619854, 8908457
1, 144204, 8187113, 9475442
3, 2, 21
2, 217742, 8908457, 16970771
1, 217746, 9475442, 17538011
4, 2, 21
2, 79310, 16970771, 17628211
1, 72104, 17538011, 18195359
5, 2, 21
2, 82194, 17628211, 17938592
1, 36054, 18195359, 18505795
6, 2, 21
2, 43260, 17938592, 18098994
1, 18750, 18505795, 18666242
7, 2, 21
2, 23072, 18098994, 18187053
1, 10098, 18666242, 18754031
8, 2, 21
2, 334544, 18187053, 19589953
1, 144204, 18754031, 20156706
9, 2, 21
2, 269654, 19589953, 20254500
1, 72104, 20156706, 20821732
10, 2, 21
2, 135548, 20254500, 20577403
1, 36054, 20821732, 21143770
11, 2, 21
2, 70658, 20577403, 20745387
1, 18750, 21143770, 21312577
12, 2, 21
2, 496048, 20745387, 22193990
1, 144204, 21312577, 22760898
13, 2, 21
2, 220626, 22193990, 22836806
1, 72104, 22760898, 23403521
14, 2, 21
2, 92288, 22836806, 23278923
1, 36054, 23403521, 23844670
15, 2, 21
2, 41818, 23278923, 23451116
1, 18750, 23844670, 24017237
16, 2, 21
2, 17304, 23451116, 23546741
1, 10098, 24017237, 24112916
17, 2, 21
2, 334544, 23546741, 25031338
1, 144204, 24112916, 25597701
18, 2, 21
2, 328776, 25031338, 26251989
1, 144204, 25597701, 26818768
19, 2, 21
2, 164388, 26251989, 26870349
1, 72104, 26818768, 27437210
20, 2, 21
2, 325892, 26870349, 28114463
1, 144204, 27437210, 28681258
21, 2, 21
2, 447020, 28114463, 29424487
1, 144204, 28681258, 29990847
22, 2, 21
2, 255234, 29424487, 30066624
1, 72104, 29990847, 30633356
23, 2, 21
2, 125454, 30066624, 30377613
1, 36054, 30633356, 30944373
24, 2, 21
2, 361942, 30377613, 31595201
1, 144204, 30944373, 32162099
25, 2, 21
2, 162946, 31595201, 32207370
1, 72104, 32162099, 32774284
26, 2, 21
2, 80752, 32207370, 32513203
1, 36054, 32774284, 33080056
27, 2, 21
2, 246582, 32513203, 34373424
1, 144204, 33080056, 34940436
28, 2, 21
2, 72100, 34373424, 35322114
1, 72104, 34940436, 35889124
29, 2, 21
2, 92288, 35322114, 35628978
1, 36054, 35889124, 36195805
30, 2, 21
2, 79310, 35628978, 35798979
1, 18750, 36195805, 36365820
31, 2, 21
2, 41818, 35798979, 35884425
1, 10098, 36365820, 36451222
32, 2, 21
2, 20188, 35884425, 35933139
1, 5772, 36451222, 36499501
33, 2, 21
2, 545076, 35933139, 37418393
1, 144204, 36499501, 37985253
34, 2, 21
2, 265328, 37418393, 38070283
1, 72104, 37985253, 38637099
35, 2, 21
2, 136990, 38070283, 38397487
1, 36054, 38637099, 38964273
36, 2, 21
2, 168714, 38397487, 39847316
1, 144204, 38964273, 40414275
37, 2, 21
2, 72100, 39847316, 40468924
1, 72104, 40414275, 41035614
38, 2, 21
2, 514794, 40468924, 41913526
1, 144204, 41035614, 42480490
39, 2, 21
2, 263886, 41913526, 42582456
1, 72104, 42480490, 43149332
40, 2, 21
2, 138432, 42582456, 42895556
1, 36054, 43149332, 43461919
41, 2, 21
2, 72100, 42895556, 43055895
1, 18750, 43461919, 43622673
42, 2, 21
2, 343196, 43055895, 44455623
1, 144204, 43622673, 45021886
43, 2, 21
2, 72100, 44455623, 45406838
1, 72104, 45021886, 45973056
44, 2, 21
2, 36050, 45406838, 45858933
1, 36054, 45973056, 46425277
45, 2, 21
2, 144200, 45858933, 47118868
1, 144204, 46425277, 47685333
46, 2, 21
2, 72100, 47118868, 47722023
1, 72104, 47685333, 48288198
47, 2, 21
2, 144200, 47722023, 49317629
1, 144204, 48288198, 49877712
48, 2, 21
2, 144200, 49317629, 50976082
1, 144204, 49877712, 51542492
49, 2, 21
2, 144200, 50976082, 52195186
1, 144204, 51542492, 52762269
50, 2, 21
2, 72100, 52195186, 52805635
1, 72104, 52762269, 53372739
51, 2, 21
2, 338870, 52805635, 54047165
1, 144204, 53372739, 54610254
52, 2, 21
2, 294168, 54047165, 54648530
1, 72104, 54610254, 55215112
53, 2, 21
2, 148526, 54648530, 54954858
1, 36054, 55215112, 55521696
54, 2, 21
2, 569590, 54954858, 56188305
1, 144204, 55521696, 56755181
55, 2, 21
2, 558054, 56188305, 57401152
1, 144204, 56755181, 57967272
56, 2, 21
2, 504700, 57401152, 58626172
1, 144204, 57967272, 59193054
57, 2, 21
2, 144200, 58626172, 59936716
1, 144204, 59193054, 60500798
58, 2, 21
2, 72100, 59936716, 60577357
1, 72104, 60500798, 61144404
59, 2, 21
2, 144200, 60577357, 61829806
1, 144204, 61144404, 62396658
60, 2, 21
2, 144200, 61829806, 63192289
1, 144204, 62396658, 63759016
61, 2, 21
2, 144200, 63192289, 64521703
1, 144204, 63759016, 65088634
