0, 2, 21
2, 27398, 5565787, 5820678
1, 27398, 6132499, 6387087
1, 2, 21
2, 27398, 5820678, 6127166
1, 27398, 6387087, 6692684
2, 1, 21
1, 24514, 6692684, 6942696
3, 1, 21
2, 25981, 6127166, 6387809
4, 1, 21
1, 28840, 6942696, 7196211
5, 1, 21
2, 28865, 6387809, 6641369
6, 1, 21
1, 28840, 7196211, 7453324
7, 1, 21
2, 28865, 6641369, 6898297
8, 1, 21
1, 28840, 7453324, 7706376
9, 1, 21
2, 28865, 6898297, 7155207
10, 1, 21
1, 27398, 7706376, 7960184
11, 1, 21
2, 27423, 7155207, 7405359
12, 1, 21
1, 27398, 7960184, 8210312
13, 1, 21
2, 28865, 7405359, 7667409
14, 1, 21
1, 27398, 8210312, 8462430
15, 1, 21
2, 27423, 7667409, 7919952
16, 1, 21
1, 28840, 8462430, 8720475
17, 1, 21
2, 28865, 7919952, 8180225
18, 1, 21
1, 28840, 8720475, 8979590
19, 1, 21
2, 28865, 8180225, 8440054
20, 1, 21
1, 28840, 8979590, 9231978
21, 1, 21
2, 30307, 8440054, 8700833
22, 1, 21
1, 28840, 9231978, 9491665
23, 1, 21
2, 28865, 8700833, 8962098
24, 1, 21
1, 28840, 9491665, 9751029
25, 1, 21
2, 28865, 8962098, 9225778
26, 1, 21
1, 27398, 9751029, 10005008
27, 1, 21
2, 28865, 9225778, 9485576
28, 2, 21
2, 10094, 9485576, 15693627
1, 15862, 10005008, 16260039
29, 2, 21
2, 27398, 15693627, 15950710
1, 27398, 16260039, 16516967
30, 2, 21
2, 28840, 15950710, 16212221
1, 28840, 16516967, 16778704
31, 2, 21
2, 30282, 16212221, 16468371
1, 30282, 16778704, 17034807
32, 2, 21
2, 30282, 16468371, 16728877
1, 30282, 17034807, 17295257
33, 2, 21
2, 28840, 16728877, 16981009
1, 28840, 17295257, 17547535
34, 2, 21
2, 27398, 16981009, 17233014
1, 27398, 17547535, 17799481
35, 2, 21
2, 27398, 17233014, 17488689
1, 27398, 17799481, 18055349
36, 1, 21
2, 53354, 17488689, 17744587
37, 1, 21
1, 30282, 18055349, 18316305
38, 1, 21
3, 38934, 17020231, 17270275
39, 1, 21
2, 66382, 17744587, 17997027
40, 1, 21
1, 30282, 18316305, 18576752
41, 1, 21
3, 38934, 17270275, 17527620
42, 1, 21
2, 67824, 17997027, 18248930
43, 1, 21
1, 30282, 18576752, 18835272
44, 1, 21
3, 36050, 17527620, 17782124
45, 1, 21
2, 62056, 18248930, 18502965
46, 1, 21
1, 28840, 18835272, 19085819
47, 1, 21
3, 28840, 17782124, 18090963
48, 1, 21
2, 40426, 18502965, 18760594
49, 1, 21
1, 18746, 19085819, 19339063
50, 1, 21
3, 30282, 18090963, 18348088
51, 1, 21
2, 57730, 18760594, 19013032
52, 1, 21
1, 24514, 19339063, 19594280
53, 1, 21
3, 40376, 18348088, 18605714
54, 1, 21
2, 66382, 19013032, 19265028
55, 1, 21
1, 27398, 19594280, 19850725
56, 1, 21
3, 38934, 18605714, 18859703
57, 1, 21
2, 67824, 19265028, 19517481
58, 1, 21
1, 28840, 19850725, 20108956
59, 1, 21
3, 40376, 18859703, 19118257
60, 1, 21
2, 98106, 19517481, 19773545
61, 1, 21
1, 28840, 20108956, 20365032
62, 1, 21
4, 40376, 18434451, 18687999
63, 1, 21
3, 37492, 19118257, 19370413
64, 1, 21
2, 98131, 19773545, 20023658
65, 1, 21
1, 28840, 20365032, 20615121
66, 1, 21
4, 36050, 18687999, 18941948
67, 1, 21
3, 36050, 19370413, 19627239
68, 1, 21
2, 102457, 20023658, 20276389
69, 1, 21
1, 25956, 20615121, 20873636
70, 1, 21
4, 40376, 18941948, 19195392
71, 1, 21
3, 37492, 19627239, 19885350
72, 1, 21
2, 105341, 20276389, 20526809
73, 1, 21
1, 28840, 20873636, 21133633
74, 1, 21
4, 38934, 19195392, 19447699
75, 1, 21
3, 38934, 19885350, 20143734
76, 1, 21
2, 102457, 20526809, 20781963
77, 1, 21
1, 28840, 21133633, 21391684
78, 1, 21
4, 36050, 19447699, 19701458
79, 1, 21
3, 37492, 20143734, 20396619
80, 1, 21
2, 93805, 20781963, 21036947
81, 1, 21
1, 28840, 21391684, 21644197
82, 1, 21
4, 27398, 19701458, 19963188
83, 1, 21
3, 24514, 20396619, 20656770
84, 1, 21
2, 64965, 21036947, 21290652
85, 1, 21
1, 21630, 21644197, 21897653
86, 1, 21
4, 18746, 19963188, 20227106
87, 1, 21
3, 18746, 20656770, 20914251
88, 1, 21
2, 69291, 21290652, 21541058
89, 1, 21
1, 18746, 21897653, 22154292
90, 1, 21
4, 30282, 20227106, 20486081
91, 1, 21
3, 30282, 20914251, 21164641
92, 1, 21
2, 85153, 21541058, 21792266
93, 1, 21
1, 24514, 22154292, 22408028
94, 1, 21
4, 38934, 20486081, 20737916
95, 1, 21
3, 37492, 21164641, 21420810
96, 1, 21
2, 106783, 21792266, 22047823
97, 1, 21
1, 30282, 22408028, 22665654
98, 1, 21
4, 38934, 20737916, 20999152
99, 1, 21
3, 37492, 21420810, 21674408
100, 1, 21
2, 103899, 22047823, 22304140
101, 1, 21
1, 28840, 22665654, 22922437
102, 1, 21
4, 37492, 20999152, 21250088
103, 1, 21
3, 38934, 21674408, 21933254
104, 1, 21
2, 102457, 22304140, 22554305
105, 1, 21
1, 27398, 22922437, 23174724
106, 1, 21
4, 37492, 21250088, 21504712
107, 1, 21
2, 77918, 22554305, 22805219
108, 1, 21
1, 28840, 23174724, 23425943
109, 1, 21
4, 25956, 21504712, 21757951
110, 1, 21
2, 41868, 22805219, 23057887
111, 1, 21
1, 18746, 23425943, 23678260
112, 1, 21
4, 33166, 21757951, 22009529
113, 1, 21
2, 62056, 23057887, 23312088
114, 1, 21
1, 24514, 23678260, 23933459
115, 1, 21
4, 37492, 22009529, 22264300
116, 1, 21
2, 53404, 23312088, 23566934
117, 1, 21
1, 27398, 23933459, 24183627
118, 1, 21
4, 21630, 22264300, 22536706
119, 1, 21
2, 44752, 23566934, 23825706
120, 1, 21
1, 14420, 24183627, 24438833
121, 1, 21
4, 28840, 22536706, 22791131
122, 1, 21
2, 47636, 23825706, 24082492
123, 1, 21
1, 24514, 24438833, 24718578
124, 1, 21
4, 30282, 22791131, 23046224
125, 1, 21
2, 62056, 24082492, 24332782
126, 1, 21
1, 27398, 24718578, 24973897
127, 1, 21
4, 37492, 23046224, 23303487
128, 1, 21
2, 63498, 24332782, 24586152
129, 1, 21
1, 27398, 24973897, 25227713
130, 1, 21
4, 37492, 23303487, 23559945
131, 1, 21
2, 64940, 24586152, 24838078
132, 1, 21
1, 28840, 25227713, 25481614
133, 1, 21
4, 37492, 23559945, 23812945
134, 1, 21
2, 67824, 24838078, 25093314
135, 1, 21
1, 30282, 25481614, 25739952
136, 1, 21
4, 37492, 23812945, 24068715
137, 1, 21
2, 67824, 25093314, 25347895
138, 1, 21
1, 30282, 25739952, 25994805
139, 1, 21
4, 36050, 24068715, 24321397
140, 1, 21
2, 66382, 25347895, 25602714
141, 1, 21
1, 30282, 25994805, 26255527
142, 1, 21
4, 40376, 24321397, 24581429
143, 1, 21
2, 69266, 25602714, 25855316
144, 1, 21
1, 30282, 26255527, 26511436
145, 1, 21
4, 40376, 24581429, 24839191
146, 1, 21
2, 70708, 25855316, 26110202
147, 1, 21
1, 30282, 26511436, 26766280
148, 1, 21
4, 40376, 24839191, 25095376
149, 1, 21
2, 69266, 26110202, 26364825
150, 1, 21
1, 30282, 26766280, 27021742
151, 1, 21
4, 37492, 25095376, 25346055
152, 1, 21
2, 66382, 26364825, 26619868
153, 1, 21
1, 28840, 27021742, 27273158
154, 1, 21
4, 37492, 25346055, 25603407
155, 1, 21
2, 67824, 26619868, 26873171
156, 1, 21
1, 30282, 27273158, 27531552
157, 1, 21
4, 36050, 25603407, 25858640
158, 1, 21
2, 64940, 26873171, 27125698
159, 1, 21
1, 28840, 27531552, 27790201
160, 1, 21
4, 37492, 25858640, 26111709
161, 1, 21
2, 66382, 27125698, 27380504
162, 1, 21
1, 30282, 27790201, 28050090
163, 1, 21
4, 38934, 26111709, 26370202
164, 1, 21
2, 67824, 27380504, 27632647
165, 1, 21
1, 28840, 28050090, 28301536
166, 1, 21
4, 37492, 26370202, 26624049
167, 1, 21
2, 64940, 27632647, 27884611
168, 1, 21
1, 28840, 28301536, 28552311
169, 1, 21
4, 37492, 26624049, 26879930
170, 1, 21
2, 66382, 27884611, 28136358
171, 1, 21
1, 30282, 28552311, 28813622
172, 1, 21
4, 37492, 26879930, 27140419
173, 1, 21
2, 64940, 28136358, 28387426
174, 1, 21
1, 30282, 28813622, 29071038
175, 1, 21
4, 36050, 27140419, 27402173
176, 1, 21
3, 20188, 21933254, 28001030
177, 1, 21
2, 73617, 28387426, 28641872
178, 1, 21
1, 30282, 29071038, 29330394
179, 1, 21
4, 34608, 27402173, 27660867
180, 1, 21
3, 36050, 28001030, 28264774
181, 1, 21
2, 92363, 28641872, 28893260
182, 1, 21
1, 25956, 29330394, 29593149
183, 1, 21
4, 30282, 27660867, 27916633
184, 1, 21
3, 27398, 28264774, 28517691
185, 1, 21
2, 86595, 28893260, 29145206
186, 1, 21
1, 25956, 29593149, 29851656
187, 1, 21
4, 38934, 27916633, 28173056
188, 1, 21
3, 38934, 28517691, 28770194
189, 1, 21
2, 102457, 29145206, 29396520
190, 1, 21
1, 27398, 29851656, 30111992
191, 1, 21
4, 34608, 28173056, 28431067
192, 1, 21
3, 33166, 28770194, 29023271
193, 1, 21
2, 95247, 29396520, 29650789
194, 1, 21
1, 25956, 30111992, 30368700
195, 1, 21
4, 37492, 28431067, 28683873
196, 1, 21
3, 38934, 29023271, 29274041
197, 1, 21
2, 99573, 29650789, 29901816
198, 1, 21
1, 28840, 30368700, 30623342
199, 1, 21
4, 37492, 28683873, 28936183
200, 1, 21
3, 37492, 29274041, 29532790
201, 1, 21
2, 102457, 29901816, 30153096
202, 1, 21
1, 28840, 30623342, 30875738
203, 1, 21
4, 36050, 28936183, 29187338
204, 1, 21
3, 36050, 29532790, 29782796
205, 1, 21
2, 101015, 30153096, 30405655
206, 1, 21
1, 28840, 30875738, 31135541
207, 1, 21
4, 36050, 29187338, 29445369
208, 1, 21
3, 36050, 29782796, 30041031
209, 1, 21
2, 95247, 30405655, 30657553
210, 1, 21
1, 28840, 31135541, 31387224
211, 1, 21
3, 37492, 30041031, 30292634
212, 1, 21
2, 67824, 30657553, 30915918
213, 1, 21
1, 28840, 31387224, 31638753
214, 1, 21
3, 37492, 30292634, 30547097
215, 1, 21
2, 66382, 30915918, 31166806
216, 1, 21
1, 30282, 31638753, 31893924
217, 1, 21
3, 37492, 30547097, 30805433
218, 1, 21
2, 66382, 31166806, 31418918
219, 1, 21
1, 30282, 31893924, 32152836
220, 1, 21
3, 38934, 30805433, 31064303
221, 1, 21
2, 66382, 31418918, 31669383
222, 1, 21
1, 28840, 32152836, 32403133
223, 1, 21
3, 36050, 31064303, 31315432
224, 1, 21
2, 67824, 31669383, 31925586
225, 1, 21
1, 28840, 32403133, 32657187
226, 1, 21
3, 38934, 31315432, 31566311
227, 1, 21
2, 66382, 31925586, 32179167
228, 1, 21
1, 28840, 32657187, 32907231
229, 1, 21
3, 36050, 31566311, 31822004
230, 1, 21
2, 66382, 32179167, 32435521
231, 1, 21
1, 30282, 32907231, 33166889
232, 1, 21
3, 38934, 31822004, 32076907
233, 1, 21
2, 69266, 32435521, 32686141
234, 1, 21
1, 30282, 33166889, 33419291
235, 1, 21
3, 33166, 32076907, 32334991
236, 1, 21
2, 59172, 32686141, 32938054
237, 1, 21
1, 28840, 33419291, 33680799
238, 1, 21
3, 33166, 32334991, 32591676
239, 1, 21
2, 60614, 32938054, 33193967
240, 1, 21
1, 27398, 33680799, 33941481
241, 1, 21
3, 20188, 32591676, 32853257
242, 1, 21
2, 44752, 33193967, 33449299
243, 1, 21
1, 17304, 33941481, 34215329
244, 1, 21
2, 15887, 33449299, 33701142
245, 1, 21
1, 5768, 34215329, 34474392
246, 1, 21
2, 8677, 33701142, 33955204
247, 1, 21
1, 18746, 34474392, 34732074
248, 1, 21
2, 18771, 33955204, 34221345
249, 1, 21
1, 12978, 34732074, 34982784
250, 1, 21
2, 14445, 34221345, 34483358
251, 1, 21
1, 21630, 34982784, 35236444
252, 1, 21
2, 23097, 34483358, 34798874
253, 1, 21
1, 14420, 35236444, 35488179
254, 1, 21
2, 18771, 34798874, 35049654
255, 1, 21
1, 18746, 35488179, 35749173
256, 1, 21
2, 15887, 35049654, 35300778
257, 1, 21
1, 23072, 35749173, 35999377
258, 1, 21
3, 5768, 32853257, 34950443
259, 1, 21
2, 38984, 35300778, 35552132
260, 1, 21
1, 30282, 35999377, 36255583
261, 1, 21
3, 83636, 34950443, 35204017
262, 1, 21
2, 112526, 35552132, 35803877
263, 1, 21
1, 28840, 36255583, 36513254
264, 1, 21
2, 99523, 35803877, 36055155
265, 1, 21
3, 80752, 35204017, 35507291
266, 1, 21
1, 30282, 36513254, 36837782
267, 1, 21
2, 80802, 36055155, 36307007
268, 1, 21
3, 67774, 35507291, 35760297
269, 1, 21
1, 25956, 36837782, 37094519
270, 1, 21
2, 60614, 36307007, 36576550
271, 1, 21
3, 28840, 35760297, 36018123
272, 1, 21
1, 12978, 37094519, 37348457
273, 1, 21
2, 92338, 36576550, 36827913
274, 1, 21
3, 80752, 36018123, 36268159
275, 1, 21
1, 28840, 37348457, 37604587
276, 1, 21
2, 119736, 36827913, 37079844
277, 1, 21
3, 90846, 36268159, 36521860
278, 1, 21
1, 30282, 37604587, 37861092
279, 1, 21
2, 115410, 37079844, 37330731
280, 1, 21
3, 86520, 36521860, 36776339
281, 1, 21
1, 28840, 37861092, 38112532
282, 1, 21
2, 109642, 37330731, 37582413
283, 1, 21
3, 80752, 36776339, 37027160
284, 1, 21
1, 28840, 38112532, 38372897
285, 1, 21
2, 102432, 37582413, 37832478
286, 1, 21
3, 74984, 37027160, 37279784
287, 1, 21
1, 27398, 38372897, 38624518
288, 1, 21
2, 103874, 37832478, 38083967
289, 1, 21
3, 70658, 37279784, 37530333
290, 1, 21
1, 27398, 38624518, 38880075
291, 1, 21
2, 99548, 38083967, 38334462
292, 1, 21
3, 77868, 37530333, 37780823
293, 1, 21
1, 30282, 38880075, 39142121
294, 1, 21
2, 93780, 38334462, 38588069
295, 1, 21
1, 28840, 39142121, 39395835
296, 1, 21
2, 28865, 38588069, 38845324
297, 1, 21
1, 25956, 39395835, 39660754
298, 1, 21
2, 25981, 38845324, 39110868
299, 1, 21
1, 23072, 39660754, 39911027
300, 1, 21
2, 24539, 39110868, 39369794
301, 1, 21
1, 21630, 39911027, 40169849
302, 1, 21
2, 20213, 39369794, 39630437
303, 1, 21
1, 24514, 40169849, 40420881
304, 1, 21
2, 27423, 39630437, 39890502
305, 1, 21
1, 30282, 40420881, 40681314
306, 1, 21
2, 30307, 39890502, 40151482
307, 1, 21
1, 30282, 40681314, 40938247
308, 1, 21
2, 30307, 40151482, 40408234
309, 1, 21
1, 28840, 40938247, 41203612
310, 1, 21
2, 27423, 40408234, 40676601
311, 1, 21
3, 59122, 37780823, 40184126
312, 1, 21
2, 76451, 40676601, 40927503
313, 1, 21
1, 21630, 41203612, 41500298
314, 1, 21
3, 77868, 40184126, 40497633
315, 1, 21
2, 77918, 40927503, 41180689
316, 1, 21
1, 28840, 41500298, 41828600
317, 1, 21
3, 74984, 40497633, 40750845
318, 1, 21
2, 100990, 41180689, 41433685
319, 1, 21
1, 28840, 41828600, 42080796
320, 1, 21
3, 82194, 40750845, 41001260
321, 1, 21
2, 113968, 41433685, 41690142
322, 1, 21
1, 30282, 42080796, 42335492
323, 1, 21
3, 80752, 41001260, 41251449
324, 1, 21
2, 112526, 41690142, 41944505
325, 1, 21
1, 30282, 42335492, 42597530
326, 1, 21
3, 82194, 41251449, 41503676
327, 1, 21
2, 111084, 41944505, 42194758
328, 1, 21
1, 30282, 42597530, 42856036
329, 1, 21
3, 73542, 41503676, 41781073
330, 1, 21
2, 92338, 42194758, 42448215
331, 1, 21
1, 24514, 42856036, 43107568
332, 1, 21
3, 74984, 41781073, 42033837
333, 1, 21
2, 100990, 42448215, 42700334
334, 1, 21
1, 28840, 43107568, 43364953
335, 1, 21
3, 79310, 42033837, 42287005
336, 1, 21
2, 108200, 42700334, 42950815
337, 1, 21
1, 28840, 43364953, 43615589
338, 1, 21
3, 85078, 42287005, 42541181
339, 1, 21
2, 111084, 42950815, 43202353
340, 1, 21
1, 30282, 43615589, 43874348
341, 1, 21
3, 82194, 42541181, 42794616
342, 1, 21
2, 106758, 43202353, 43454234
343, 1, 21
1, 27398, 43874348, 44125490
344, 1, 21
3, 67774, 42794616, 43046528
345, 1, 21
2, 102432, 43454234, 43708159
346, 1, 21
1, 25956, 44125490, 44378234
347, 1, 21
2, 53379, 43708159, 43972629
348, 1, 21
1, 27398, 44378234, 44635799
349, 1, 21
2, 23097, 43972629, 44232947
350, 1, 21
1, 20188, 44635799, 44891154
351, 1, 21
2, 25981, 44232947, 44494393
352, 1, 21
1, 28840, 44891154, 45153670
353, 1, 21
2, 23097, 44494393, 44745048
354, 1, 21
1, 21630, 45153670, 45454953
355, 1, 21
2, 20213, 44745048, 45006597
356, 1, 21
1, 20188, 45454953, 45706273
357, 1, 21
2, 20213, 45006597, 45259009
358, 1, 21
1, 23072, 45706273, 45978237
359, 1, 21
2, 15887, 45259009, 45511340
360, 1, 21
1, 17304, 45978237, 46237713
361, 1, 21
2, 21655, 45511340, 45772083
362, 1, 21
1, 18746, 46237713, 46493785
363, 1, 21
2, 21655, 45772083, 46030216
364, 1, 21
1, 28840, 46493785, 46749991
365, 1, 21
2, 28865, 46030216, 46280758
366, 1, 21
1, 28840, 46749991, 47000266
367, 1, 21
2, 28865, 46280758, 46542321
368, 1, 21
1, 28840, 47000266, 47256948
369, 1, 21
2, 30307, 46542321, 46800176
370, 1, 21
1, 30282, 47256948, 47517081
371, 1, 21
2, 30307, 46800176, 47059990
372, 1, 21
1, 30282, 47517081, 47776455
373, 1, 21
2, 28865, 47059990, 47311130
374, 1, 21
1, 30282, 47776455, 48035612
375, 1, 21
2, 30307, 47311130, 47564619
376, 1, 21
1, 30282, 48035612, 48287976
377, 1, 21
2, 30307, 47564619, 47816883
378, 1, 21
1, 30282, 48287976, 48547521
379, 1, 21
2, 27423, 47816883, 48072432
380, 1, 21
1, 24514, 48547521, 48799967
381, 1, 21
2, 23097, 48072432, 48328101
382, 1, 21
1, 23072, 48799967, 49052684
383, 1, 21
2, 24539, 48328101, 48587181
384, 1, 21
1, 18746, 49052684, 49331145
385, 1, 21
2, 14445, 48587181, 48837399
386, 1, 21
1, 24514, 49331145, 49584655
387, 1, 21
2, 27423, 48837399, 49093826
388, 1, 21
1, 24514, 49584655, 49849772
389, 1, 21
2, 24539, 49093826, 49364938
390, 1, 21
1, 21630, 49849772, 50117743
391, 1, 21
2, 20213, 49364938, 49658982
392, 1, 21
1, 15862, 50117743, 50371201
393, 1, 21
2, 17329, 49658982, 49911010
394, 1, 21
1, 21630, 50371201, 50632068
395, 1, 21
2, 24539, 49911010, 50164819
396, 1, 21
1, 23072, 50632068, 50913636
397, 1, 21
2, 17329, 50164819, 50421882
398, 1, 21
1, 23072, 50913636, 51173598
399, 1, 21
2, 23097, 50421882, 50681565
400, 1, 21
1, 24514, 51173598, 51432471
401, 1, 21
2, 28865, 50681565, 50938186
402, 1, 21
1, 30282, 51432471, 51689949
403, 1, 21
2, 30307, 50938186, 51195265
404, 1, 21
1, 30282, 51689949, 51945065
405, 1, 21
2, 30307, 51195265, 51455016
406, 1, 21
1, 30282, 51945065, 52199296
407, 1, 21
2, 31749, 51455016, 51716277
408, 1, 21
1, 30282, 52199296, 52453661
409, 1, 21
2, 30307, 51716277, 51972678
410, 1, 21
1, 30282, 52453661, 52712166
411, 1, 21
2, 30307, 51972678, 52233617
412, 1, 21
1, 30282, 52712166, 52970907
413, 1, 21
2, 30307, 52233617, 52489550
414, 1, 21
1, 30282, 52970907, 53227150
415, 1, 21
2, 30307, 52489550, 52744873
416, 1, 21
1, 30282, 53227150, 53481604
417, 1, 21
2, 30307, 52744873, 53006153
418, 1, 21
1, 28840, 53481604, 53734823
419, 1, 21
2, 30307, 53006153, 53266992
420, 1, 21
1, 30282, 53734823, 53992805
421, 1, 21
2, 30307, 53266992, 53523807
422, 1, 21
3, 57680, 43046528, 52954144
423, 1, 21
1, 30282, 53992805, 54253431
424, 1, 21
2, 112526, 53523807, 53774947
425, 1, 21
3, 85078, 52954144, 53206835
426, 1, 21
1, 30282, 54253431, 54510315
427, 1, 21
2, 111084, 53774947, 54028704
428, 1, 21
3, 82194, 53206835, 53460406
429, 1, 21
1, 30282, 54510315, 54770410
430, 1, 21
2, 113968, 54028704, 54279388
431, 1, 21
3, 85078, 53460406, 53713514
432, 1, 21
1, 30282, 54770410, 55025860
433, 1, 21
2, 122620, 54279388, 54531711
434, 1, 21
3, 93730, 53713514, 53966530
435, 1, 21
1, 30282, 55025860, 55279568
436, 1, 21
2, 124062, 54531711, 54783823
437, 1, 21
3, 93730, 53966530, 54220458
438, 1, 21
1, 30282, 55279568, 55535471
439, 1, 21
2, 122620, 54783823, 55037399
440, 1, 21
3, 92288, 54220458, 54472123
441, 1, 21
1, 30282, 55535471, 55788993
442, 1, 21
2, 112526, 55037399, 55289155
443, 1, 21
3, 82194, 54472123, 54723803
444, 1, 21
1, 30282, 55788993, 56047208
445, 1, 21
2, 118294, 55289155, 55539449
446, 1, 21
3, 89404, 54723803, 54973856
447, 1, 21
1, 30282, 56047208, 56308949
448, 1, 21
2, 113968, 55539449, 55790054
449, 1, 21
3, 85078, 54973856, 55226149
450, 1, 21
1, 28840, 56308949, 56567460
451, 1, 21
2, 116852, 55790054, 56042900
452, 1, 21
3, 89404, 55226149, 55477385
453, 1, 21
1, 30282, 56567460, 56819248
454, 1, 21
2, 116852, 56042900, 56293959
455, 1, 21
3, 86520, 55477385, 55728584
456, 1, 21
1, 30282, 56819248, 57073439
457, 1, 21
2, 113968, 56293959, 56545237
458, 1, 21
3, 85078, 55728584, 55981306
459, 1, 21
1, 30282, 57073439, 57326682
460, 1, 21
2, 113968, 56545237, 56796294
461, 1, 21
3, 83636, 55981306, 56231522
462, 1, 21
1, 30282, 57326682, 57584442
463, 1, 21
2, 116852, 56796294, 57047237
464, 1, 21
3, 86520, 56231522, 56482043
465, 1, 21
1, 30282, 57584442, 57839218
466, 1, 21
2, 113968, 57047237, 57297944
467, 1, 21
3, 83636, 56482043, 56733589
468, 1, 21
1, 30282, 57839218, 58094843
469, 1, 21
2, 112526, 57297944, 57550031
470, 1, 21
3, 83636, 56733589, 56985739
471, 1, 21
1, 30282, 58094843, 58355401
472, 1, 21
2, 106758, 57550031, 57800365
473, 1, 21
3, 79310, 56985739, 57242806
474, 1, 21
1, 30282, 58355401, 58612298
475, 1, 21
2, 116852, 57800365, 58053073
476, 1, 21
3, 87962, 57242806, 57495647
477, 1, 21
1, 30282, 58612298, 58863221
478, 1, 21
2, 119736, 58053073, 58304310
479, 1, 21
3, 89404, 57495647, 57747024
480, 1, 21
1, 30282, 58863221, 59117485
481, 1, 21
2, 118294, 58304310, 58557135
482, 2, 21
2, 30282, 58557135, 58810225
1, 28840, 59117485, 59376741
483, 2, 21
2, 28840, 58810225, 59071199
1, 28840, 59376741, 59637784
484, 2, 21
2, 28840, 59071199, 59331995
1, 28840, 59637784, 59898622
485, 2, 21
2, 27398, 59331995, 59586258
1, 27398, 59898622, 60153010
486, 2, 21
2, 28840, 59586258, 59848323
1, 28840, 60153010, 60415035
487, 2, 21
2, 28840, 59848323, 60105151
1, 28840, 60415035, 60671747
488, 2, 21
2, 28840, 60105151, 60365792
1, 28840, 60671747, 60932439
489, 2, 21
2, 28840, 60365792, 60618450
1, 28840, 60932439, 61185132
490, 2, 21
2, 28840, 60618450, 60871147
1, 28840, 61185132, 61437783
491, 2, 21
2, 28840, 60871147, 61122032
1, 28840, 61437783, 61688689
492, 2, 21
2, 28840, 61122032, 61375853
1, 28840, 61688689, 61942374
493, 2, 21
2, 30282, 61375853, 61633700
1, 30282, 61942374, 62200418
494, 2, 21
2, 28840, 61633700, 61883770
1, 28840, 62200418, 62450484
495, 2, 21
2, 28840, 61883770, 62141238
1, 28840, 62450484, 62707839
496, 2, 21
2, 25956, 62141238, 62394235
1, 25956, 62707839, 62960982
497, 2, 21
2, 27398, 62394235, 62650957
1, 27398, 62960982, 63217654
498, 2, 21
2, 27398, 62650957, 62913327
1, 27398, 63217654, 63480085
499, 2, 21
2, 27398, 62913327, 63174367
1, 27398, 63480085, 63741111
500, 2, 21
2, 27398, 63174367, 63431459
1, 27398, 63741111, 63998139
501, 2, 21
2, 27398, 63431459, 63691726
1, 27398, 63998139, 64258262
502, 2, 21
2, 28840, 63691726, 63952946
1, 28840, 64258262, 64519669
503, 2, 21
2, 27398, 63952946, 64206469
1, 27398, 64519669, 64773090
504, 2, 21
2, 27398, 64206469, 64458523
1, 27398, 64773090, 65024609
505, 2, 21
2, 28840, 64458523, 64715190
1, 28840, 65024609, 65281770
506, 2, 21
2, 28840, 64715190, 64970776
1, 28840, 65281770, 65537446
507, 1, 21
2, 27398, 64970776, 65220935
508, 1, 21
1, 28840, 65537446, 65799233
509, 1, 21
2, 28865, 65220935, 65475449
510, 1, 21
1, 28840, 65799233, 66057450
511, 1, 21
2, 28865, 65475449, 65736303
512, 1, 21
1, 28840, 66057450, 66315355
