0, 2, 21
2, 102382, 5566629, 6577448
1, 102382, 6124239, 7134674
1, 2, 21
2, 111034, 6577448, 7577943
1, 111034, 7134674, 8135288
2, 2, 21
2, 112476, 7577943, 8590987
1, 112476, 8135288, 9147857
3, 2, 21
2, 109592, 8590987, 15691743
1, 109592, 9147857, 16248785
4, 2, 21
2, 113918, 15691743, 16700855
1, 113918, 16248785, 17258233
5, 1, 21
2, 141316, 16700855, 17701321
6, 1, 21
1, 112476, 17258233, 18267914
7, 1, 21
3, 141316, 16950691, 17955237
8, 1, 21
2, 239422, 17701321, 18715096
9, 1, 21
1, 129780, 18267914, 19518052
10, 1, 21
3, 138432, 17955237, 18960901
11, 1, 21
2, 282682, 18715096, 19718197
12, 1, 21
1, 112476, 19518052, 20529237
13, 1, 21
3, 149968, 18960901, 19967156
14, 1, 21
4, 152852, 18424238, 19428793
15, 1, 21
2, 409603, 19718197, 20720789
16, 1, 21
1, 109592, 20529237, 21537473
17, 1, 21
3, 115360, 19967156, 20971155
18, 1, 21
4, 115360, 19428793, 20477692
19, 1, 21
2, 312989, 20720789, 21725212
20, 1, 21
1, 90846, 21537473, 22538275
21, 1, 21
3, 138432, 20971155, 21975093
22, 1, 21
4, 149968, 20477692, 21477860
23, 1, 21
2, 373553, 21725212, 22726996
24, 1, 21
1, 109592, 22538275, 23553175
25, 1, 21
4, 116802, 21477860, 22480446
26, 1, 21
2, 206256, 22726996, 23735212
27, 1, 21
1, 83636, 23553175, 24555643
28, 1, 21
4, 126896, 22480446, 23483660
29, 1, 21
2, 226444, 23735212, 24746109
30, 1, 21
1, 134106, 24555643, 25816873
31, 1, 21
4, 147084, 23483660, 24488876
32, 1, 21
2, 265378, 24746109, 25752513
33, 1, 21
1, 118244, 25816873, 26826511
34, 1, 21
4, 152852, 24488876, 25490859
35, 1, 21
2, 334594, 25752513, 27003239
36, 1, 21
1, 145642, 26826511, 28085642
37, 1, 21
4, 141316, 25490859, 26498756
38, 1, 21
3, 4326, 21975093, 27933266
39, 1, 21
2, 411045, 27003239, 28569841
40, 1, 21
4, 139874, 26498756, 27504016
41, 1, 21
1, 220626, 28085642, 30044970
42, 1, 21
3, 128338, 27933266, 28936213
43, 1, 21
2, 367785, 28569841, 29575318
44, 1, 21
4, 170156, 27504016, 28754750
45, 1, 21
3, 142758, 28936213, 29938381
46, 1, 21
1, 109592, 30044970, 31056730
47, 1, 21
2, 396625, 29575318, 30577111
48, 1, 21
3, 148526, 29938381, 30944043
49, 1, 21
1, 142758, 31056730, 32313059
50, 1, 21
2, 333152, 30577111, 31779238
51, 1, 21
3, 184576, 30944043, 32201970
52, 1, 21
2, 323033, 31779238, 33030403
53, 1, 21
1, 210532, 32313059, 34311679
54, 1, 21
2, 113943, 33030403, 34045233
55, 1, 21
1, 62006, 34311679, 35322506
56, 1, 21
2, 67799, 34045233, 35057397
57, 1, 21
3, 73542, 32201970, 34935856
58, 1, 21
1, 85078, 35322506, 36323881
59, 1, 21
2, 268262, 35057397, 36058525
60, 1, 21
3, 250908, 34935856, 35936975
61, 1, 21
1, 92288, 36323881, 37332565
62, 1, 21
2, 351898, 36058525, 37061309
63, 1, 21
3, 321566, 35936975, 36939486
64, 1, 21
1, 126896, 37332565, 38519978
65, 1, 21
2, 416788, 37061309, 38063178
66, 1, 21
3, 292726, 36939486, 37939494
67, 1, 21
2, 253817, 38063178, 39072416
68, 1, 21
1, 135548, 38519978, 39772647
69, 1, 21
2, 96639, 39072416, 40079144
70, 1, 21
1, 98056, 39772647, 40773132
71, 1, 21
3, 17304, 37939494, 40208015
72, 1, 21
2, 180300, 40079144, 41081894
73, 1, 21
1, 100940, 40773132, 41776451
74, 1, 21
3, 292726, 40208015, 41209446
75, 1, 21
2, 426882, 41081894, 42085189
76, 1, 21
1, 134106, 41776451, 43036728
77, 1, 21
3, 383572, 41209446, 42459667
78, 1, 21
2, 516286, 42085189, 43338076
79, 1, 21
2, 239372, 43338076, 44343164
80, 1, 21
1, 203322, 43036728, 45022390
81, 1, 21
2, 87987, 44343164, 45354960
82, 1, 21
1, 87962, 45022390, 46029014
83, 1, 21
1, 87962, 46029014, 47032202
84, 1, 21
2, 113968, 45354960, 46614359
85, 1, 21
1, 115360, 47032202, 48038560
86, 1, 21
2, 116827, 46614359, 47625987
87, 1, 21
1, 134106, 48038560, 49301411
88, 1, 21
2, 126921, 47625987, 48902670
89, 1, 21
1, 85078, 49301411, 50314691
90, 1, 21
2, 82219, 48902670, 49903504
91, 1, 21
1, 102382, 50314691, 51565840
92, 1, 21
2, 149993, 49903504, 51472070
93, 1, 21
1, 128338, 51565840, 52647308
94, 1, 21
1, 147084, 52647308, 53903594
95, 1, 21
3, 242256, 42459667, 52986259
96, 1, 21
2, 408161, 51472070, 53914579
97, 1, 21
3, 340312, 52986259, 53987530
98, 2, 21
2, 473001, 53914579, 54915180
1, 184576, 53903594, 55472240
99, 1, 21
3, 441252, 53987530, 55237643
100, 1, 21
2, 464349, 54915180, 55918467
101, 1, 21
2, 461440, 55918467, 56919465
102, 1, 21
3, 534982, 55237643, 56800500
103, 1, 21
1, 354732, 55472240, 58524284
104, 1, 21
2, 527822, 56919465, 58106186
105, 1, 21
2, 281190, 58106186, 59121822
106, 1, 21
2, 111034, 59121822, 60127707
107, 1, 21
2, 142758, 60127707, 61386676
108, 1, 21
2, 174482, 61386676, 62957148
109, 1, 21
2, 333102, 62957148, 66020717
