0, 2, 21
2, 72100, 5503061, 6248573
1, 72104, 6073582, 6818990
1, 2, 21
2, 144200, 6248573, 7540941
1, 144204, 6818990, 8111461
2, 2, 21
2, 144200, 7540941, 8828105
1, 144204, 8111461, 9398130
3, 2, 21
2, 217742, 8828105, 16889804
1, 217746, 9398130, 17459857
4, 2, 21
2, 80752, 16889804, 17546335
1, 72104, 17459857, 18116784
5, 2, 21
2, 80752, 17546335, 17857288
1, 36054, 18116784, 18427735
6, 2, 21
2, 43260, 17857288, 18018389
1, 18750, 18427735, 18588244
7, 2, 21
2, 21630, 18018389, 18106985
1, 10098, 18588244, 18676924
8, 2, 21
2, 333102, 18106985, 19508543
1, 144204, 18676924, 20079032
9, 2, 21
2, 269654, 19508543, 20173471
1, 72104, 20079032, 20743931
10, 2, 21
2, 135548, 20173471, 20494803
1, 36054, 20743931, 21065231
11, 2, 21
2, 70658, 20494803, 20663440
1, 18750, 21065231, 21233911
12, 2, 21
2, 497490, 20663440, 22111548
1, 144204, 21233911, 22682006
13, 2, 21
2, 222068, 22111548, 22756313
1, 72104, 22682006, 23326693
14, 2, 21
2, 92288, 22756313, 23199525
1, 36054, 23326693, 23769001
15, 2, 21
2, 41818, 23199525, 23371612
1, 18750, 23769001, 23941558
16, 2, 21
2, 17304, 23371612, 23467225
1, 10098, 23941558, 24037220
17, 2, 21
2, 335986, 23467225, 24954168
1, 144204, 24037220, 25524109
18, 2, 21
2, 333102, 24954168, 26198085
1, 144204, 25524109, 26767716
19, 2, 21
2, 164388, 26198085, 26820124
1, 72104, 26767716, 27390237
20, 2, 21
2, 327334, 26820124, 28064195
1, 144204, 27390237, 28634306
21, 2, 21
2, 449904, 28064195, 29371621
1, 144204, 28634306, 29941165
22, 2, 21
2, 256676, 29371621, 30009573
1, 72104, 29941165, 30579679
23, 2, 21
2, 121128, 30009573, 30318251
1, 36054, 30579679, 30887585
24, 2, 21
2, 354732, 30318251, 31534125
1, 144204, 30887585, 32104252
25, 2, 21
2, 162946, 31534125, 32145695
1, 72104, 32104252, 32715830
26, 2, 21
2, 80752, 32145695, 32451255
1, 36054, 32715830, 33021420
27, 2, 21
2, 245140, 32451255, 34310733
1, 144204, 33021420, 34880944
28, 2, 21
2, 72100, 34310733, 35259278
1, 72104, 34880944, 35829224
29, 2, 21
2, 96614, 35259278, 35566239
1, 36054, 35829224, 36135777
30, 2, 21
2, 79310, 35566239, 35735675
1, 18750, 36135777, 36305781
31, 2, 21
2, 41818, 35735675, 35821044
1, 10098, 36305781, 36391136
32, 2, 21
2, 17304, 35821044, 35869333
1, 5772, 36391136, 36439427
33, 2, 21
2, 547960, 35869333, 37353783
1, 144204, 36439427, 37923830
34, 2, 21
2, 263886, 37353783, 38005513
1, 72104, 37923830, 38575227
35, 2, 21
2, 139874, 38005513, 38332185
1, 36054, 38575227, 38902314
36, 2, 21
2, 162946, 38332185, 39781504
1, 144204, 38902314, 40351650
37, 2, 21
2, 72100, 39781504, 40402587
1, 72104, 40351650, 40972705
38, 2, 21
2, 520562, 40402587, 41847514
1, 144204, 40972705, 42415940
39, 2, 21
2, 262444, 41847514, 42515434
1, 72104, 42415940, 43084412
40, 2, 21
2, 136990, 42515434, 42827256
1, 36054, 43084412, 43396796
41, 2, 21
2, 73542, 42827256, 42987523
1, 18750, 43396796, 43557479
42, 2, 21
2, 340312, 42987523, 44386167
1, 144204, 43557479, 44956123
43, 2, 21
2, 72100, 44386167, 45336710
1, 72104, 44956123, 45906956
44, 2, 21
2, 36050, 45336710, 45788766
1, 36054, 45906956, 46358944
45, 2, 21
2, 144200, 45788766, 47048318
1, 144204, 46358944, 47618502
46, 2, 21
2, 72100, 47048318, 47650937
1, 72104, 47618502, 48221142
47, 2, 21
2, 144200, 47650937, 49239464
1, 144204, 48221142, 49809475
48, 2, 21
2, 144200, 49239464, 50903183
1, 144204, 49809475, 51473417
49, 2, 21
2, 144200, 50903183, 52123321
1, 144204, 51473417, 52692461
50, 2, 21
2, 72100, 52123321, 52733959
1, 72104, 52692461, 53302593
51, 2, 21
2, 341754, 52733959, 53970823
1, 144204, 53302593, 54541075
52, 2, 21
2, 294168, 53970823, 54575593
1, 72104, 54541075, 55145622
53, 2, 21
2, 149968, 54575593, 54882759
1, 36054, 55145622, 55452636
54, 2, 21
2, 569590, 54882759, 56115404
1, 144204, 55452636, 56685383
55, 2, 21
2, 556612, 56115404, 57326644
1, 144204, 56685383, 57896703
56, 2, 21
2, 501816, 57326644, 58551878
1, 144204, 57896703, 59121859
57, 2, 21
2, 144200, 58551878, 59858811
1, 144204, 59121859, 60428965
58, 2, 21
2, 72100, 59858811, 60502081
1, 72104, 60428965, 61072402
59, 2, 21
2, 144200, 60502081, 61754111
1, 144204, 61072402, 62324222
60, 2, 21
2, 144200, 61754111, 63115670
1, 144204, 62324222, 63685930
61, 2, 21
2, 144200, 63115670, 64445171
1, 144204, 63685930, 65015540
