0, 2, 21
2, 102382, 5500383, 6510511
1, 102382, 6062294, 7072182
1, 2, 21
2, 111034, 6510511, 7510842
1, 111034, 7072182, 8072506
2, 2, 21
2, 112476, 7510842, 8523276
1, 112476, 8072506, 9085033
3, 2, 21
2, 109592, 8523276, 15624353
1, 109592, 9085033, 16185957
4, 2, 21
2, 113918, 15624353, 16636025
1, 113918, 16185957, 17197348
5, 2, 21
2, 132664, 16636025, 17636162
1, 111034, 17197348, 18197758
6, 1, 21
3, 142758, 16944191, 18013066
7, 2, 21
2, 239397, 17636162, 18637122
1, 112476, 18197758, 19198722
8, 1, 21
3, 147084, 18013066, 19014565
9, 1, 21
2, 272563, 18637122, 19637917
10, 1, 21
1, 100940, 19198722, 20206679
11, 1, 21
4, 154294, 18416822, 19419103
12, 1, 21
3, 148526, 19014565, 20014860
13, 1, 21
2, 411045, 19637917, 20638909
14, 1, 21
1, 111034, 20206679, 21212721
15, 1, 21
4, 113918, 19419103, 20453472
16, 1, 21
3, 111034, 20014860, 21026663
17, 1, 21
2, 315873, 20638909, 21640081
18, 1, 21
1, 98056, 21212721, 22223314
19, 1, 21
4, 149968, 20453472, 21457038
20, 1, 21
2, 386506, 21640081, 22642359
21, 1, 21
1, 109592, 22223314, 23230934
22, 1, 21
4, 118244, 21457038, 22464939
23, 1, 21
2, 203372, 22642359, 23648941
24, 1, 21
1, 89404, 23230934, 24247472
25, 1, 21
4, 128338, 22464939, 23470121
26, 1, 21
2, 229328, 23648941, 24649192
27, 1, 21
1, 99498, 24247472, 25248624
28, 1, 21
4, 147084, 23470121, 24472520
29, 1, 21
2, 266820, 24649192, 25657774
30, 1, 21
1, 118244, 25248624, 26258822
31, 1, 21
4, 154294, 24472520, 25480423
32, 1, 21
2, 271146, 25657774, 26660407
33, 1, 21
1, 118244, 26258822, 27262156
34, 1, 21
4, 148526, 25480423, 26487433
35, 1, 21
2, 263936, 26660407, 27664406
36, 1, 21
1, 116802, 27262156, 28273784
37, 1, 21
3, 138432, 21026663, 27883221
38, 1, 21
4, 144200, 26487433, 27488199
39, 1, 21
2, 297127, 27664406, 28665339
40, 1, 21
1, 118244, 28273784, 29279248
41, 1, 21
3, 134106, 27883221, 28895654
42, 1, 21
4, 134106, 27488199, 28491384
43, 1, 21
2, 373553, 28665339, 29666437
44, 1, 21
1, 106708, 29279248, 30290287
45, 1, 21
3, 148526, 28895654, 29902237
46, 1, 21
2, 392274, 29666437, 30671534
47, 1, 21
1, 118244, 30290287, 31293615
48, 1, 21
3, 149968, 29902237, 30909834
49, 1, 21
2, 268262, 30671534, 31673430
50, 1, 21
1, 119686, 31293615, 32305257
51, 1, 21
3, 148526, 30909834, 31912619
52, 1, 21
2, 265378, 31673430, 32676400
53, 1, 21
1, 118244, 32305257, 33305623
54, 1, 21
2, 141341, 32676400, 33686421
55, 1, 21
1, 72100, 33305623, 34310535
56, 1, 21
2, 66357, 33686421, 34688911
57, 1, 21
1, 67774, 34310535, 35316327
58, 1, 21
3, 96614, 31912619, 34812287
59, 1, 21
2, 207698, 34688911, 35689826
60, 1, 21
1, 99498, 35316327, 36325088
61, 1, 21
3, 249466, 34812287, 35815149
62, 1, 21
2, 317290, 35689826, 36692995
63, 1, 21
1, 87962, 36325088, 37330478
64, 1, 21
3, 318682, 35815149, 36817653
65, 1, 21
2, 441302, 36692995, 37696129
66, 1, 21
1, 115360, 37330478, 38347641
67, 1, 21
3, 299936, 36817653, 37821147
68, 1, 21
2, 327384, 37696129, 38706490
69, 1, 21
1, 109592, 38347641, 39348702
70, 1, 21
2, 96639, 38706490, 39713430
71, 1, 21
1, 96614, 39348702, 40350266
72, 1, 21
3, 14420, 37821147, 40081901
73, 1, 21
2, 128388, 39713430, 40714293
74, 1, 21
1, 102382, 40350266, 41354016
75, 1, 21
3, 294168, 40081901, 41084053
76, 1, 21
2, 402368, 40714293, 41714569
77, 1, 21
1, 108150, 41354016, 42362775
78, 1, 21
3, 301378, 41084053, 42084816
79, 1, 21
2, 409578, 41714569, 42715516
80, 1, 21
1, 111034, 42362775, 43367748
81, 1, 21
3, 320124, 42084816, 43087971
82, 1, 21
2, 409578, 42715516, 43723019
83, 1, 21
1, 109592, 43367748, 44369866
84, 1, 21
2, 89429, 43723019, 44733941
85, 1, 21
1, 89404, 44369866, 45400212
86, 1, 21
2, 77893, 44733941, 45743774
87, 1, 21
1, 80752, 45400212, 46412207
88, 1, 21
2, 115385, 45743774, 46752460
89, 1, 21
1, 116802, 46412207, 47423830
90, 1, 21
2, 118269, 46752460, 47757811
91, 1, 21
1, 116802, 47423830, 48451705
92, 1, 21
2, 87987, 47757811, 48768147
93, 1, 21
1, 89404, 48451705, 49468501
94, 1, 21
2, 80777, 48768147, 49781350
95, 1, 21
1, 80752, 49468501, 50468719
96, 1, 21
2, 93755, 49781350, 50783450
97, 1, 21
1, 95172, 50468719, 51469932
98, 1, 21
2, 119711, 50783450, 51794432
99, 1, 21
1, 119686, 51469932, 52478239
100, 1, 21
2, 118269, 51794432, 52802135
101, 1, 21
1, 118244, 52478239, 53487649
102, 1, 21
3, 2884, 43087971, 52841768
103, 1, 21
2, 250958, 52802135, 53804139
104, 1, 21
1, 118244, 53487649, 54499239
105, 1, 21
3, 341754, 52841768, 53842361
106, 1, 21
2, 477352, 53804139, 54805839
107, 1, 21
1, 119686, 54499239, 55506088
108, 1, 21
3, 356174, 53842361, 54844194
109, 1, 21
2, 461490, 54805839, 55805915
110, 1, 21
1, 116802, 55506088, 56512108
111, 1, 21
3, 347522, 54844194, 55847328
112, 1, 21
2, 464374, 55805915, 56809995
113, 1, 21
1, 119686, 56512108, 57516447
114, 1, 21
3, 337428, 55847328, 56849620
115, 1, 21
2, 452838, 56809995, 57811905
116, 1, 21
1, 118244, 57516447, 58517470
117, 1, 21
3, 340312, 56849620, 57850385
118, 1, 21
2, 328826, 57811905, 58824174
119, 1, 21
1, 113918, 58517470, 59518249
120, 1, 21
2, 111059, 58824174, 59827723
121, 1, 21
1, 111034, 59518249, 60521395
122, 1, 21
2, 113943, 59827723, 60836969
123, 1, 21
1, 115360, 60521395, 61532509
124, 1, 21
2, 115385, 60836969, 61840791
125, 1, 21
1, 115360, 61532509, 62546461
126, 1, 21
2, 106733, 61840791, 62849706
127, 1, 21
1, 105266, 62546461, 63552541
128, 1, 21
2, 106733, 62849706, 63853807
129, 1, 21
1, 108150, 63552541, 64555346
130, 1, 21
2, 112501, 63853807, 64864406
131, 1, 21
1, 111034, 64555346, 65556611
