0, 2, 21
2, 752, 1443467, 4513978, 7950350
1, 752, 1442004, 5039140, 8468015
1, 2, 21
2, 752, 1440583, 7950350, 11435226
1, 752, 1442004, 8468015, 11956032
2, 2, 21
2, 752, 1442025, 11435226, 14777229
1, 752, 1442004, 11956032, 15302114
3, 2, 21
2, 752, 1442025, 14777229, 18188388
1, 752, 1442004, 15302114, 18713732
4, 2, 21
2, 752, 1442025, 18188388, 21340743
1, 752, 1442004, 18713732, 21865632
5, 2, 21
2, 752, 1442025, 21340743, 24722284
1, 752, 1442004, 21865632, 25247125
6, 2, 21
2, 752, 1442025, 24722284, 28158901
1, 752, 1442004, 25247125, 28683664
7, 2, 21
2, 752, 1442025, 28158901, 31525217
1, 752, 1442004, 28683664, 32050499
8, 2, 21
2, 752, 1442025, 31525217, 35029073
1, 752, 1442004, 32050499, 35553994
9, 2, 21
2, 752, 1444909, 35029073, 38189942
1, 752, 1442004, 35553994, 38705394
10, 2, 21
2, 752, 1439141, 38189942, 41558331
1, 752, 1442004, 38705394, 42082164
11, 2, 21
2, 752, 1442025, 41558331, 44987547
1, 752, 1442004, 42082164, 45512902
12, 2, 21
2, 752, 1442025, 44987547, 48411856
1, 752, 1442004, 45512902, 48937111
13, 2, 21
2, 752, 1442025, 48411856, 51815771
1, 752, 1442004, 48937111, 52341008
14, 2, 21
2, 752, 1442025, 51815771, 55127472
1, 752, 1442004, 52341008, 55652677
15, 2, 21
2, 752, 1442025, 55127472, 58595481
1, 752, 1442004, 55652677, 59120794
16, 2, 21
2, 752, 1442025, 58595481, 62084863
1, 752, 1442004, 59120794, 62605083
