0, 2, 21
2, 752, 1795315, 4540958, 8545857
1, 752, 1793848, 5066359, 9067937
1, 2, 21
2, 752, 1759265, 8545857, 12546113
1, 752, 1760682, 9067937, 13071072
2, 2, 21
2, 752, 1828481, 12546113, 16548048
1, 752, 1828456, 13071072, 17072708
3, 2, 21
2, 752, 1717447, 16548048, 20547773
1, 752, 1717422, 17072708, 21072954
4, 2, 21
2, 752, 1789547, 20547773, 24548716
1, 752, 1789522, 21072954, 25073837
5, 2, 21
2, 752, 1816945, 24548716, 28551274
1, 752, 1816920, 25073837, 29076359
6, 2, 21
2, 752, 1799641, 28551274, 32552015
1, 752, 1799616, 29076359, 33077316
7, 2, 21
2, 752, 1773685, 32552015, 36553207
1, 752, 1773660, 33077316, 37078312
8, 2, 21
2, 752, 1773685, 36553207, 40554859
1, 752, 1773660, 37078312, 41079242
9, 2, 21
2, 752, 1736193, 40554859, 44556814
1, 752, 1736168, 41079242, 45081836
10, 2, 21
2, 752, 1779453, 44556814, 48559994
1, 752, 1779428, 45081836, 49085296
11, 2, 21
2, 752, 1744845, 48559994, 52562169
1, 752, 1744820, 49085296, 53087315
12, 2, 21
2, 752, 1759265, 52562169, 56565078
1, 752, 1759240, 53087315, 57090236
13, 2, 21
2, 752, 1811177, 56565078, 60566420
1, 752, 1811152, 57090236, 61091478
