0, 2, 21
2, 213416, 4595355, 6602072
1, 213416, 5161260, 7171288
1, 2, 21
2, 222068, 6602072, 14715663
1, 222068, 7171288, 15284506
2, 1, 21
2, 248024, 14715663, 16723808
3, 1, 21
1, 338870, 15284506, 18364723
4, 1, 21
3, 278306, 16000865, 18004180
5, 1, 21
2, 513402, 16723808, 18723914
6, 1, 21
1, 403760, 18364723, 20371108
7, 1, 21
3, 265328, 18004180, 20009051
8, 1, 21
2, 725376, 18723914, 20724225
9, 1, 21
1, 464324, 20371108, 22373411
10, 1, 21
2, 591245, 20724225, 22730267
11, 1, 21
1, 434042, 22373411, 24378937
12, 1, 21
2, 494631, 22730267, 24733475
13, 1, 21
1, 536424, 24378937, 26379840
14, 1, 21
3, 144200, 20009051, 26955598
15, 1, 21
2, 829200, 24733475, 27765381
16, 1, 21
3, 259560, 26955598, 28962176
17, 1, 21
2, 748423, 27765381, 29772373
18, 1, 21
1, 1117550, 26379840, 31410453
19, 1, 21
3, 295610, 28962176, 30963000
20, 1, 21
2, 530706, 29772373, 31776964
21, 1, 21
1, 187460, 31410453, 33431657
22, 1, 21
2, 224977, 31776964, 33787124
23, 1, 21
3, 122570, 30963000, 34030813
24, 1, 21
1, 167272, 33431657, 35445051
25, 1, 21
2, 478794, 33787124, 35790658
26, 1, 21
3, 576800, 34030813, 36032189
27, 1, 21
1, 203322, 35445051, 37459620
28, 1, 21
2, 814780, 35790658, 37803307
29, 2, 21
2, 201880, 37803307, 39831923
3, 305704, 36032189, 39258355
30, 2, 21
2, 811846, 39831923, 41832238
3, 595546, 39258355, 41259744
31, 1, 21
2, 524888, 41832238, 43874121
32, 1, 21
1, 728210, 37459620, 44511155
33, 1, 21
2, 193253, 43874121, 45892717
34, 1, 21
1, 193228, 44511155, 46522890
35, 1, 21
1, 206206, 46522890, 48550422
36, 1, 21
1, 175924, 48550422, 50569073
37, 1, 21
1, 236488, 50569073, 52572957
38, 1, 21
3, 323008, 41259744, 52016454
39, 1, 21
2, 853789, 45892717, 52945765
40, 1, 21
3, 697928, 52016454, 54017401
41, 1, 21
2, 937325, 52945765, 54946938
42, 1, 21
2, 917112, 54946938, 56950546
43, 1, 21
2, 455672, 56950546, 58952207
44, 1, 21
1, 1149274, 52572957, 62584455
