0, 2, 21
2, 72100, 4603685, 5345887
1, 72104, 5149594, 5894796
1, 2, 21
2, 144200, 5345887, 6643257
1, 144204, 5894796, 7192212
2, 2, 21
2, 144200, 6643257, 7934320
1, 144204, 7192212, 8482937
3, 2, 21
2, 217742, 7934320, 15996297
1, 217746, 8482937, 16545273
4, 2, 21
2, 89404, 15996297, 16653574
1, 72104, 16545273, 17202224
5, 2, 21
2, 82194, 16653574, 16963383
1, 36054, 17202224, 17512377
6, 2, 21
2, 41818, 16963383, 17123748
1, 18750, 17512377, 17672680
7, 2, 21
2, 23072, 17123748, 17211442
1, 10098, 17672680, 17760405
8, 2, 21
2, 353290, 17211442, 18614837
1, 164392, 17760405, 19163125
9, 2, 21
2, 269654, 18614837, 19279154
1, 171602, 19163125, 19828099
10, 2, 21
2, 132664, 19279154, 19600171
1, 83640, 19828099, 20149159
11, 2, 21
2, 69216, 19600171, 19768521
1, 43264, 20149159, 20317510
12, 2, 21
2, 491722, 19768521, 21216030
1, 317244, 20317510, 21765053
13, 2, 21
2, 204764, 21216030, 21859316
1, 154298, 21765053, 22407343
14, 2, 21
2, 98056, 21859316, 22301399
1, 98060, 22407343, 22848433
15, 2, 21
2, 38934, 22301399, 22473131
1, 38938, 22848433, 23020945
16, 2, 21
2, 12978, 22473131, 22568208
1, 12982, 23020945, 23116584
17, 2, 21
2, 343196, 22568208, 24055817
1, 343200, 23116584, 24603041
18, 2, 21
2, 330218, 24055817, 25279963
1, 330222, 24603041, 25828560
19, 2, 21
2, 162946, 25279963, 25900306
1, 162950, 25828560, 26448800
20, 2, 21
2, 325892, 25900306, 27147157
1, 325896, 26448800, 27695748
21, 2, 21
2, 454230, 27147157, 28451077
1, 321570, 27695748, 28999341
22, 2, 21
2, 253792, 28451077, 29089391
1, 162950, 28999341, 29638010
23, 2, 21
2, 124012, 29089391, 29397254
1, 80756, 29638010, 29945949
24, 2, 21
2, 353290, 29397254, 30615345
1, 174486, 29945949, 31164171
25, 2, 21
2, 162946, 30615345, 31227220
1, 72104, 31164171, 31775980
26, 2, 21
2, 82194, 31227220, 31532847
1, 36054, 31775980, 32081552
27, 2, 21
2, 236488, 31532847, 33392257
1, 144204, 32081552, 33941104
28, 2, 21
2, 72100, 33392257, 34340653
1, 72104, 33941104, 34889415
29, 2, 21
2, 113918, 34340653, 34647364
1, 36054, 34889415, 35196043
30, 2, 21
2, 80752, 34647364, 34817465
1, 18750, 35196043, 35366135
31, 2, 21
2, 34608, 34817465, 34902889
1, 10098, 35366135, 35451533
32, 2, 21
2, 5768, 34902889, 34951124
1, 5772, 35451533, 35499790
33, 2, 21
2, 565264, 34951124, 36437399
1, 144204, 35499790, 36984646
34, 2, 21
2, 262444, 36437399, 37088808
1, 72104, 36984646, 37637458
35, 2, 21
2, 141316, 37088808, 37415976
1, 36054, 37637458, 37964614
36, 2, 21
2, 145642, 37415976, 38866575
1, 144204, 37964614, 39415282
37, 2, 21
2, 72100, 38866575, 39487650
1, 72104, 39415282, 40036420
38, 2, 21
2, 534982, 39487650, 40931288
1, 144204, 40036420, 41479930
39, 2, 21
2, 268212, 40931288, 41603387
1, 72104, 41479930, 42152058
40, 2, 21
2, 135548, 41603387, 41915872
1, 36054, 42152058, 42464534
41, 2, 21
2, 70658, 41915872, 42076574
1, 18750, 42464534, 42625240
42, 2, 21
2, 323008, 42076574, 43476048
1, 144204, 42625240, 44024025
43, 2, 21
2, 72100, 43476048, 44427185
1, 72104, 44024025, 44975161
44, 2, 21
2, 36050, 44427185, 44878672
1, 36054, 44975161, 45427309
45, 2, 21
2, 144200, 44878672, 46138379
1, 144204, 45427309, 46687150
46, 2, 21
2, 72100, 46138379, 46742404
1, 72104, 46687150, 47289993
47, 2, 21
2, 144200, 46742404, 48330926
1, 144204, 47289993, 48878950
48, 2, 21
2, 144200, 48330926, 49995361
1, 144204, 48878950, 50543384
49, 2, 21
2, 144200, 49995361, 51214716
1, 144204, 50543384, 51762797
50, 2, 21
2, 72100, 51214716, 51823967
1, 72104, 51762797, 52372749
51, 2, 21
2, 361942, 51823967, 53062090
1, 144204, 52372749, 53609868
52, 2, 21
2, 295610, 53062090, 53666610
1, 72104, 53609868, 54214365
53, 2, 21
2, 145642, 53666610, 53972235
1, 36054, 54214365, 54520802
54, 2, 21
2, 571032, 53972235, 55206012
1, 144204, 54520802, 55753735
55, 2, 21
2, 555170, 55206012, 56417257
1, 144204, 55753735, 56965220
56, 2, 21
2, 484512, 56417257, 57641703
1, 144204, 56965220, 58190426
57, 2, 21
2, 144200, 57641703, 58948885
1, 144204, 58190426, 59497824
58, 2, 21
2, 72100, 58948885, 59592313
1, 72104, 59497824, 60141266
59, 2, 21
2, 144200, 59592313, 60844453
1, 144204, 60141266, 61393139
60, 2, 21
2, 144200, 60844453, 62206338
1, 144204, 61393139, 62754981
61, 2, 21
2, 144200, 62206338, 63535364
1, 144204, 62754981, 64084162
