0, 2, 21
2, 213416, 4564956, 6574811
1, 213416, 5143503, 7153953
1, 2, 21
2, 222068, 6574811, 14690471
1, 222068, 7153953, 15269615
2, 1, 21
2, 248024, 14690471, 16695950
3, 1, 21
1, 224952, 15269615, 17280639
4, 1, 21
3, 279748, 15973483, 17981109
5, 1, 21
2, 511960, 16695950, 18696159
6, 1, 21
1, 235046, 17280639, 19281176
7, 1, 21
3, 266770, 17981109, 19984807
8, 1, 21
2, 722492, 18696159, 20697389
9, 1, 21
1, 465766, 19281176, 21285632
10, 1, 21
2, 589803, 20697389, 22706012
11, 1, 21
1, 461440, 21285632, 23298420
12, 1, 21
2, 491747, 22706012, 24707071
13, 1, 21
1, 494606, 23298420, 25298788
14, 1, 21
2, 535007, 24707071, 26710011
15, 1, 21
1, 533540, 25298788, 27301642
16, 1, 21
3, 141316, 19984807, 26911832
17, 1, 21
2, 672022, 26710011, 28712958
18, 1, 21
1, 501816, 27301642, 29302168
19, 1, 21
3, 279748, 26911832, 28915126
20, 1, 21
2, 659044, 28712958, 30713224
21, 1, 21
1, 367710, 29302168, 31308631
22, 1, 21
3, 297052, 28915126, 30917615
23, 2, 21
2, 412462, 30713224, 32757506
1, 194670, 31308631, 33336545
24, 1, 21
3, 100940, 30917615, 33843571
25, 2, 21
2, 281215, 32757506, 34760725
1, 164388, 33336545, 35339633
26, 1, 21
3, 576800, 33843571, 35844372
27, 1, 21
2, 768611, 34760725, 36762736
28, 1, 21
1, 203322, 35339633, 37351583
29, 1, 21
2, 405227, 36762736, 38770323
30, 1, 21
1, 206206, 37351583, 39361793
31, 1, 21
3, 305704, 35844372, 39071614
32, 1, 21
2, 548010, 38770323, 40771086
33, 1, 21
1, 209090, 39361793, 41363674
34, 1, 21
3, 595546, 39071614, 41073779
35, 1, 21
2, 801802, 40771086, 42781125
36, 1, 21
1, 222068, 41363674, 43373249
37, 1, 21
2, 165855, 42781125, 44788616
38, 1, 21
1, 165830, 43373249, 45382381
39, 1, 21
2, 232187, 44788616, 46792692
40, 1, 21
1, 232162, 45382381, 47384218
41, 1, 21
2, 167297, 46792692, 48798541
42, 1, 21
1, 167272, 47384218, 49392360
43, 1, 21
2, 211999, 48798541, 50803848
44, 1, 21
1, 211974, 49392360, 51395360
45, 1, 21
3, 323008, 41073779, 51829528
46, 1, 21
2, 369202, 50803848, 52806696
47, 1, 21
1, 235046, 51395360, 53400191
48, 1, 21
3, 699370, 51829528, 53833506
49, 1, 21
2, 938792, 52806696, 54809760
50, 1, 21
1, 235046, 53400191, 55407734
51, 1, 21
3, 684950, 53833506, 55835700
52, 1, 21
2, 917162, 54809760, 56810232
53, 1, 21
1, 237930, 55407734, 57412017
54, 1, 21
2, 438393, 56810232, 58816499
55, 1, 21
1, 227836, 57412017, 59424151
56, 1, 21
2, 229303, 58816499, 60829724
57, 1, 21
1, 229278, 59424151, 61436683
58, 1, 21
2, 213441, 60829724, 62833756
59, 1, 21
1, 213416, 61436683, 63440704
