0, 2, 21
2, 102382, 5744060, 6756991
1, 102382, 6314744, 7327117
1, 2, 21
2, 111034, 6756991, 7757799
1, 111034, 7327117, 8328203
2, 2, 21
2, 139874, 7757799, 9011113
1, 139874, 8328203, 9581734
3, 2, 21
2, 82194, 9011113, 15877477
1, 82194, 9581734, 16447189
4, 2, 21
2, 113918, 15877477, 16886482
1, 113918, 16447189, 17456934
5, 1, 21
2, 141316, 16886482, 17892106
6, 1, 21
1, 112476, 17456934, 18467429
7, 1, 21
3, 141316, 17122768, 18124319
8, 1, 21
2, 239422, 17892106, 18904029
9, 1, 21
1, 129780, 18467429, 19717793
10, 1, 21
3, 134106, 18124319, 19126602
11, 1, 21
2, 276914, 18904029, 19904090
12, 1, 21
1, 109592, 19717793, 20720158
13, 1, 21
3, 149968, 19126602, 20133096
14, 1, 21
4, 152852, 18561955, 19567121
15, 1, 21
2, 408161, 19904090, 20907629
16, 1, 21
1, 129780, 20720158, 21979388
17, 1, 21
3, 118244, 20133096, 21141580
18, 1, 21
4, 115360, 19567121, 20616512
19, 1, 21
2, 311547, 20907629, 21908363
20, 1, 21
1, 95172, 21979388, 22979902
21, 1, 21
3, 142758, 21141580, 22150126
22, 1, 21
4, 149968, 20616512, 21622491
23, 1, 21
2, 373553, 21908363, 22913483
24, 1, 21
1, 122570, 22979902, 24240414
25, 1, 21
4, 116802, 21622491, 22627915
26, 1, 21
2, 209140, 22913483, 23919723
27, 1, 21
4, 128338, 22627915, 23633460
28, 1, 21
2, 288425, 23919723, 25174716
29, 1, 21
1, 197554, 24240414, 26203703
30, 1, 21
4, 147084, 23633460, 24633598
31, 1, 21
2, 266820, 25174716, 26174859
32, 1, 21
1, 116802, 26203703, 27205462
33, 1, 21
4, 154294, 24633598, 25640053
34, 1, 21
2, 331710, 26174859, 27425536
35, 1, 21
4, 148526, 25640053, 26648052
36, 1, 21
1, 144200, 27205462, 28464676
37, 1, 21
3, 1442, 22150126, 28086866
38, 1, 21
4, 144200, 26648052, 27650437
39, 1, 21
2, 429816, 27425536, 28931811
40, 1, 21
3, 134106, 28086866, 29103788
41, 1, 21
4, 125454, 27650437, 28656406
42, 1, 21
1, 216300, 28464676, 30429535
43, 1, 21
2, 362017, 28931811, 29932220
44, 1, 21
3, 147084, 29103788, 30109431
45, 1, 21
4, 144200, 28656406, 29657016
46, 1, 21
1, 105266, 30429535, 31429696
47, 1, 21
2, 451421, 29932220, 31183722
48, 1, 21
3, 148526, 30109431, 31111310
49, 1, 21
2, 266795, 31183722, 32187975
50, 1, 21
1, 184576, 31429696, 32992548
51, 1, 21
3, 183134, 31111310, 32375766
52, 1, 21
2, 314406, 32187975, 33439959
53, 1, 21
1, 168714, 32992548, 34801784
54, 1, 21
2, 70683, 33439959, 34443813
55, 1, 21
1, 66332, 34801784, 35804859
56, 1, 21
2, 72125, 34443813, 35449379
57, 1, 21
3, 64890, 32375766, 35037232
58, 1, 21
1, 98056, 35804859, 36805830
59, 1, 21
2, 340362, 35449379, 36453613
60, 1, 21
3, 250908, 35037232, 36039228
61, 1, 21
2, 376387, 36453613, 37456628
62, 1, 21
1, 118244, 36805830, 38066312
63, 1, 21
3, 325892, 36039228, 37041005
64, 1, 21
2, 415346, 37456628, 38472545
65, 1, 21
1, 113918, 38066312, 39077561
66, 1, 21
3, 302820, 37041005, 38042696
67, 1, 21
2, 164438, 38472545, 39474252
68, 1, 21
1, 129780, 39077561, 40328122
69, 1, 21
2, 99523, 39474252, 40484087
70, 1, 21
1, 105266, 40328122, 41331788
71, 1, 21
3, 2884, 38042696, 40268050
72, 1, 21
2, 275472, 40484087, 41486506
73, 1, 21
3, 292726, 40268050, 41268864
74, 1, 21
1, 122570, 41331788, 42589183
75, 1, 21
2, 418230, 41486506, 42491873
76, 1, 21
3, 383572, 41268864, 42519018
77, 1, 21
2, 432625, 42491873, 43493734
78, 1, 21
1, 219184, 42589183, 44545687
79, 1, 21
2, 240839, 43493734, 44751319
80, 1, 21
1, 122570, 44545687, 45873908
81, 1, 21
2, 85103, 44751319, 45759508
82, 1, 21
1, 77868, 45873908, 46884756
83, 2, 21
2, 155761, 45759508, 47323785
1, 115360, 46884756, 47893951
84, 1, 21
1, 142758, 47893951, 49151722
85, 1, 21
1, 86520, 49151722, 50155306
86, 1, 21
2, 245190, 47323785, 49766749
87, 1, 21
1, 98056, 50155306, 51411459
88, 1, 21
1, 111034, 51411459, 52416592
89, 1, 21
2, 217792, 49766749, 52050303
90, 1, 21
1, 118244, 52416592, 53418328
91, 1, 21
2, 148551, 52050303, 53315170
92, 1, 21
3, 242256, 42519018, 53031701
93, 1, 21
1, 147084, 53418328, 54679087
94, 1, 21
2, 351898, 53315170, 54318261
95, 1, 21
3, 341754, 53031701, 54031977
96, 1, 21
2, 477327, 54318261, 55320068
97, 1, 21
3, 441252, 54031977, 55284663
98, 1, 21
1, 230720, 54679087, 56634174
99, 1, 21
2, 465816, 55320068, 56321857
100, 1, 21
3, 536424, 55284663, 56849333
101, 1, 21
2, 573941, 56321857, 57572007
102, 1, 21
2, 457114, 57572007, 58573335
103, 1, 21
2, 134106, 58573335, 59583605
104, 1, 21
2, 111034, 59583605, 60590264
105, 1, 21
2, 144200, 60590264, 61849803
106, 1, 21
2, 211974, 61849803, 63813570
107, 1, 21
1, 1126202, 56634174, 66634624
