0, 2, 21
2, 102382, 5580327, 6590673
1, 102382, 6124896, 7134912
1, 2, 21
2, 111034, 6590673, 7593336
1, 111034, 7134912, 8136006
2, 2, 21
2, 111034, 7593336, 8593921
1, 111034, 8136006, 9136745
3, 2, 21
2, 111034, 8593921, 15710496
1, 111034, 9136745, 16254854
4, 2, 21
2, 113918, 15710496, 16720789
1, 113918, 16254854, 17264820
5, 1, 21
2, 135548, 16720789, 17721586
6, 1, 21
1, 112476, 17264820, 18274864
7, 1, 21
3, 141316, 16999887, 18000042
8, 1, 21
2, 239422, 17721586, 18727407
9, 1, 21
1, 112476, 18274864, 19335209
10, 1, 21
3, 138432, 18000042, 19006737
11, 1, 21
2, 269704, 18727407, 19727623
12, 1, 21
1, 108150, 19335209, 20346947
13, 1, 21
3, 148526, 19006737, 20008354
14, 1, 21
4, 152852, 18468591, 19469135
15, 1, 21
2, 409603, 19727623, 20729731
16, 1, 21
1, 111034, 20346947, 21359266
17, 1, 21
3, 116802, 20008354, 21010973
18, 1, 21
4, 115360, 19469135, 20512097
19, 1, 21
2, 314431, 20729731, 21732924
20, 1, 21
1, 90846, 21359266, 22373457
21, 1, 21
3, 141316, 21010973, 22017474
22, 1, 21
4, 151410, 20512097, 21519744
23, 1, 21
2, 383647, 21732924, 22735260
24, 1, 21
1, 112476, 22373457, 23378420
25, 1, 21
4, 115360, 21519744, 22522790
26, 1, 21
2, 204814, 22735260, 23743931
27, 1, 21
1, 86520, 23378420, 24381980
28, 1, 21
4, 126896, 22522790, 23530108
29, 1, 21
2, 223560, 23743931, 24745622
30, 1, 21
1, 99498, 24381980, 25385939
31, 1, 21
4, 147084, 23530108, 24530766
32, 1, 21
2, 263936, 24745622, 25747644
33, 1, 21
1, 115360, 25385939, 26387671
34, 1, 21
4, 154294, 24530766, 25537668
35, 1, 21
2, 269704, 25747644, 26754255
36, 1, 21
1, 118244, 26387671, 27396217
37, 1, 21
4, 145642, 25537668, 26537894
38, 1, 21
2, 263936, 26754255, 27754889
39, 1, 21
1, 115360, 27396217, 28396582
40, 1, 21
3, 1442, 22017474, 27954049
41, 1, 21
4, 144200, 26537894, 27545342
42, 1, 21
2, 294243, 27754889, 28759390
43, 1, 21
1, 118244, 28396582, 29401582
44, 1, 21
3, 134106, 27954049, 28969267
45, 1, 21
4, 134106, 27545342, 28549823
46, 1, 21
2, 373553, 28759390, 29760242
47, 1, 21
1, 102382, 29401582, 30403568
48, 1, 21
3, 147084, 28969267, 29972809
49, 1, 21
4, 138432, 28549823, 29558948
50, 1, 21
2, 395183, 29760242, 30760723
51, 1, 21
1, 115360, 30403568, 31403869
52, 1, 21
3, 148526, 29972809, 30973863
53, 1, 21
2, 262494, 30760723, 31762366
54, 1, 21
1, 115360, 31403869, 32408567
55, 1, 21
3, 147084, 30973863, 31973933
56, 1, 21
2, 263936, 31762366, 32771187
57, 1, 21
1, 116802, 32408567, 33415301
58, 1, 21
2, 161529, 32771187, 33772674
59, 1, 21
1, 82194, 33415301, 34495605
60, 1, 21
2, 60589, 33772674, 34773664
61, 1, 21
1, 66332, 34495605, 35501583
62, 1, 21
3, 100940, 31973933, 34900208
63, 1, 21
2, 187510, 34773664, 35775552
64, 1, 21
1, 98056, 35501583, 36506069
65, 1, 21
3, 250908, 34900208, 35902153
66, 1, 21
2, 325942, 35775552, 36776614
67, 1, 21
1, 87962, 36506069, 37515224
68, 1, 21
3, 325892, 35902153, 36903500
69, 1, 21
2, 442744, 36776614, 37779727
70, 1, 21
1, 115360, 37515224, 38526337
71, 1, 21
3, 302820, 36903500, 37905933
72, 1, 21
2, 324500, 37779727, 38783548
73, 1, 21
1, 109592, 38526337, 39534763
74, 1, 21
2, 93755, 38783548, 39791809
75, 1, 21
1, 96614, 39534763, 40542043
76, 1, 21
3, 2884, 37905933, 40131387
77, 1, 21
2, 142808, 39791809, 40792962
78, 1, 21
1, 102382, 40542043, 41547315
79, 1, 21
3, 294168, 40131387, 41134243
80, 1, 21
2, 392274, 40792962, 41795670
81, 1, 21
1, 108150, 41547315, 42557105
82, 1, 21
3, 301378, 41134243, 42134680
83, 1, 21
2, 411020, 41795670, 42798093
84, 1, 21
1, 111034, 42557105, 43562908
85, 1, 21
3, 318682, 42134680, 43135599
86, 1, 21
2, 405252, 42798093, 43814403
87, 1, 21
1, 111034, 43562908, 44567219
88, 1, 21
2, 98081, 43814403, 44824843
89, 1, 21
1, 89404, 44567219, 45578498
90, 1, 21
2, 75009, 44824843, 45826735
91, 1, 21
1, 77868, 45578498, 46589408
92, 1, 21
2, 106733, 45826735, 46831661
93, 1, 21
1, 115360, 46589408, 47599104
94, 1, 21
2, 118269, 46831661, 47837079
95, 1, 21
1, 118244, 47599104, 48612461
96, 1, 21
2, 92313, 47837079, 48844557
97, 1, 21
1, 87962, 48612461, 49615910
98, 1, 21
2, 83661, 48844557, 49857899
99, 1, 21
1, 79310, 49615910, 50618164
100, 1, 21
2, 86545, 49857899, 50868721
101, 1, 21
1, 93730, 50618164, 51621071
102, 1, 21
2, 119711, 50868721, 51879440
103, 1, 21
1, 119686, 51621071, 52632793
104, 1, 21
2, 118269, 51879440, 52881893
105, 1, 21
1, 118244, 52632793, 53640921
106, 1, 21
3, 4326, 43135599, 52893600
107, 1, 21
2, 255284, 52881893, 53883264
108, 1, 21
1, 116802, 53640921, 54641995
109, 1, 21
3, 341754, 52893600, 53893788
110, 1, 21
2, 475910, 53883264, 54885512
111, 1, 21
1, 119686, 54641995, 55650911
112, 1, 21
3, 356174, 53893788, 54896416
113, 1, 21
2, 464374, 54885512, 55888413
114, 1, 21
1, 116802, 55650911, 56656248
115, 1, 21
3, 346080, 54896416, 55897892
116, 1, 21
2, 461490, 55888413, 56889411
117, 1, 21
1, 119686, 56656248, 57661203
118, 1, 21
3, 335986, 55897892, 56898349
119, 1, 21
2, 451396, 56889411, 57893541
120, 1, 21
1, 118244, 57661203, 58663042
121, 1, 21
3, 340312, 56898349, 57900454
122, 1, 21
2, 327384, 57893541, 58897739
123, 1, 21
1, 115360, 58663042, 59664038
124, 1, 21
2, 111059, 58897739, 59908225
125, 1, 21
1, 111034, 59664038, 60667751
126, 1, 21
2, 113943, 59908225, 60917197
127, 1, 21
1, 113918, 60667751, 61677014
128, 1, 21
2, 116827, 60917197, 61928835
129, 1, 21
1, 115360, 61677014, 62680779
130, 1, 21
2, 106733, 61928835, 62930201
131, 1, 21
1, 106708, 62680779, 63689768
132, 1, 21
2, 106733, 62930201, 63931298
133, 1, 21
1, 106708, 63689768, 64693694
134, 1, 21
2, 111059, 63931298, 64934666
135, 1, 21
1, 112476, 64693694, 65704633
136, 1, 21
2, 111059, 64934666, 65944010
