0, 2, 21
2, 213416, 5650587, 7661600
1, 213416, 6207098, 8217851
1, 2, 21
2, 222068, 7661600, 15774776
1, 222068, 8217851, 16331437
2, 1, 21
2, 246582, 15774776, 17784308
3, 1, 21
1, 224952, 16331437, 18342658
4, 1, 21
3, 276864, 17045102, 19047919
5, 2, 21
2, 503308, 17784308, 19788746
1, 211974, 18342658, 20344906
6, 1, 21
3, 266770, 19047919, 21052367
7, 1, 21
4, 262444, 18524915, 20530936
8, 1, 21
2, 718166, 19788746, 21790172
9, 1, 21
1, 207648, 20344906, 22347915
10, 1, 21
4, 261002, 20530936, 22537257
11, 1, 21
2, 594154, 21790172, 23802987
12, 1, 21
1, 201880, 22347915, 24398014
13, 1, 21
4, 252350, 22537257, 24537553
14, 1, 21
2, 471584, 23802987, 25803974
15, 1, 21
1, 216300, 24398014, 26398203
16, 1, 21
4, 292726, 24537553, 26540983
17, 1, 21
2, 526380, 25803974, 27808643
18, 1, 21
1, 233604, 26398203, 28401632
19, 1, 21
3, 144200, 21052367, 27997405
20, 1, 21
4, 271096, 26540983, 28552353
21, 1, 21
2, 656185, 27808643, 29810522
22, 1, 21
1, 222068, 28401632, 30409334
23, 1, 21
3, 271096, 27997405, 29999890
24, 1, 21
2, 703746, 29810522, 31811427
25, 1, 21
1, 294168, 30409334, 32912730
26, 1, 21
3, 295610, 29999890, 32001652
27, 1, 21
2, 423998, 31811427, 33872165
28, 1, 21
1, 165830, 32912730, 34934931
29, 1, 21
3, 111034, 32001652, 34993118
30, 1, 21
2, 261052, 33872165, 35874352
31, 1, 21
1, 181692, 34934931, 36941048
32, 1, 21
3, 576800, 34993118, 36994889
33, 1, 21
2, 770078, 35874352, 37875047
34, 1, 21
1, 209090, 36941048, 38942928
35, 1, 21
2, 423973, 37875047, 39885660
36, 1, 21
3, 305704, 36994889, 40221958
37, 1, 21
1, 253792, 38942928, 41459161
38, 1, 21
2, 526380, 39885660, 41885808
39, 1, 21
3, 594104, 40221958, 42224002
40, 1, 21
2, 821965, 41885808, 43887401
41, 1, 21
1, 412412, 41459161, 45410785
42, 1, 21
2, 165855, 43887401, 45891460
43, 1, 21
1, 190344, 45410785, 47422952
44, 1, 21
2, 232187, 45891460, 47893436
45, 1, 21
1, 204764, 47422952, 49426753
46, 1, 21
2, 167297, 47893436, 49902658
47, 1, 21
1, 173040, 49426753, 51432806
48, 1, 21
2, 271121, 49902658, 52413281
49, 1, 21
1, 237930, 51432806, 53445527
50, 1, 21
3, 324450, 42224002, 52985147
51, 1, 21
2, 516286, 52413281, 54414973
52, 1, 21
1, 235046, 53445527, 55452904
53, 1, 21
3, 697928, 52985147, 54986643
54, 1, 21
2, 941676, 54414973, 56417846
55, 1, 21
1, 295610, 55452904, 57959303
56, 1, 21
3, 847896, 54986643, 57488559
57, 1, 21
2, 1035406, 56417846, 58928020
58, 1, 21
2, 223510, 58928020, 60930278
59, 1, 21
1, 445578, 57959303, 61875997
60, 1, 21
2, 222093, 60930278, 62933825
61, 1, 21
2, 272538, 62933825, 65437326
