0, 2, 21
2, 72100, 5669822, 6415709
1, 72104, 6226772, 6972129
1, 2, 21
2, 144200, 6415709, 7707851
1, 144204, 6972129, 8264392
2, 2, 21
2, 144200, 7707851, 8994718
1, 144204, 8264392, 9551177
3, 2, 21
2, 217742, 8994718, 17057285
1, 217746, 9551177, 17614039
4, 2, 21
2, 90846, 17057285, 17714556
1, 72104, 17614039, 18271216
5, 2, 21
2, 82194, 17714556, 18024828
1, 36054, 18271216, 18581583
6, 2, 21
2, 41818, 18024828, 18185237
1, 18750, 18581583, 18741927
7, 2, 21
2, 23072, 18185237, 18272925
1, 10098, 18741927, 18829654
8, 2, 21
2, 346080, 18272925, 19676275
1, 144204, 18829654, 20232070
9, 2, 21
2, 271096, 19676275, 20340188
1, 72104, 20232070, 20896934
10, 2, 21
2, 134106, 20340188, 20661387
1, 36054, 20896934, 21218155
11, 2, 21
2, 70658, 20661387, 20829775
1, 18750, 21218155, 21386439
12, 2, 21
2, 496048, 20829775, 22277359
1, 144204, 21386439, 22834132
13, 2, 21
2, 203322, 22277359, 22919630
1, 72104, 22834132, 23476359
14, 2, 21
2, 98056, 22919630, 23360473
1, 36054, 23476359, 23917255
15, 2, 21
2, 37492, 23360473, 23532865
1, 18750, 23917255, 24089656
16, 2, 21
2, 14420, 23532865, 23628593
1, 10098, 24089656, 24185285
17, 2, 21
2, 343196, 23628593, 25113504
1, 144204, 24185285, 25669126
18, 2, 21
2, 328776, 25113504, 26333418
1, 144204, 25669126, 26889791
19, 2, 21
2, 162946, 26333418, 26952704
1, 72104, 26889791, 27508004
20, 2, 21
2, 327334, 26952704, 28195605
1, 144204, 27508004, 28751169
21, 2, 21
2, 451346, 28195605, 29498537
1, 144204, 28751169, 30054997
22, 2, 21
2, 255234, 29498537, 30138833
1, 72104, 30054997, 30695177
23, 2, 21
2, 121128, 30138833, 30447299
1, 36054, 30695177, 31003132
24, 2, 21
2, 357616, 30447299, 31663687
1, 144204, 31003132, 32220210
25, 2, 21
2, 162946, 31663687, 32275428
1, 72104, 32220210, 32831952
26, 2, 21
2, 82194, 32275428, 32581027
1, 36054, 32831952, 33137568
27, 2, 21
2, 236488, 32581027, 34440551
1, 144204, 33137568, 34997166
28, 2, 21
2, 72100, 34440551, 35388915
1, 72104, 34997166, 35945559
29, 2, 21
2, 113918, 35388915, 35695560
1, 36054, 35945559, 36252116
30, 2, 21
2, 79310, 35695560, 35865654
1, 18750, 36252116, 36422133
31, 2, 21
2, 33166, 35865654, 35951091
1, 10098, 36422133, 36507507
32, 2, 21
2, 5768, 35951091, 35999299
1, 5772, 36507507, 36555785
33, 2, 21
2, 565264, 35999299, 37484188
1, 144204, 36555785, 38040641
34, 2, 21
2, 262444, 37484188, 38135693
1, 72104, 38040641, 38692156
35, 2, 21
2, 138432, 38135693, 38462652
1, 36054, 38692156, 39019141
36, 2, 21
2, 145642, 38462652, 39912448
1, 144204, 39019141, 40469026
37, 2, 21
2, 72100, 39912448, 40534382
1, 72104, 40469026, 41090374
38, 2, 21
2, 533540, 40534382, 41977574
1, 144204, 41090374, 42533943
39, 2, 21
2, 266770, 41977574, 42646071
1, 72104, 42533943, 43202514
40, 2, 21
2, 135548, 42646071, 42959261
1, 36054, 43202514, 43514928
41, 2, 21
2, 69216, 42959261, 43119732
1, 18750, 43514928, 43675709
42, 2, 21
2, 324450, 43119732, 44518679
1, 144204, 43675709, 45074486
43, 2, 21
2, 72100, 44518679, 45469623
1, 72104, 45074486, 46025448
44, 2, 21
2, 36050, 45469623, 45920936
1, 36054, 46025448, 46477521
45, 2, 21
2, 144200, 45920936, 47180728
1, 144204, 46477521, 47737331
46, 2, 21
2, 72100, 47180728, 47783493
1, 72104, 47737331, 48340066
47, 2, 21
2, 144200, 47783493, 49372141
1, 144204, 48340066, 49928778
48, 2, 21
2, 144200, 49372141, 51037171
1, 144204, 49928778, 51593139
49, 2, 21
2, 144200, 51037171, 52264831
1, 144204, 51593139, 52812718
50, 2, 21
2, 72100, 52264831, 52867063
1, 72104, 52812718, 53422978
51, 2, 21
2, 359058, 52867063, 54104589
1, 144204, 53422978, 54660489
52, 2, 21
2, 295610, 54104589, 54708724
1, 72104, 54660489, 55265177
53, 2, 21
2, 145642, 54708724, 55015911
1, 36054, 55265177, 55571594
54, 2, 21
2, 572474, 55015911, 56249059
1, 144204, 55571594, 56804863
55, 2, 21
2, 553728, 56249059, 57460089
1, 144204, 56804863, 58016541
56, 2, 21
2, 485954, 57460089, 58687297
1, 144204, 58016541, 59241704
57, 2, 21
2, 144200, 58687297, 59992554
1, 144204, 59241704, 60549352
58, 2, 21
2, 72100, 59992554, 60636097
1, 72104, 60549352, 61192882
59, 2, 21
2, 144200, 60636097, 61888381
1, 144204, 61192882, 62445064
60, 2, 21
2, 144200, 61888381, 63250257
1, 144204, 62445064, 63807053
61, 2, 21
2, 144200, 63250257, 64580061
1, 144204, 63807053, 65136387
