0, 2, 21
2, 213416, 5595603, 7607674
1, 213416, 6161283, 8173006
1, 2, 21
2, 222068, 7607674, 15722469
1, 222068, 8173006, 16287769
2, 1, 21
2, 243698, 15722469, 17727423
3, 1, 21
1, 224952, 16287769, 18294613
4, 1, 21
3, 279748, 17021282, 19029111
5, 1, 21
2, 510518, 17727423, 19727460
6, 1, 21
1, 211974, 18294613, 20295279
7, 1, 21
3, 266770, 19029111, 21033394
8, 1, 21
4, 268212, 18448113, 20505419
9, 1, 21
2, 725401, 19727460, 21733836
10, 1, 21
1, 207648, 20295279, 22302653
11, 1, 21
4, 268212, 20505419, 22510027
12, 1, 21
2, 595596, 21733836, 23751547
13, 1, 21
1, 201880, 22302653, 24350335
14, 1, 21
4, 275422, 22510027, 24512066
15, 1, 21
2, 497540, 23751547, 25760010
16, 1, 21
1, 217742, 24350335, 26361915
17, 1, 21
4, 301378, 24512066, 26515659
18, 1, 21
2, 535032, 25760010, 27766261
19, 1, 21
1, 233604, 26361915, 28367765
20, 1, 21
3, 141316, 21033394, 27960544
21, 1, 21
4, 278306, 26515659, 28516556
22, 1, 21
2, 664837, 27766261, 29766399
23, 1, 21
1, 220626, 28367765, 30379807
24, 1, 21
3, 276864, 27960544, 29963474
25, 1, 21
2, 656160, 29766399, 31785326
26, 1, 21
1, 236488, 30379807, 32384032
27, 1, 21
3, 295610, 29963474, 31964311
28, 2, 21
2, 415346, 31785326, 33823139
1, 191786, 32384032, 34388307
29, 1, 21
3, 105266, 31964311, 34917910
30, 1, 21
2, 274005, 33823139, 35824743
31, 1, 21
1, 164388, 34388307, 36391910
32, 1, 21
3, 576800, 34917910, 36919696
33, 1, 21
2, 767194, 35824743, 37825158
34, 1, 21
1, 203322, 36391910, 38404265
35, 1, 21
2, 410995, 37825158, 39825983
36, 1, 21
1, 206206, 38404265, 40415575
37, 1, 21
3, 305704, 36919696, 40146068
38, 1, 21
2, 539358, 39825983, 41829559
39, 1, 21
1, 209090, 40415575, 42417732
40, 1, 21
3, 595546, 40146068, 42147149
41, 1, 21
2, 810454, 41829559, 43835238
42, 1, 21
1, 222068, 42417732, 44426896
43, 1, 21
2, 165855, 43835238, 45843919
44, 1, 21
1, 165830, 44426896, 46436177
45, 1, 21
2, 232187, 45843919, 47845936
46, 1, 21
1, 232162, 46436177, 48438332
47, 1, 21
2, 167297, 47845936, 49855355
48, 1, 21
1, 167272, 48438332, 50447226
49, 1, 21
2, 211999, 49855355, 51860935
50, 1, 21
1, 211974, 50447226, 52450750
51, 1, 21
3, 323008, 42147149, 52904558
52, 1, 21
2, 360550, 51860935, 53864184
53, 1, 21
1, 235046, 52450750, 54456306
54, 1, 21
3, 697928, 52904558, 54905525
55, 1, 21
2, 937350, 53864184, 55866164
56, 1, 21
1, 235046, 54456306, 56464385
57, 1, 21
3, 684950, 54905525, 56909812
58, 1, 21
2, 914278, 55866164, 57866999
59, 1, 21
1, 237930, 56464385, 58468713
60, 1, 21
2, 451371, 57866999, 59875213
61, 1, 21
1, 227836, 58468713, 60481367
62, 1, 21
2, 229303, 59875213, 61886427
63, 1, 21
1, 229278, 60481367, 62494137
64, 1, 21
2, 213441, 61886427, 63892348
65, 1, 21
1, 213416, 62494137, 64498711
