0, 2, 21
2, 27398, 5612954, 5868883
1, 27398, 6194806, 6450093
1, 2, 21
2, 28840, 5868883, 6188093
1, 28840, 6450093, 6768709
2, 2, 21
2, 25956, 6188093, 6448009
1, 25956, 6768709, 7029818
3, 2, 21
2, 28840, 6448009, 6700711
1, 28840, 7029818, 7282505
4, 2, 21
2, 36050, 6700711, 7020960
1, 36050, 7282505, 7602444
5, 2, 21
2, 43260, 7020960, 7415307
1, 43260, 7602444, 7997190
6, 1, 21
1, 27398, 7997190, 8248475
7, 1, 21
1, 27398, 8248475, 8501021
8, 1, 21
2, 62056, 7415307, 7980230
9, 1, 21
1, 28840, 8501021, 8758063
10, 1, 21
2, 34633, 7980230, 8295807
11, 1, 21
1, 44702, 8758063, 9158410
12, 1, 21
2, 44727, 8295807, 8689037
13, 1, 21
1, 69216, 9158410, 9775228
14, 1, 21
2, 85103, 8689037, 9462652
15, 2, 21
2, 18746, 9462652, 15742890
1, 47586, 9775228, 16324359
16, 2, 21
2, 27398, 15742890, 15999772
1, 27398, 16324359, 16581173
17, 2, 21
2, 36050, 15999772, 16322218
1, 36050, 16581173, 16904053
18, 2, 21
2, 46144, 16322218, 16715626
1, 46144, 16904053, 17297310
19, 2, 21
2, 85078, 16715626, 17482739
1, 85078, 17297310, 18063629
20, 1, 21
2, 67774, 17482739, 17790559
21, 1, 21
1, 36050, 18063629, 18380208
22, 1, 21
3, 38934, 17010325, 17265042
23, 1, 21
2, 66382, 17790559, 18045640
24, 1, 21
3, 37492, 17265042, 17519563
25, 1, 21
1, 37492, 18380208, 18702610
26, 1, 21
3, 34608, 17519563, 17777325
27, 1, 21
2, 80827, 18045640, 18366764
28, 1, 21
1, 46144, 18702610, 19097659
29, 1, 21
3, 30282, 17777325, 18039634
30, 1, 21
2, 77918, 18366764, 18759766
31, 1, 21
1, 25956, 19097659, 19415445
32, 1, 21
3, 20188, 18039634, 18295470
33, 1, 21
2, 51962, 18759766, 19012862
34, 1, 21
1, 24514, 19415445, 19669866
35, 1, 21
3, 38934, 18295470, 18546383
36, 1, 21
2, 69266, 19012862, 19269789
37, 1, 21
3, 40376, 18546383, 18804520
38, 1, 21
1, 34608, 19669866, 19996318
39, 1, 21
2, 66382, 19269789, 19521699
40, 1, 21
3, 38934, 18804520, 19055139
41, 1, 21
1, 44702, 19996318, 20389754
42, 1, 21
2, 118294, 19521699, 19834776
43, 1, 21
4, 40376, 18481384, 18736852
44, 1, 21
3, 47586, 19055139, 19368275
45, 1, 21
2, 99548, 19834776, 20091229
46, 1, 21
4, 34608, 18736852, 18994538
47, 1, 21
3, 56238, 19368275, 19761049
48, 1, 21
1, 60564, 20389754, 20948762
49, 1, 21
4, 38934, 18994538, 19250513
50, 1, 21
2, 158720, 20091229, 20483960
51, 1, 21
4, 37492, 19250513, 19507817
52, 1, 21
1, 34608, 20948762, 21267763
53, 1, 21
4, 36050, 19507817, 19760142
54, 1, 21
1, 44702, 21267763, 21663448
55, 2, 21
2, 238030, 20483960, 21108921
3, 109592, 19761049, 20537497
56, 1, 21
4, 27398, 19760142, 20014684
57, 2, 21
2, 62031, 21108921, 21364096
3, 20188, 20537497, 20792542
58, 1, 21
1, 27398, 21663448, 21971686
59, 1, 21
4, 20188, 20014684, 20280593
60, 1, 21
3, 30282, 20792542, 21043266
61, 1, 21
2, 76501, 21364096, 21621531
62, 1, 21
1, 18746, 21971686, 22229147
63, 1, 21
4, 28840, 20280593, 20536966
64, 1, 21
3, 30282, 21043266, 21299051
65, 1, 21
2, 83711, 21621531, 21877323
66, 1, 21
1, 24514, 22229147, 22489901
67, 1, 21
4, 30282, 20536966, 20797462
68, 1, 21
3, 38934, 21299051, 21551989
69, 1, 21
2, 105341, 21877323, 22130999
70, 1, 21
1, 28840, 22489901, 22749609
71, 1, 21
4, 38934, 20797462, 21047892
72, 1, 21
3, 46144, 21551989, 21864911
73, 1, 21
2, 128413, 22130999, 22446469
74, 1, 21
1, 34608, 22749609, 23066659
75, 1, 21
4, 46144, 21047892, 21370429
76, 1, 21
2, 125504, 22446469, 22839734
77, 1, 21
1, 44702, 23066659, 23458669
78, 1, 21
4, 54796, 21370429, 21769639
79, 1, 21
2, 47636, 22839734, 23093014
80, 1, 21
4, 27398, 21769639, 22064004
81, 1, 21
1, 25956, 23458669, 23782477
82, 1, 21
2, 51962, 23093014, 23347432
83, 1, 21
4, 36050, 22064004, 22317047
84, 1, 21
1, 24514, 23782477, 24039093
85, 1, 21
2, 63498, 23347432, 23598840
86, 1, 21
1, 27398, 24039093, 24293081
87, 1, 21
4, 34608, 22317047, 22657174
88, 1, 21
2, 46194, 23598840, 23904109
89, 1, 21
1, 14420, 24293081, 24548552
90, 1, 21
4, 31724, 22657174, 22931328
91, 1, 21
2, 53404, 23904109, 24162351
92, 1, 21
1, 23072, 24548552, 24800880
93, 1, 21
4, 36050, 22931328, 23252535
94, 2, 21
2, 72150, 24162351, 24482409
1, 25956, 24800880, 25062550
95, 1, 21
4, 37492, 23252535, 23520571
96, 1, 21
2, 62031, 24482409, 24733482
97, 1, 21
1, 33166, 25062550, 25376494
98, 1, 21
4, 36050, 23520571, 23773556
99, 1, 21
2, 76476, 24733482, 25052283
100, 1, 21
1, 44702, 25376494, 25770181
101, 1, 21
4, 40376, 23773556, 24088817
102, 1, 21
2, 126946, 25052283, 25542219
103, 1, 21
4, 70658, 24088817, 24579213
104, 1, 21
1, 89404, 25770181, 26541095
105, 1, 21
1, 64890, 26541095, 27111671
106, 1, 21
1, 34608, 27111671, 27431032
107, 1, 21
1, 46144, 27431032, 27830200
108, 1, 21
1, 27398, 27830200, 28082595
109, 1, 21
1, 30282, 28082595, 28339067
110, 1, 21
1, 30282, 28339067, 28603079
111, 1, 21
1, 43260, 28603079, 28993893
112, 1, 21
3, 28840, 21864911, 27989120
113, 1, 21
2, 849588, 25542219, 28730989
114, 1, 21
3, 36050, 27989120, 28252732
115, 1, 21
1, 67774, 28993893, 29606809
116, 1, 21
2, 108200, 28730989, 29044647
117, 1, 21
3, 27398, 28252732, 28507074
118, 1, 21
4, 509026, 24579213, 28200833
119, 1, 21
3, 38934, 28507074, 28760346
120, 1, 21
1, 28840, 29606809, 29925593
121, 1, 21
2, 142858, 29044647, 29440047
122, 1, 21
3, 33166, 28760346, 29013245
123, 1, 21
4, 37492, 28200833, 28452336
124, 1, 21
1, 28840, 29925593, 30179845
125, 1, 21
2, 96689, 29440047, 29692943
126, 1, 21
3, 37492, 29013245, 29269355
127, 1, 21
4, 40376, 28452336, 28776691
128, 1, 21
1, 34608, 30179845, 30509487
129, 1, 21
2, 147159, 29692943, 30089413
130, 1, 21
3, 33166, 29269355, 29526555
131, 1, 21
4, 53354, 28776691, 29178416
132, 1, 21
1, 43260, 30509487, 30905500
133, 1, 21
3, 41818, 29526555, 29843694
134, 1, 21
2, 226494, 30089413, 30701903
135, 1, 21
3, 53354, 29843694, 30241636
136, 1, 21
1, 60564, 30905500, 31477465
137, 1, 21
2, 98106, 30701903, 30952504
138, 1, 21
4, 105266, 29178416, 29942465
139, 1, 21
1, 36050, 31477465, 31800847
140, 1, 21
2, 102432, 30952504, 31267111
141, 1, 21
1, 28840, 31800847, 32050991
142, 1, 21
2, 64915, 31267111, 31517554
143, 1, 21
3, 111034, 30241636, 31011169
144, 1, 21
1, 37492, 32050991, 32373380
145, 1, 21
2, 83686, 31517554, 31835787
146, 1, 21
2, 99498, 31835787, 32232059
147, 1, 21
1, 54796, 32373380, 32865733
148, 1, 21
3, 190344, 31011169, 32340801
149, 1, 21
2, 194720, 32232059, 33001595
150, 1, 21
3, 27398, 32340801, 32600293
151, 1, 21
3, 36050, 32600293, 32858050
152, 1, 21
1, 135548, 32865733, 34066041
153, 1, 21
2, 116877, 33001595, 33544773
154, 2, 21
2, 31724, 33544773, 33812337
1, 33166, 34066041, 34393704
155, 2, 21
2, 8652, 33812337, 34185081
1, 8652, 34393704, 34766416
156, 2, 21
2, 17304, 34185081, 34435947
1, 17304, 34766416, 35017257
157, 1, 21
1, 14420, 35017257, 35276541
158, 1, 21
2, 20213, 34435947, 34769764
159, 1, 21
1, 21630, 35276541, 35536075
160, 1, 21
2, 23097, 34769764, 35023888
161, 1, 21
1, 14420, 35536075, 35789446
162, 1, 21
2, 14445, 35023888, 35292917
163, 1, 21
1, 20188, 35789446, 36065037
164, 1, 21
2, 18771, 35292917, 35551261
165, 1, 21
3, 11536, 32858050, 35095196
166, 1, 21
1, 23072, 36065037, 36315717
167, 1, 21
2, 69266, 35551261, 35803643
168, 1, 21
3, 80752, 35095196, 35346578
169, 1, 21
1, 30282, 36315717, 36572036
170, 1, 21
2, 116852, 35803643, 36054387
171, 1, 21
3, 85078, 35346578, 35661356
172, 1, 21
1, 28840, 36572036, 36829549
173, 1, 21
2, 85128, 36054387, 36308186
174, 1, 21
3, 67774, 35661356, 35915490
175, 1, 21
1, 30282, 36829549, 37154071
176, 1, 21
2, 86570, 36308186, 36620797
177, 1, 21
3, 27398, 35915490, 36169050
178, 1, 21
1, 25956, 37154071, 37410489
179, 1, 21
2, 73592, 36620797, 36873295
180, 1, 21
3, 80752, 36169050, 36419355
181, 1, 21
1, 12978, 37410489, 37667988
182, 1, 21
2, 108200, 36873295, 37124486
183, 1, 21
3, 89404, 36419355, 36670201
184, 1, 21
1, 28840, 37667988, 37923869
185, 1, 21
2, 112526, 37124486, 37375872
186, 1, 21
3, 106708, 36670201, 36982996
187, 1, 21
1, 36050, 37923869, 38239055
188, 1, 21
2, 141366, 37375872, 37690624
189, 1, 21
3, 80752, 36982996, 37236933
190, 1, 21
2, 105291, 37690624, 37944102
191, 1, 21
3, 74984, 37236933, 37489637
192, 1, 21
1, 44702, 38239055, 38641649
193, 1, 21
2, 103874, 37944102, 38204283
194, 1, 21
3, 86520, 37489637, 37803300
195, 1, 21
2, 99523, 38204283, 38455733
196, 1, 21
2, 102382, 38455733, 38709877
197, 1, 21
1, 85078, 38641649, 39414217
198, 1, 21
2, 28865, 38709877, 38960597
199, 1, 21
1, 28840, 39414217, 39669960
200, 1, 21
2, 27423, 38960597, 39224807
201, 1, 21
1, 31724, 39669960, 39983841
202, 1, 21
2, 38959, 39224807, 39622203
203, 1, 21
1, 23072, 39983841, 40235697
204, 1, 21
1, 25956, 40235697, 40549175
205, 1, 21
1, 27398, 40549175, 40805686
206, 1, 21
2, 57755, 39622203, 40235521
207, 1, 21
1, 30282, 40805686, 41064817
208, 1, 21
1, 37492, 41064817, 41386881
209, 1, 21
3, 102382, 37803300, 40339718
210, 1, 21
1, 25956, 41386881, 41646920
211, 1, 21
2, 151510, 40235521, 41082580
212, 1, 21
3, 77868, 40339718, 40653737
213, 1, 21
1, 18746, 41646920, 41898718
214, 1, 21
2, 70708, 41082580, 41333850
215, 1, 21
3, 92288, 40653737, 40966398
216, 1, 21
1, 21630, 41898718, 42163887
217, 1, 21
2, 99548, 41333850, 41584030
218, 1, 21
3, 82194, 40966398, 41216446
219, 1, 21
2, 111059, 41584030, 41835261
220, 1, 21
1, 37492, 42163887, 42487392
221, 1, 21
3, 105266, 41216446, 41532067
222, 1, 21
2, 141366, 41835261, 42150599
223, 1, 21
1, 46144, 42487392, 42883177
224, 1, 21
3, 113918, 41532067, 41933452
225, 1, 21
2, 154344, 42150599, 42544764
226, 1, 21
2, 102382, 42544764, 42798475
227, 1, 21
3, 95172, 41933452, 42249383
228, 1, 21
1, 60564, 42883177, 43442777
229, 1, 21
2, 105316, 42798475, 43049411
230, 1, 21
1, 28840, 43442777, 43699993
231, 1, 21
3, 128338, 42249383, 42642277
232, 2, 21
2, 174532, 43049411, 43442539
1, 37492, 43699993, 44023699
233, 1, 21
3, 168714, 42642277, 43201741
234, 1, 21
1, 44702, 44023699, 44421550
235, 1, 21
2, 216350, 43442539, 44066127
236, 1, 21
1, 25956, 44421550, 44674396
237, 1, 21
2, 28865, 44066127, 44332276
238, 1, 21
1, 38934, 44674396, 45073938
239, 1, 21
2, 27423, 44332276, 44655455
240, 1, 21
1, 24514, 45073938, 45334353
241, 1, 21
1, 25956, 45334353, 45606801
242, 1, 21
2, 38984, 44655455, 45049042
243, 1, 21
1, 20188, 45606801, 45867735
244, 1, 21
1, 25956, 45867735, 46187628
245, 1, 21
2, 57730, 45049042, 45829646
246, 1, 21
1, 17304, 46187628, 46440432
247, 1, 21
1, 21630, 46440432, 46723379
248, 1, 21
1, 31724, 46723379, 47048070
249, 1, 21
1, 30282, 47048070, 47308305
250, 1, 21
1, 44702, 47308305, 47702698
251, 1, 21
1, 72100, 47702698, 48323805
252, 1, 21
2, 284224, 45829646, 48460626
253, 1, 21
1, 90846, 48323805, 49135649
254, 1, 21
2, 30307, 48460626, 48783326
255, 1, 21
1, 28840, 49135649, 49466126
256, 1, 21
1, 17304, 49466126, 49743459
257, 1, 21
2, 27448, 48783326, 49174943
258, 1, 21
1, 27398, 49743459, 50000211
259, 1, 21
2, 33191, 49174943, 49508222
260, 1, 21
1, 28840, 50000211, 50324440
261, 1, 21
2, 28865, 49508222, 49823344
262, 1, 21
1, 17304, 50324440, 50578620
263, 1, 21
2, 15887, 49823344, 50096983
264, 1, 21
1, 17304, 50578620, 50847274
265, 1, 21
2, 27423, 50096983, 50413986
266, 1, 21
1, 25956, 50847274, 51100120
267, 1, 21
2, 20213, 50413986, 50672659
268, 1, 21
1, 23072, 51100120, 51413167
269, 1, 21
2, 23097, 50672659, 50932563
270, 1, 21
2, 24514, 50932563, 51191263
271, 1, 21
1, 50470, 51413167, 51905839
272, 1, 21
2, 30307, 51191263, 51448018
273, 1, 21
1, 30282, 51905839, 52163500
274, 1, 21
2, 37517, 51448018, 51763403
275, 1, 21
1, 37492, 52163500, 52478002
276, 1, 21
2, 59147, 51763403, 52259846
277, 1, 21
1, 59122, 52478002, 52977557
278, 1, 21
3, 54796, 43201741, 53101301
279, 1, 21
2, 271146, 52259846, 53904463
280, 1, 21
3, 85078, 53101301, 53353698
281, 1, 21
2, 111059, 53904463, 54157688
282, 1, 21
3, 99498, 53353698, 53668102
283, 1, 21
2, 113943, 54157688, 54408670
284, 1, 21
3, 141316, 53668102, 54059873
285, 1, 21
2, 122595, 54408670, 54660584
286, 1, 21
3, 92288, 54059873, 54310330
287, 1, 21
2, 151435, 54660584, 54974823
288, 1, 21
3, 139874, 54310330, 54704309
289, 1, 21
2, 178833, 54974823, 55365674
290, 1, 21
3, 87962, 54704309, 54955548
291, 1, 21
2, 119711, 55365674, 55615864
292, 1, 21
3, 86520, 54955548, 55210777
293, 1, 21
2, 177391, 55615864, 56009193
294, 1, 21
3, 108150, 55210777, 55523749
295, 1, 21
3, 171598, 55523749, 56016008
296, 1, 21
2, 282682, 56009193, 56619886
297, 1, 21
3, 545076, 56016008, 57640009
298, 1, 21
3, 109592, 57640009, 57952964
299, 1, 21
2, 982052, 56619886, 58956224
300, 1, 21
2, 27398, 58956224, 59212927
301, 1, 21
2, 34608, 59212927, 59527487
302, 1, 21
2, 43260, 59527487, 59926123
303, 1, 21
2, 85078, 59926123, 60697412
304, 1, 21
1, 1159368, 52977557, 62988001
