0, 2, 21
2, 72100, 5578212, 6324678
1, 72104, 6135433, 6881899
1, 2, 21
2, 144200, 6324678, 7623241
1, 144204, 6881899, 8180408
2, 2, 21
2, 144200, 7623241, 8912796
1, 144204, 8180408, 9469423
3, 2, 21
2, 217742, 8912796, 16975197
1, 217746, 9469423, 17532650
4, 2, 21
2, 80752, 16975197, 17634193
1, 72104, 17532650, 18190891
5, 2, 21
2, 80752, 17634193, 17944560
1, 36054, 18190891, 18501315
6, 2, 21
2, 43260, 17944560, 18108021
1, 18750, 18501315, 18661634
7, 2, 21
2, 23072, 18108021, 18192700
1, 10098, 18661634, 18749390
8, 2, 21
2, 334544, 18192700, 19596289
1, 144204, 18749390, 20153305
9, 2, 21
2, 271096, 19596289, 20267313
1, 72104, 20153305, 20824433
10, 2, 21
2, 132664, 20267313, 20590157
1, 36054, 20824433, 21146955
11, 2, 21
2, 67774, 20590157, 20759398
1, 18750, 21146955, 21315468
12, 2, 21
2, 491722, 20759398, 22210448
1, 144204, 21315468, 22767225
13, 2, 21
2, 222068, 22210448, 22853967
1, 72104, 22767225, 23410820
14, 2, 21
2, 85078, 22853967, 23295572
1, 36054, 23410820, 23852015
15, 2, 21
2, 44702, 23295572, 23473359
1, 18750, 23852015, 24029809
16, 2, 21
2, 24514, 23473359, 23576283
1, 10098, 24029809, 24130195
17, 2, 21
2, 324450, 23576283, 25075575
1, 144204, 24130195, 25632487
18, 2, 21
2, 330218, 25075575, 26311770
1, 144204, 25632487, 26867690
19, 2, 21
2, 167272, 26311770, 26960753
1, 72104, 26867690, 27517737
20, 2, 21
2, 327334, 26960753, 28225857
1, 144204, 27517737, 28782866
21, 2, 21
2, 461440, 28225857, 29555899
1, 144204, 28782866, 30112400
22, 2, 21
2, 263886, 29555899, 30216258
1, 72104, 30112400, 30773129
23, 2, 21
2, 126896, 30216258, 30536836
1, 36054, 30773129, 31093750
24, 2, 21
2, 364826, 30536836, 31767579
1, 144204, 31093750, 32323876
25, 2, 21
2, 162946, 31767579, 32394714
1, 72104, 32323876, 32950832
26, 2, 21
2, 82194, 32394714, 32699665
1, 36054, 32950832, 33256060
27, 2, 21
2, 226394, 32699665, 34563103
1, 144204, 33256060, 35118587
28, 2, 21
2, 72100, 34563103, 35509586
1, 72104, 35118587, 36066603
29, 2, 21
2, 135548, 35509586, 35816819
1, 36054, 36066603, 36373444
30, 2, 21
2, 77868, 35816819, 35986627
1, 18750, 36373444, 36543492
31, 2, 21
2, 15862, 35986627, 36072288
1, 10098, 36543492, 36629034
32, 2, 21
2, 18746, 36072288, 36120468
1, 5772, 36629034, 36677300
33, 2, 21
2, 565264, 36120468, 37607442
1, 144204, 36677300, 38164311
34, 2, 21
2, 258118, 37607442, 38259928
1, 72104, 38164311, 38816849
35, 2, 21
2, 134106, 38259928, 38587371
1, 36054, 38816849, 39144367
36, 2, 21
2, 144200, 38587371, 40037441
1, 144204, 39144367, 40594559
37, 2, 21
2, 72100, 40037441, 40659085
1, 72104, 40594559, 41216170
38, 2, 21
2, 550844, 40659085, 42140761
1, 144204, 41216170, 42697438
39, 2, 21
2, 261002, 42140761, 42822883
1, 72104, 42697438, 43379717
40, 2, 21
2, 134106, 42822883, 43136698
1, 36054, 43379717, 43692782
41, 2, 21
2, 70658, 43136698, 43297249
1, 18750, 43692782, 43853931
42, 2, 21
2, 315798, 43297249, 44697328
1, 144204, 43853931, 45254382
43, 2, 21
2, 72100, 44697328, 45655663
1, 72104, 45254382, 46211682
44, 2, 21
2, 36050, 45655663, 46111614
1, 36054, 46211682, 46668293
45, 2, 21
2, 144200, 46111614, 47372405
1, 144204, 46668293, 47929575
46, 2, 21
2, 72100, 47372405, 47978632
1, 72104, 47929575, 48532825
47, 2, 21
2, 144200, 47978632, 49566110
1, 144204, 48532825, 50122251
48, 2, 21
2, 144200, 49566110, 51229719
1, 144204, 50122251, 51786898
49, 2, 21
2, 144200, 51229719, 52450841
1, 144204, 51786898, 53007205
50, 2, 21
2, 72100, 52450841, 53061310
1, 72104, 53007205, 53617902
51, 2, 21
2, 376362, 53061310, 54302374
1, 144204, 53617902, 54859266
52, 2, 21
2, 295610, 54302374, 54908948
1, 72104, 54859266, 55465849
53, 2, 21
2, 145642, 54908948, 55235030
1, 36054, 55465849, 55791278
54, 2, 21
2, 586894, 55235030, 56509895
1, 144204, 55791278, 57066747
55, 2, 21
2, 558054, 56509895, 57736640
1, 144204, 57066747, 58292994
56, 2, 21
2, 448462, 57736640, 58972125
1, 144204, 58292994, 59528877
57, 2, 21
2, 144200, 58972125, 60280511
1, 144204, 59528877, 60837292
58, 2, 21
2, 72100, 60280511, 60924787
1, 72104, 60837292, 61481272
59, 2, 21
2, 144200, 60924787, 62178068
1, 144204, 61481272, 62735295
60, 2, 21
2, 144200, 62178068, 63541168
1, 144204, 62735295, 64098396
61, 2, 21
2, 144200, 63541168, 64872433
1, 144204, 64098396, 65429563
