0, 2, 21
2, 27398, 5576115, 5831474
1, 27398, 6161828, 6416813
1, 2, 21
2, 27398, 5831474, 6136471
1, 27398, 6416813, 6721799
2, 2, 21
2, 25956, 6136471, 6397899
1, 25956, 6721799, 6983350
3, 2, 21
2, 28840, 6397899, 6656244
1, 28840, 6983350, 7241755
4, 2, 21
2, 28840, 6656244, 6913166
1, 28840, 7241755, 7498535
5, 2, 21
2, 28840, 6913166, 7173297
1, 28840, 7498535, 7757978
6, 2, 21
2, 27398, 7173297, 7424568
1, 27398, 7757978, 8009698
7, 1, 21
1, 27398, 8009698, 8259722
8, 1, 21
2, 28865, 7424568, 7685816
9, 1, 21
1, 27398, 8259722, 8512368
10, 1, 21
2, 27423, 7685816, 7938151
11, 1, 21
1, 28840, 8512368, 8770102
12, 1, 21
2, 28865, 7938151, 8198600
13, 1, 21
1, 28840, 8770102, 9029250
14, 1, 21
2, 28865, 8198600, 8458665
15, 1, 21
1, 28840, 9029250, 9281690
16, 1, 21
2, 30307, 8458665, 8719854
17, 1, 21
1, 28840, 9281690, 9542204
18, 1, 21
2, 28865, 8719854, 8981111
19, 1, 21
1, 28840, 9542204, 9801501
20, 1, 21
2, 28865, 8981111, 9244943
21, 1, 21
1, 27398, 9801501, 10055069
22, 1, 21
2, 28865, 9244943, 9505338
23, 2, 21
2, 10094, 9505338, 15712787
1, 14420, 10055069, 16298190
24, 2, 21
2, 27398, 15712787, 15969985
1, 27398, 16298190, 16555335
25, 2, 21
2, 28840, 15969985, 16232517
1, 28840, 16555335, 16817227
26, 2, 21
2, 30282, 16232517, 16488577
1, 30282, 16817227, 17073471
27, 2, 21
2, 30282, 16488577, 16747933
1, 30282, 17073471, 17333612
28, 2, 21
2, 28840, 16747933, 17000258
1, 28840, 17333612, 17585819
29, 2, 21
2, 27398, 17000258, 17252547
1, 27398, 17585819, 17838023
30, 2, 21
2, 27398, 17252547, 17508651
1, 27398, 17838023, 18094267
31, 1, 21
2, 46144, 17508651, 17762410
32, 1, 21
1, 30282, 18094267, 18356008
33, 1, 21
3, 38934, 17096325, 17351163
34, 1, 21
2, 66382, 17762410, 18017868
35, 1, 21
1, 30282, 18356008, 18616562
36, 1, 21
3, 38934, 17351163, 17609416
37, 1, 21
2, 67824, 18017868, 18270855
38, 1, 21
1, 30282, 18616562, 18875197
39, 1, 21
3, 36050, 17609416, 17864100
40, 1, 21
2, 63498, 18270855, 18524156
41, 1, 21
1, 30282, 18875197, 19134592
42, 1, 21
3, 28840, 17864100, 18180892
43, 1, 21
2, 40426, 18524156, 18774174
44, 1, 21
1, 18746, 19134592, 19391829
45, 1, 21
3, 30282, 18180892, 18437517
46, 1, 21
2, 51962, 18774174, 19024779
47, 1, 21
1, 24514, 19391829, 19646460
48, 1, 21
3, 40376, 18437517, 18693590
49, 1, 21
2, 69266, 19024779, 19280727
50, 1, 21
1, 27398, 19646460, 19902958
51, 1, 21
3, 38934, 18693590, 18943748
52, 1, 21
2, 66382, 19280727, 19531237
53, 1, 21
1, 28840, 19902958, 20158450
54, 1, 21
3, 40376, 18943748, 19200566
55, 1, 21
2, 98106, 19531237, 19781409
56, 1, 21
1, 28840, 20158450, 20416394
57, 1, 21
4, 38934, 18447650, 18705903
58, 1, 21
3, 38934, 19200566, 19459204
59, 1, 21
2, 98131, 19781409, 20031706
60, 1, 21
1, 28840, 20416394, 20668376
61, 1, 21
4, 34608, 18705903, 18957492
62, 1, 21
3, 36050, 19459204, 19713527
63, 1, 21
2, 99573, 20031706, 20282343
64, 1, 21
1, 25956, 20668376, 20926989
65, 1, 21
4, 40376, 18957492, 19213603
66, 1, 21
2, 100990, 20282343, 20534034
67, 1, 21
3, 37492, 19713527, 19967589
68, 1, 21
1, 28840, 20926989, 21185262
69, 1, 21
4, 38934, 19213603, 19465159
70, 1, 21
3, 38934, 19967589, 20223438
71, 1, 21
2, 106808, 20534034, 20784647
72, 1, 21
1, 27398, 21185262, 21435591
73, 1, 21
4, 37492, 19465159, 19718107
74, 1, 21
2, 95222, 20784647, 21038389
75, 1, 21
3, 38934, 20223438, 20483378
76, 1, 21
1, 28840, 21435591, 21691678
77, 1, 21
4, 27398, 19718107, 19972768
78, 1, 21
2, 64965, 21038389, 21290785
79, 1, 21
3, 23072, 20483378, 20737616
80, 1, 21
1, 21630, 21691678, 21956458
81, 1, 21
4, 18746, 19972768, 20237057
82, 1, 21
2, 66407, 21290785, 21544431
83, 1, 21
3, 18746, 20737616, 20987842
84, 1, 21
1, 18746, 21956458, 22216334
85, 1, 21
4, 31724, 20237057, 20513142
86, 1, 21
2, 88037, 21544431, 21797595
87, 1, 21
3, 31724, 20987842, 21247458
88, 1, 21
1, 24514, 22216334, 22469974
89, 1, 21
4, 37492, 20513142, 20764978
90, 1, 21
2, 101015, 21797595, 22050608
91, 1, 21
3, 38934, 21247458, 21505900
92, 1, 21
1, 30282, 22469974, 22727506
93, 1, 21
4, 37492, 20764978, 21021721
94, 1, 21
2, 102457, 22050608, 22302533
95, 1, 21
3, 37492, 21505900, 21763670
96, 1, 21
1, 28840, 22727506, 22983999
97, 1, 21
4, 37492, 21021721, 21278667
98, 1, 21
2, 102457, 22302533, 22554105
99, 1, 21
3, 37492, 21763670, 22017453
100, 1, 21
1, 27398, 22983999, 23236697
101, 1, 21
4, 37492, 21278667, 21532004
102, 1, 21
2, 86595, 22554105, 22811456
103, 1, 21
1, 30282, 23236697, 23500130
104, 1, 21
4, 27398, 21532004, 21792884
105, 1, 21
2, 44752, 22811456, 23068900
106, 1, 21
1, 18746, 23500130, 23766630
107, 1, 21
4, 33166, 21792884, 22045284
108, 1, 21
2, 60614, 23068900, 23321727
109, 1, 21
1, 25956, 23766630, 24021265
110, 1, 21
4, 37492, 22045284, 22300094
111, 1, 21
2, 57730, 23321727, 23582338
112, 1, 21
4, 21630, 22300094, 22550441
113, 1, 21
1, 27398, 24021265, 24287802
114, 1, 21
2, 40426, 23582338, 23837275
115, 1, 21
4, 28840, 22550441, 22805752
116, 1, 21
1, 15862, 24287802, 24542990
117, 1, 21
2, 47636, 23837275, 24091255
118, 1, 21
4, 27398, 22805752, 23060626
119, 1, 21
1, 21630, 24542990, 24793648
120, 1, 21
2, 62056, 24091255, 24347369
121, 1, 21
1, 27398, 24793648, 25046646
122, 1, 21
4, 38934, 23060626, 23328524
123, 1, 21
2, 64940, 24347369, 24598520
124, 1, 21
1, 27398, 25046646, 25303190
125, 1, 21
4, 37492, 23328524, 23581894
126, 1, 21
2, 64940, 24598520, 24855318
127, 1, 21
1, 28840, 25303190, 25556694
128, 1, 21
4, 37492, 23581894, 23833735
129, 1, 21
2, 66382, 24855318, 25105998
130, 1, 21
4, 36050, 23833735, 24085151
131, 1, 21
1, 30282, 25556694, 25813570
132, 1, 21
2, 66382, 25105998, 25356300
133, 1, 21
4, 37492, 24085151, 24340845
134, 1, 21
1, 30282, 25813570, 26070924
135, 1, 21
2, 64940, 25356300, 25608017
136, 1, 21
1, 28840, 26070924, 26321580
137, 1, 21
4, 38934, 24340845, 24601580
138, 1, 21
2, 66382, 25608017, 25858775
139, 1, 21
1, 30282, 26321580, 26577927
140, 1, 21
4, 40376, 24601580, 24854586
141, 1, 21
2, 70708, 25858775, 26115025
142, 1, 21
4, 37492, 24854586, 25107210
143, 1, 21
1, 30282, 26577927, 26834201
144, 1, 21
2, 69266, 26115025, 26366720
145, 1, 21
4, 38934, 25107210, 25366019
146, 1, 21
1, 30282, 26834201, 27089629
147, 1, 21
2, 66382, 26366720, 26620022
148, 1, 21
4, 37492, 25366019, 25622716
149, 1, 21
1, 28840, 27089629, 27346533
150, 1, 21
2, 66382, 26620022, 26872726
151, 1, 21
1, 28840, 27346533, 27597329
152, 1, 21
4, 37492, 25622716, 25874510
153, 1, 21
2, 64940, 26872726, 27124848
154, 1, 21
1, 27398, 27597329, 27847752
155, 1, 21
4, 36050, 25874510, 26133440
156, 1, 21
2, 64940, 27124848, 27378247
157, 1, 21
1, 28840, 27847752, 28099579
158, 1, 21
4, 38934, 26133440, 26386231
159, 1, 21
2, 66382, 27378247, 27628672
160, 1, 21
1, 30282, 28099579, 28361665
161, 1, 21
4, 37492, 26386231, 26637161
162, 1, 21
2, 66382, 27628672, 27883119
163, 1, 21
4, 36050, 26637161, 26889715
164, 1, 21
1, 30282, 28361665, 28623751
165, 1, 21
2, 67824, 27883119, 28136415
166, 1, 21
4, 38934, 26889715, 27150063
167, 1, 21
1, 30282, 28623751, 28880263
168, 1, 21
2, 64940, 28136415, 28389982
169, 1, 21
4, 34608, 27150063, 27406503
170, 1, 21
1, 30282, 28880263, 29137292
171, 1, 21
3, 17304, 22017453, 28058311
172, 1, 21
2, 69291, 28389982, 28642581
173, 1, 21
4, 36050, 27406503, 27661222
174, 1, 21
1, 30282, 29137292, 29395380
175, 1, 21
3, 36050, 28058311, 28321188
176, 1, 21
2, 96689, 28642581, 28895501
177, 1, 21
4, 27398, 27661222, 27920230
178, 1, 21
1, 27398, 29395380, 29666507
179, 1, 21
3, 27398, 28321188, 28574511
180, 1, 21
2, 82269, 28895501, 29150089
181, 1, 21
4, 38934, 27920230, 28171263
182, 1, 21
1, 25956, 29666507, 29916910
183, 1, 21
3, 38934, 28574511, 28830440
184, 1, 21
2, 105341, 29150089, 29405500
185, 1, 21
4, 34608, 28171263, 28437559
186, 1, 21
1, 28840, 29916910, 30175237
187, 1, 21
3, 33166, 28830440, 29082947
188, 1, 21
2, 96689, 29405500, 29657571
189, 1, 21
4, 38934, 28437559, 28696826
190, 1, 21
1, 27398, 30175237, 30432041
191, 1, 21
3, 40376, 29082947, 29342219
192, 1, 21
2, 103899, 29657571, 29911087
193, 1, 21
4, 37492, 28696826, 28952750
194, 1, 21
1, 28840, 30432041, 30682538
195, 2, 21
2, 102432, 29911087, 30163623
3, 37492, 29342219, 29602214
196, 1, 21
4, 37492, 28952750, 29209295
197, 1, 21
1, 30282, 30682538, 30941332
198, 1, 21
2, 102432, 30163623, 30416723
199, 1, 21
3, 37492, 29602214, 29859897
200, 1, 21
4, 36050, 29209295, 29467424
201, 1, 21
1, 30282, 30941332, 31197550
202, 1, 21
2, 101015, 30416723, 30667825
203, 1, 21
3, 36050, 29859897, 30117110
204, 1, 21
1, 30282, 31197550, 31452378
205, 1, 21
2, 72150, 30667825, 30927150
206, 1, 21
3, 37492, 30117110, 30367642
207, 1, 21
1, 30282, 31452378, 31709932
208, 2, 21
2, 67824, 30927150, 31180256
3, 37492, 30367642, 30618752
209, 1, 21
1, 30282, 31709932, 31964815
210, 1, 21
3, 36050, 30618752, 30868843
211, 1, 21
2, 67824, 31180256, 31439019
212, 1, 21
1, 30282, 31964815, 32220852
213, 1, 21
3, 37492, 30868843, 31119447
214, 1, 21
2, 69266, 31439019, 31694924
215, 1, 21
1, 30282, 32220852, 32477817
216, 1, 21
3, 36050, 31119447, 31370572
217, 1, 21
2, 66382, 31694924, 31949016
218, 1, 21
1, 30282, 32477817, 32732808
219, 1, 21
3, 38934, 31370572, 31621461
220, 1, 21
2, 69266, 31949016, 32200384
221, 1, 21
1, 30282, 32732808, 32994331
222, 1, 21
3, 36050, 31621461, 31880802
223, 1, 21
2, 64940, 32200384, 32457641
224, 1, 21
1, 30282, 32994331, 33247032
225, 1, 21
3, 38934, 31880802, 32136193
226, 1, 21
2, 69266, 32457641, 32710138
227, 1, 21
1, 30282, 33247032, 33503796
228, 1, 21
3, 33166, 32136193, 32394337
229, 1, 21
2, 60614, 32710138, 32961949
230, 1, 21
1, 25956, 33503796, 33759393
231, 1, 21
3, 33166, 32394337, 32650701
232, 1, 21
2, 60614, 32961949, 33220410
233, 1, 21
1, 27398, 33759393, 34020224
234, 2, 21
2, 43285, 33220410, 33473870
3, 20188, 32650701, 32912455
235, 2, 21
2, 14420, 33473870, 33848889
1, 11536, 34020224, 34433909
236, 2, 21
2, 18746, 33848889, 34110216
1, 18746, 34433909, 34694751
237, 2, 21
2, 14420, 34110216, 34372064
1, 14420, 34694751, 34957446
238, 2, 21
2, 21630, 34372064, 34625925
1, 21630, 34957446, 35211247
239, 2, 21
2, 14420, 34625925, 34877846
1, 14420, 35211247, 35463180
240, 2, 21
2, 18746, 34877846, 35138698
1, 18746, 35463180, 35724143
241, 2, 21
2, 23072, 35138698, 35388983
1, 23072, 35724143, 35974441
242, 1, 21
3, 5768, 32912455, 35009451
243, 1, 21
2, 53379, 35388983, 35639936
244, 1, 21
1, 30282, 35974441, 36230582
245, 1, 21
3, 82194, 35009451, 35262335
246, 1, 21
2, 112526, 35639936, 35890038
247, 1, 21
1, 28840, 36230582, 36488028
248, 1, 21
3, 82194, 35262335, 35569684
249, 1, 21
2, 90896, 35890038, 36141178
250, 1, 21
1, 30282, 36488028, 36812680
251, 1, 21
3, 67774, 35569684, 35822258
252, 1, 21
2, 86570, 36141178, 36399290
253, 1, 21
1, 25956, 36812680, 37069185
254, 1, 21
3, 28840, 35822258, 36079695
255, 1, 21
2, 43310, 36399290, 36651201
256, 1, 21
1, 12978, 37069185, 37322903
257, 1, 21
3, 82194, 36079695, 36333890
258, 1, 21
2, 106758, 36651201, 36901789
259, 1, 21
1, 28840, 37322903, 37578489
260, 1, 21
3, 90846, 36333890, 36588320
261, 1, 21
2, 119736, 36901789, 37152843
262, 1, 21
1, 30282, 37578489, 37834670
263, 1, 21
3, 86520, 36588320, 36840886
264, 1, 21
2, 115410, 37152843, 37404958
265, 1, 21
1, 28840, 37834670, 38085776
266, 1, 21
3, 80752, 36840886, 37091581
267, 1, 21
2, 109642, 37404958, 37655936
268, 1, 21
1, 28840, 38085776, 38345908
269, 1, 21
3, 74984, 37091581, 37344520
270, 1, 21
2, 102432, 37655936, 37911276
271, 1, 21
1, 27398, 38345908, 38597329
272, 1, 21
3, 70658, 37344520, 37597954
273, 1, 21
2, 99548, 37911276, 38167761
274, 1, 21
1, 27398, 38597329, 38852876
275, 1, 21
3, 80752, 37597954, 37851991
276, 1, 21
2, 109642, 38167761, 38421274
277, 1, 21
1, 30282, 38852876, 39114866
278, 1, 21
2, 80777, 38421274, 38675819
279, 1, 21
1, 28840, 39114866, 39368363
280, 1, 21
2, 25981, 38675819, 38933483
281, 1, 21
1, 25956, 39368363, 39631554
282, 1, 21
2, 24539, 38933483, 39192802
283, 1, 21
1, 23072, 39631554, 39883070
284, 1, 21
2, 24539, 39192802, 39452882
285, 1, 21
1, 21630, 39883070, 40141324
286, 1, 21
2, 21655, 39452882, 39712400
287, 1, 21
1, 25956, 40141324, 40403047
288, 1, 21
2, 28865, 39712400, 39966989
289, 1, 21
1, 30282, 40403047, 40662513
290, 1, 21
2, 30307, 39966989, 40224743
291, 1, 21
1, 30282, 40662513, 40918945
292, 1, 21
2, 30307, 40224743, 40484732
293, 1, 21
1, 27398, 40918945, 41171946
294, 1, 21
2, 24539, 40484732, 40736672
295, 1, 21
3, 54796, 37851991, 40243051
296, 1, 21
1, 21630, 41171946, 41468530
297, 1, 21
2, 80802, 40736672, 40987000
298, 1, 21
3, 77868, 40243051, 40556164
299, 1, 21
1, 28840, 41468530, 41796712
300, 1, 21
2, 72150, 40987000, 41240544
301, 1, 21
3, 74984, 40556164, 40809025
302, 1, 21
1, 30282, 41796712, 42059298
303, 1, 21
2, 109642, 41240544, 41491748
304, 1, 21
3, 82194, 40809025, 41063076
305, 1, 21
1, 30282, 42059298, 42318243
306, 1, 21
2, 108200, 41491748, 41742835
307, 1, 21
3, 82194, 41063076, 41317080
308, 1, 21
1, 28840, 42318243, 42568431
309, 1, 21
2, 111084, 41742835, 41995285
310, 1, 21
3, 82194, 41317080, 41567840
311, 1, 21
1, 30282, 42568431, 42826893
312, 1, 21
2, 111084, 41995285, 42246173
313, 1, 21
3, 72100, 41567840, 41841182
314, 1, 21
1, 24514, 42826893, 43078898
315, 1, 21
2, 88012, 42246173, 42504722
316, 1, 21
3, 76426, 41841182, 42094629
317, 1, 21
1, 28840, 43078898, 43335466
318, 1, 21
2, 109642, 42504722, 42757260
319, 1, 21
3, 79310, 42094629, 42347037
320, 1, 21
1, 28840, 43335466, 43586241
321, 1, 21
2, 109642, 42757260, 43012120
322, 1, 21
3, 85078, 42347037, 42600357
323, 1, 21
1, 30282, 43586241, 43845027
324, 1, 21
2, 112526, 43012120, 43265084
325, 1, 21
3, 82194, 42600357, 42857272
326, 1, 21
1, 27398, 43845027, 44095931
327, 1, 21
2, 108200, 43265084, 43522021
328, 1, 21
3, 69216, 42857272, 43109193
329, 1, 21
1, 25956, 44095931, 44348471
330, 1, 21
2, 102432, 43522021, 43772719
331, 1, 21
1, 27398, 44348471, 44605998
332, 1, 21
2, 44727, 43772719, 44055995
333, 1, 21
1, 20188, 44605998, 44861613
334, 1, 21
2, 23097, 44055995, 44313575
335, 1, 21
1, 28840, 44861613, 45123912
336, 1, 21
2, 27423, 44313575, 44565522
337, 2, 21
2, 18746, 44565522, 44840383
1, 21630, 45123912, 45424996
338, 2, 21
2, 20188, 44840383, 45092129
1, 20188, 45424996, 45677449
339, 2, 21
2, 23072, 45092129, 45364320
1, 23072, 45677449, 45949378
340, 2, 21
2, 17304, 45364320, 45624373
1, 17304, 45949378, 46209134
341, 2, 21
2, 18746, 45624373, 45880271
1, 18746, 46209134, 46465219
342, 2, 21
2, 28840, 45880271, 46136259
1, 28840, 46465219, 46721571
343, 2, 21
2, 28840, 46136259, 46386936
1, 28840, 46721571, 46971956
344, 2, 21
2, 28840, 46386936, 46643730
1, 28840, 46971956, 47228790
345, 2, 21
2, 30282, 46643730, 46904217
1, 30282, 47228790, 47489101
346, 2, 21
2, 30282, 46904217, 47163310
1, 30282, 47489101, 47748621
347, 2, 21
2, 30282, 47163310, 47422272
1, 30282, 47748621, 48007695
348, 2, 21
2, 30282, 47422272, 47675030
1, 30282, 48007695, 48260239
349, 2, 21
2, 30282, 47675030, 47934522
1, 30282, 48260239, 48519420
350, 2, 21
2, 24514, 47934522, 48186387
1, 24514, 48519420, 48771376
351, 2, 21
2, 23072, 48186387, 48438813
1, 23072, 48771376, 49023905
352, 2, 21
2, 18746, 48438813, 48717530
1, 18746, 49023905, 49302367
353, 2, 21
2, 24514, 48717530, 48970630
1, 24514, 49302367, 49556063
354, 2, 21
2, 24514, 48970630, 49235866
1, 24514, 49556063, 49820946
355, 2, 21
2, 21630, 49235866, 49503563
1, 21630, 49820946, 50088417
356, 2, 21
2, 15862, 49503563, 49757228
1, 15862, 50088417, 50342327
357, 2, 21
2, 21630, 49757228, 50016495
1, 21630, 50342327, 50601466
358, 2, 21
2, 23072, 50016495, 50299947
1, 23072, 50601466, 50884643
359, 2, 21
2, 23072, 50299947, 50559716
1, 23072, 50884643, 51144625
360, 2, 21
2, 24514, 50559716, 50818350
1, 24514, 51144625, 51403463
361, 2, 21
2, 30282, 50818350, 51075671
1, 30282, 51403463, 51660570
362, 2, 21
2, 30282, 51075671, 51330910
1, 30282, 51660570, 51915762
363, 2, 21
2, 30282, 51330910, 51585075
1, 30282, 51915762, 52169989
364, 2, 21
2, 30282, 51585075, 51839473
1, 30282, 52169989, 52424439
365, 2, 21
2, 30282, 51839473, 52098293
1, 30282, 52424439, 52682670
366, 2, 21
2, 30282, 52098293, 52357340
1, 30282, 52682670, 52942004
367, 2, 21
2, 30282, 52357340, 52613910
1, 30282, 52942004, 53198446
368, 2, 21
2, 30282, 52613910, 52867992
1, 30282, 53198446, 53453212
369, 2, 21
2, 28840, 52867992, 53121940
1, 28840, 53453212, 53706509
370, 2, 21
2, 30282, 53121940, 53379194
1, 30282, 53706509, 53964680
371, 1, 21
3, 54796, 43109193, 53008632
372, 1, 21
2, 50495, 53379194, 53630819
373, 1, 21
1, 30282, 53964680, 54225124
374, 1, 21
3, 85078, 53008632, 53260606
375, 1, 21
2, 112526, 53630819, 53883114
376, 1, 21
1, 30282, 54225124, 54481926
377, 1, 21
3, 82194, 53260606, 53514870
378, 1, 21
2, 111084, 53883114, 54133579
379, 1, 21
1, 30282, 54481926, 54741972
380, 1, 21
3, 85078, 53514870, 53767933
381, 1, 21
2, 118294, 54133579, 54387071
382, 1, 21
1, 30282, 54741972, 54997419
383, 1, 21
3, 93730, 53767933, 54021449
384, 1, 21
2, 124062, 54387071, 54639547
385, 1, 21
1, 30282, 54997419, 55250969
386, 1, 21
3, 93730, 54021449, 54275611
387, 1, 21
2, 122620, 54639547, 54893271
388, 1, 21
1, 30282, 55250969, 55506911
389, 1, 21
3, 92288, 54275611, 54526635
390, 1, 21
2, 121178, 54893271, 55146943
391, 1, 21
1, 30282, 55506911, 55760484
392, 1, 21
3, 82194, 54526635, 54778783
393, 1, 21
2, 115410, 55146943, 55397638
394, 1, 21
1, 30282, 55760484, 56019867
395, 1, 21
3, 89404, 54778783, 55028790
396, 1, 21
2, 116852, 55397638, 55651606
397, 1, 21
1, 30282, 56019867, 56281457
398, 1, 21
3, 85078, 55028790, 55280900
399, 1, 21
2, 115410, 55651606, 55901668
400, 1, 21
1, 28840, 56281457, 56539730
401, 1, 21
3, 89404, 55280900, 55533677
402, 1, 21
2, 116852, 55901668, 56153276
403, 1, 21
1, 30282, 56539730, 56792386
404, 1, 21
3, 86520, 55533677, 55785248
405, 1, 21
2, 108200, 56153276, 56405965
406, 1, 21
1, 28840, 56792386, 57048984
407, 1, 21
3, 79310, 55785248, 56038464
408, 1, 21
2, 115410, 56405965, 56657301
409, 1, 21
1, 30282, 57048984, 57307442
410, 1, 21
3, 83636, 56038464, 56290398
411, 1, 21
2, 111084, 56657301, 56910046
412, 1, 21
1, 28840, 57307442, 57560527
413, 1, 21
3, 77868, 56290398, 56544990
414, 1, 21
2, 108200, 56910046, 57161248
415, 1, 21
1, 30282, 57560527, 57820736
416, 1, 21
3, 80752, 56544990, 56798068
417, 1, 21
2, 108200, 57161248, 57414402
418, 1, 21
1, 28840, 57820736, 58070908
419, 1, 21
3, 82194, 56798068, 57048908
420, 1, 21
2, 111084, 57414402, 57667415
421, 1, 21
1, 28840, 58070908, 58334590
422, 1, 21
3, 77868, 57048908, 57299872
423, 1, 21
2, 103874, 57667415, 57917494
424, 1, 21
1, 28840, 58334590, 58585363
425, 1, 21
3, 82194, 57299872, 57553224
426, 1, 21
2, 113968, 57917494, 58167970
427, 1, 21
1, 28840, 58585363, 58838312
428, 1, 21
3, 89404, 57553224, 57803712
429, 1, 21
2, 118294, 58167970, 58419998
430, 1, 21
1, 30282, 58838312, 59090859
431, 1, 21
3, 87962, 57803712, 58054644
432, 1, 21
2, 116852, 58419998, 58671443
433, 1, 21
1, 28840, 59090859, 59341698
434, 1, 21
2, 30307, 58671443, 58922138
435, 1, 21
1, 27398, 59341698, 59599548
436, 1, 21
2, 28865, 58922138, 59182487
437, 1, 21
1, 28840, 59599548, 59861077
438, 1, 21
2, 28865, 59182487, 59445115
439, 1, 21
1, 28840, 59861077, 60122857
440, 1, 21
2, 27423, 59445115, 59698768
441, 1, 21
1, 27398, 60122857, 60376659
442, 1, 21
2, 28865, 59698768, 59955951
443, 1, 21
1, 28840, 60376659, 60631467
444, 1, 21
2, 28865, 59955951, 60214774
445, 1, 21
1, 28840, 60631467, 60892979
446, 1, 21
2, 28865, 60214774, 60475229
447, 1, 21
1, 28840, 60892979, 61146961
448, 1, 21
2, 28865, 60475229, 60727136
449, 1, 21
1, 28840, 61146961, 61400869
450, 1, 21
2, 28865, 60727136, 60981781
451, 1, 21
1, 28840, 61400869, 61655061
452, 1, 21
2, 30307, 60981781, 61239890
453, 1, 21
1, 30282, 61655061, 61915652
454, 1, 21
2, 28865, 61239890, 61494430
455, 1, 21
1, 28840, 61915652, 62167972
456, 1, 21
2, 30307, 61494430, 61753861
457, 1, 21
1, 30282, 62167972, 62425009
458, 1, 21
2, 28865, 61753861, 62006630
459, 1, 21
1, 28840, 62425009, 62684822
460, 1, 21
2, 28865, 62006630, 62270190
461, 1, 21
1, 27398, 62684822, 62941431
462, 1, 21
2, 25981, 62270190, 62520502
463, 1, 21
1, 27398, 62941431, 63201796
464, 1, 21
2, 27423, 62520502, 62779007
465, 1, 21
1, 27398, 63201796, 63463088
466, 1, 21
2, 27423, 62779007, 63044210
467, 1, 21
1, 27398, 63463088, 63719657
468, 1, 21
2, 27423, 63044210, 63301842
469, 1, 21
1, 25956, 63719657, 63972522
470, 1, 21
2, 27423, 63301842, 63562948
471, 1, 21
1, 27398, 63972522, 64229239
472, 1, 21
2, 27423, 63562948, 63815581
473, 1, 21
1, 27398, 64229239, 64481442
474, 1, 21
2, 27423, 63815581, 64068336
475, 1, 21
1, 27398, 64481442, 64736727
476, 1, 21
2, 28865, 64068336, 64328633
477, 1, 21
1, 28840, 64736727, 64995160
478, 1, 21
2, 27423, 64328633, 64585702
479, 1, 21
1, 27398, 64995160, 65251127
480, 1, 21
2, 30307, 64585702, 64847871
481, 1, 21
1, 30282, 65251127, 65512058
482, 1, 21
2, 27423, 64847871, 65098618
483, 1, 21
1, 27398, 65512058, 65764706
484, 1, 21
2, 28865, 65098618, 65356753
485, 1, 21
1, 28840, 65764706, 66020443
486, 1, 21
2, 28865, 65356753, 65615979
487, 1, 21
1, 28840, 66020443, 66282091
488, 1, 21
2, 27423, 65615979, 65872432
489, 1, 21
1, 27398, 66282091, 66532970
