0, 14938, 2, 17, 1674929601.722056
4,  14000, 3905028, 4006319
1,  14000, 5536961, 5638250
1, 18672, 2, 17, 1674929601.7224903
4,  14000, 3905070, 4006486
3,  14000, 4435118, 4536578
2, 29093, 2, 17, 1674929601.7231128
4,  14000, 3905100, 4007738
2,  14000, 4986419, 5088451
3, 14938, 2, 17, 1674929601.8235593
4,  12600, 4006319, 4107707
1,  12600, 5638250, 5739588
4, 18672, 2, 17, 1674929601.82395
4,  12600, 4006486, 4107732
3,  12600, 4536578, 4637748
5, 29093, 2, 17, 1674929601.8245718
4,  12600, 4007738, 4109108
2,  12600, 5088451, 5190386
6, 18672, 2, 17, 1674929601.9359431
4,  14000, 4107732, 4220233
3,  14000, 4637748, 4750280
7, 14938, 2, 17, 1674929601.9363706
4,  14000, 4107707, 4220263
1,  14000, 5739588, 5852123
8, 29093, 2, 17, 1674929601.9379325
4,  14000, 4109108, 4222401
2,  14000, 5190386, 5303685
9, 14938, 2, 17, 1674929602.0713048
4,  16800, 4220263, 4355537
1,  16800, 5852123, 5987321
10, 18672, 2, 17, 1674929602.0717535
4,  16800, 4220233, 4355750
3,  16800, 4750280, 4885788
11, 29093, 2, 17, 1674929602.0739243
4,  16800, 4222401, 4358475
2,  16800, 5303685, 5439799
12, 14938, 2, 17, 1674929602.217629
4,  18200, 4355537, 4501855
1,  18200, 5987321, 6133738
13, 18672, 2, 17, 1674929602.2180538
4,  18200, 4355750, 4501868
3,  18200, 4885788, 5031879
14, 29093, 2, 17, 1674929602.221558
4,  18200, 4358475, 4505999
2,  18200, 5439799, 5587313
15, 14938, 2, 17, 1674929602.3981664
4,  22400, 4501855, 4682190
1,  22400, 6133738, 6313976
16, 29093, 2, 17, 1674929602.4028978
4,  22400, 4505999, 4686913
2,  22400, 5587313, 5768182
17, 18672, 2, 17, 1674929602.409002
4,  23800, 4501868, 4693232
3,  23800, 5031879, 5223306
18, 14938, 2, 17, 1674929602.6576178
4,  32200, 4682190, 4941798
1,  32200, 6313976, 6573810
19, 29093, 2, 17, 1674929602.6615484
4,  32200, 4686913, 4946009
2,  32200, 5768182, 6027374
20, 18672, 2, 17, 1674929602.667552
4,  32200, 4693232, 4951963
3,  32200, 5223306, 5482097
21, 26266, 2, 17, 1674929602.7291825
4,  478800, 4913258, 5013538
1,  478800, 6545277, 6645511
22, 14938, 2, 17, 1674929603.0309956
4,  46200, 4941798, 5315499
1,  46200, 6573810, 6947489
23, 29093, 2, 17, 1674929603.0327446
4,  46200, 4946009, 5317376
2,  46200, 6027374, 6398737
24, 18672, 2, 17, 1674929603.084202
4,  51800, 4951963, 5368591
3,  51800, 5482097, 5898634
25, 21913, 2, 17, 1674929604.7521458
4,  452200, 6936589, 7036614
1,  452200, 8568575, 8668681
26, 6051, 2, 17, 1674929604.7898471
4,  331800, 6974084, 7074363
2,  331800, 8055506, 8155776
27, 42982, 2, 17, 1674929607.780071
4,  400400, 9964359, 10064580
2,  400400, 11045678, 11145987
28, 29093, 2, 17, 1674929608.040127
4,  621600, 5317376, 10324576
2,  621600, 6398737, 11406007
29, 14938, 2, 17, 1674929608.0405648
4,  623000, 5315499, 10324734
1,  623000, 6947489, 11956754
30, 18672, 2, 17, 1674929608.0908175
4,  623000, 5368591, 10375357
3,  623000, 5898634, 10905481
31, 9376, 2, 17, 1674929609.7861295
4,  289800, 11970246, 12070659
2,  289800, 13051655, 13152083
32, 23644, 2, 17, 1674929610.787605
4,  421400, 12971164, 13071415
1,  421400, 14603199, 14703424
33, 13215, 1, 17, 1674929611.7881627
1,  421400, 15604672, 15704678
34, 13215, 1, 17, 1674929611.7886496
4,  424225, 13972763, 14072997
35, 29093, 1, 17, 1674929611.879821
4,  477400, 10324576, 14164253
36, 29093, 1, 17, 1674929611.9811647
4,  12600, 14164253, 14265583
37, 29093, 1, 17, 1674929612.0942254
4,  14000, 14265583, 14378273
38, 29093, 1, 17, 1674929612.228978
4,  16800, 14378273, 14513453
39, 29093, 1, 17, 1674929612.3760417
4,  18200, 14513453, 14659828
40, 29093, 1, 17, 1674929612.566806
4,  23800, 14659828, 14851189
41, 17062, 2, 17, 1674929612.796687
4,  394800, 14980921, 15081080
2,  394800, 16062353, 16162427
42, 29093, 1, 17, 1674929612.8283768
4,  32200, 14851189, 15112861
43, 29093, 1, 17, 1674929613.0425625
2,  621600, 11406007, 16408279
44, 14938, 2, 17, 1674929613.0447843
4,  621600, 10324734, 15329358
1,  621600, 11956754, 16961370
45, 18672, 2, 17, 1674929613.099531
4,  623000, 10375357, 15383960
3,  623000, 10905481, 15914136
46, 29093, 1, 17, 1674929613.2449293
4,  51825, 15112861, 15529314
47, 7669, 2, 17, 1674929614.786674
4,  334600, 16970583, 17070849
3,  334600, 17500778, 17601021
48, 45273, 2, 17, 1674929616.8010457
4,  452200, 18985196, 19085246
1,  450800, 20617266, 20717277
49, 29093, 1, 17, 1674929618.0504236
2,  623000, 16408279, 21416002
50, 14938, 2, 17, 1674929618.0545013
4,  623000, 15329358, 20339005
1,  623000, 16961370, 21971037
51, 18672, 2, 17, 1674929618.10659
4,  623000, 15383960, 20391123
3,  623000, 15914136, 20921265
52, 29093, 1, 17, 1674929618.2527454
4,  623025, 15529314, 20537261
53, 57114, 2, 17, 1674929618.8278034
4,  316400, 21012237, 21112323
1,  316400, 22644258, 22744400
54, 40627, 2, 17, 1674929619.7994578
4,  289800, 21983846, 22084015
3,  289800, 22514059, 22614235
55, 62179, 2, 17, 1674929622.8209372
4,  366800, 25005333, 25105386
2,  366800, 26086682, 26186811
56, 29093, 1, 17, 1674929623.05745
2,  623000, 21416002, 26423444
57, 14938, 2, 17, 1674929623.0623605
4,  623000, 20339005, 25346936
1,  623000, 21971037, 26978653
58, 18672, 2, 17, 1674929623.112603
4,  623000, 20391123, 25397147
3,  623000, 20921265, 25927315
59, 29093, 1, 17, 1674929623.2599225
4,  623025, 20537261, 25544479
60, 7782, 2, 17, 1674929624.8132863
4,  291200, 26997713, 27097851
2,  291200, 28079139, 28179235
61, 29093, 1, 17, 1674929628.0659819
2,  623000, 26423444, 31431324
62, 14938, 2, 17, 1674929628.0699115
4,  623000, 25346936, 30354037
1,  623000, 26978653, 31985989
63, 18672, 2, 17, 1674929628.1205478
4,  623000, 25397147, 30405025
3,  623000, 25927315, 30935208
64, 29093, 1, 17, 1674929628.2683353
4,  623025, 25544479, 30552444
65, 28511, 2, 17, 1674929628.811244
4,  316400, 30995631, 31095715
1,  316400, 32627703, 32727717
66, 64294, 2, 17, 1674929628.8361638
4,  308000, 31020594, 31120670
2,  308000, 32101995, 32202085
67, 14938, 1, 17, 1674929630.8072267
4,  338800, 30354037, 33089920
68, 18672, 2, 17, 1674929630.808505
4,  330400, 30405025, 33090030
3,  330400, 30935208, 33609001
69, 16693, 2, 17, 1674929630.8306942
4,  378000, 33012862, 33113081
3,  431200, 33543011, 33643229
70, 18672, 1, 17, 1674929630.9039164
3,  14000, 33609001, 33718445
71, 14938, 1, 17, 1674929630.906687
4,  14000, 33089920, 33191149
72, 18672, 1, 17, 1674929630.9152172
4,  14025, 33090030, 33199524
73, 18672, 1, 17, 1674929631.0051017
3,  12600, 33718445, 33819695
74, 14938, 1, 17, 1674929631.00794
4,  12600, 33191149, 33292486
75, 18672, 1, 17, 1674929631.0165794
4,  12625, 33199524, 33300800
76, 18672, 1, 17, 1674929631.1178432
3,  14000, 33819695, 33932214
77, 14938, 1, 17, 1674929631.1205475
4,  14000, 33292486, 33405008
78, 18672, 1, 17, 1674929631.1315036
4,  14025, 33300800, 33414149
79, 18672, 1, 17, 1674929631.253199
3,  16800, 33932214, 34067330
80, 14938, 1, 17, 1674929631.2558856
4,  16800, 33405008, 33540143
81, 18672, 1, 17, 1674929631.2639482
4,  16825, 33414149, 33548414
82, 18672, 1, 17, 1674929631.3991015
3,  18200, 34067330, 34213653
83, 14938, 1, 17, 1674929631.401813
4,  18200, 33540143, 33686370
84, 18672, 1, 17, 1674929631.4101152
4,  18225, 33548414, 33694701
85, 18672, 1, 17, 1674929631.5908241
3,  23800, 34213653, 34404923
86, 14938, 1, 17, 1674929631.593458
4,  23800, 33686370, 33877735
87, 18672, 1, 17, 1674929631.6023407
4,  23825, 33694701, 33885999
88, 18672, 1, 17, 1674929631.850316
3,  32200, 34404923, 34664371
89, 14938, 1, 17, 1674929631.852718
4,  32200, 33877735, 34137055
90, 18672, 1, 17, 1674929631.860813
4,  32225, 33885999, 34145274
91, 18672, 1, 17, 1674929632.266943
3,  51800, 34664371, 35081509
92, 14938, 1, 17, 1674929632.2696056
4,  51800, 34137055, 34553975
93, 18672, 1, 17, 1674929632.2782817
4,  51825, 34145274, 34562632
94, 2393, 2, 17, 1674929632.8530486
4,  319200, 35036832, 35137018
1,  319200, 36668872, 36768947
95, 29093, 1, 17, 1674929633.0665293
2,  621600, 31431324, 36431800
96, 14938, 1, 17, 1674929633.0710354
1,  621600, 31985989, 36987463
97, 29093, 1, 17, 1674929633.2686467
4,  621625, 30552444, 35553084
98, 5168, 2, 17, 1674929633.8425684
4,  266000, 36026267, 36126956
3,  266000, 36556468, 36656902
99, 29093, 1, 17, 1674929634.172033
4,  110600, 35553084, 36453431
100, 29093, 1, 17, 1674929634.2705085
4,  14000, 36453431, 36554915
101, 29093, 1, 17, 1674929634.371803
4,  12600, 36554915, 36656209
102, 29093, 1, 17, 1674929634.4843364
4,  14000, 36656209, 36768815
103, 29093, 1, 17, 1674929634.6195683
4,  16800, 36768815, 36904008
104, 29093, 1, 17, 1674929634.7658277
4,  18200, 36904008, 37050343
105, 29093, 1, 17, 1674929634.9465537
4,  22400, 37050343, 37230549
106, 29093, 1, 17, 1674929635.2054703
4,  32200, 37230549, 37489803
107, 29093, 1, 17, 1674929635.5774713
4,  46200, 37489803, 37861882
108, 10035, 2, 17, 1674929635.8354814
4,  249200, 38019665, 38119927
3,  249200, 38549662, 38650135
109, 52150, 2, 17, 1674929636.859151
4,  364000, 39043577, 39143608
3,  364000, 39573699, 39673753
110, 38774, 2, 17, 1674929636.9003687
4,  344400, 39084700, 39184762
3,  344400, 39614814, 39714949
111, 14938, 1, 17, 1674929637.2722268
4,  621625, 34553975, 39556213
112, 18672, 1, 17, 1674929637.2733655
3,  621600, 35081509, 40087809
113, 18672, 1, 17, 1674929637.284257
4,  621625, 34562632, 39568199
114, 29093, 1, 17, 1674929638.0678742
2,  621600, 36431800, 41432335
115, 14938, 1, 17, 1674929638.0718336
1,  621600, 36987463, 41987813
116, 30816, 2, 17, 1674929638.8849895
4,  259000, 41068794, 41169095
2,  259000, 42150035, 42250452
117, 29093, 1, 17, 1674929640.581118
4,  621625, 37861882, 42865557
118, 14938, 1, 17, 1674929642.2730575
4,  621625, 39556213, 44556944
119, 18672, 1, 17, 1674929642.283862
3,  623000, 40087809, 45098167
120, 18672, 1, 17, 1674929642.2948856
4,  623025, 39568199, 44579297
121, 49779, 2, 17, 1674929642.8887687
4,  352800, 45072694, 45172756
3,  352800, 45602824, 45702911
122, 29093, 1, 17, 1674929643.0711367
2,  621600, 41432335, 46436250
123, 14938, 1, 17, 1674929643.07203
1,  621600, 41987813, 46987863
124, 29093, 1, 17, 1674929645.5824742
4,  621625, 42865557, 47866444
125, 44464, 2, 17, 1674929645.9653141
4,  407400, 48149294, 48249578
3,  407400, 48679505, 48779680
126, 14938, 1, 17, 1674929646.7310517
4,  554425, 44556944, 49015403
127, 14938, 1, 17, 1674929646.8325696
4,  12600, 49015403, 49116662
128, 14938, 1, 17, 1674929646.9455693
4,  14000, 49116662, 49229371
129, 14938, 1, 17, 1674929647.0800974
4,  16800, 49229371, 49364598
130, 14938, 1, 17, 1674929647.226537
4,  18200, 49364598, 49510971
131, 18672, 1, 17, 1674929647.2855124
3,  621600, 45098167, 50100108
132, 18672, 1, 17, 1674929647.2968938
4,  621625, 44579297, 49581195
133, 14938, 1, 17, 1674929647.417991
4,  23800, 49510971, 49702328
134, 14938, 1, 17, 1674929647.677519
4,  32200, 49702328, 49961397
135, 29093, 1, 17, 1674929648.0711904
2,  621600, 46436250, 51436825
136, 14938, 1, 17, 1674929648.0825894
1,  623000, 46987863, 51999016
137, 14938, 1, 17, 1674929648.093951
4,  51825, 49961397, 50378307
138, 49632, 2, 17, 1674929648.9441104
4,  478800, 51128406, 51228568
2,  478800, 52209776, 52309987
139, 44579, 1, 17, 1674929649.9276397
2,  453600, 53193358, 53293456
140, 19299, 2, 17, 1674929649.9280941
4,  404600, 52112020, 52212132
2,  404600, 53193311, 53293475
141, 44579, 1, 17, 1674929649.9308326
4,  456425, 52112192, 52213425
142, 29093, 1, 17, 1674929650.5894349
4,  621625, 47866444, 52873453
143, 63669, 2, 17, 1674929650.903427
4,  460600, 53086879, 53187120
3,  460600, 53616964, 53717270
144, 47388, 1, 17, 1674929650.9159484
4,  312200, 53100028, 53200065
145, 47388, 1, 17, 1674929650.9184492
1,  322000, 54732065, 54832299
146, 55007, 2, 17, 1674929650.928117
4,  392000, 53112136, 53212233
1,  392000, 54744218, 54844254
147, 14938, 1, 17, 1674929651.0032058
4,  361200, 50378307, 53287555
148, 14938, 1, 17, 1674929651.1046407
4,  12600, 53287555, 53388920
149, 14938, 1, 17, 1674929651.2283087
4,  15400, 53388920, 53512578
150, 14938, 1, 17, 1674929651.3642862
4,  16800, 53512578, 53647934
151, 14938, 1, 17, 1674929651.532335
4,  21000, 53647934, 53816772
152, 14938, 1, 17, 1674929651.7463634
4,  26600, 53816772, 54030746
153, 14938, 1, 17, 1674929652.0053256
4,  32200, 54030746, 54289618
154, 18672, 1, 17, 1674929652.2867537
3,  621600, 50100108, 55101280
155, 18672, 1, 17, 1674929652.2981844
4,  621625, 49581195, 54582515
156, 14938, 1, 17, 1674929652.478454
4,  58800, 54289618, 54762757
157, 29093, 1, 17, 1674929653.0766027
2,  621600, 51436825, 56442494
158, 14938, 1, 17, 1674929653.0859294
1,  621600, 51999016, 57002327
159, 29093, 1, 17, 1674929655.5967488
4,  623025, 52873453, 57880778
160, 18672, 1, 17, 1674929657.2940297
3,  623000, 55101280, 60108301
161, 18672, 1, 17, 1674929657.3049684
4,  623025, 54582515, 59589347
162, 14938, 1, 17, 1674929657.4859838
4,  623025, 54762757, 59770135
163, 29093, 1, 17, 1674929658.0818837
2,  623000, 56442494, 61447675
164, 14938, 1, 17, 1674929658.0931585
1,  623000, 57002327, 62009601
165, 29093, 1, 17, 1674929660.6015928
4,  623025, 57880778, 62885913
166, 31731, 2, 17, 1674929661.9223924
4,  259000, 64106485, 64206914
3,  259000, 64636624, 64737111
167, 29238, 2, 17, 1674929661.9298408
4,  352800, 64114345, 64214471
3,  352800, 64644497, 64744575
168, 18672, 1, 17, 1674929662.303647
3,  623000, 60108301, 65118402
169, 18672, 1, 17, 1674929662.3147728
4,  623025, 59589347, 64599512
170, 14938, 1, 17, 1674929662.4912503
4,  623025, 59770135, 64775882
171, 29093, 1, 17, 1674929663.0875008
2,  623000, 61447675, 66453475
172, 14938, 1, 17, 1674929663.0987053
1,  623000, 62009601, 67015320
173, 29093, 1, 17, 1674929665.6076431
4,  623025, 62885913, 67892122
174, 18672, 1, 17, 1674929667.3089657
3,  623000, 65118402, 70123706
175, 18672, 1, 17, 1674929667.3199768
4,  623025, 64599512, 69604723
176, 14938, 1, 17, 1674929667.4972465
4,  623025, 64775882, 69781834
177, 33754, 2, 17, 1674929667.9420383
4,  254800, 70126619, 70226621
1,  254800, 71758719, 71858732
178, 29093, 1, 17, 1674929668.093347
2,  623000, 66453475, 71459326
179, 14938, 1, 17, 1674929668.105445
1,  623000, 67015320, 72022182
180, 29093, 1, 17, 1674929670.6129553
4,  623025, 67892122, 72897528
181, 38117, 2, 17, 1674929671.900638
4,  365400, 74084864, 74185117
2,  365400, 75166248, 75266546
182, 58844, 2, 17, 1674929671.9665124
4,  434000, 74150738, 74250899
1,  434000, 75782817, 75883003
183, 18672, 1, 17, 1674929672.315829
3,  623000, 70123706, 75130658
184, 18672, 1, 17, 1674929672.3269598
4,  623025, 69604723, 74611687
185, 14938, 1, 17, 1674929672.497586
4,  621625, 69781834, 74782203
186, 35359, 2, 17, 1674929672.9465113
4,  250600, 75130982, 75231112
1,  250600, 76763110, 76863228
187, 29093, 1, 17, 1674929673.1024654
2,  623000, 71459326, 76468443
188, 14938, 1, 17, 1674929673.1058989
1,  621600, 72022182, 77022661
189, 29093, 1, 17, 1674929675.622119
4,  623025, 72897528, 77906666
190, 18672, 1, 17, 1674929677.3209481
3,  623000, 75130658, 80135806
191, 18672, 1, 17, 1674929677.3320744
4,  623025, 74611687, 79616791
192, 14938, 1, 17, 1674929677.5033092
4,  623025, 74782203, 79787942
193, 61808, 2, 17, 1674929677.871947
4,  403200, 80056160, 80156515
3,  403200, 80586401, 80686730
194, 29093, 1, 17, 1674929678.1075938
2,  623000, 76468443, 81473608
195, 14938, 1, 17, 1674929678.110462
1,  623000, 77022661, 82027326
196, 29093, 1, 17, 1674929680.627055
4,  623025, 77906666, 82911674
197, 18672, 1, 17, 1674929682.327385
3,  623000, 80135806, 85142232
198, 18672, 1, 17, 1674929682.3387406
4,  623025, 79616791, 84623344
199, 14938, 1, 17, 1674929682.5081713
4,  623025, 79787942, 84792749
200, 51237, 2, 17, 1674929682.9589124
4,  428400, 85143398, 85243453
2,  428400, 86224790, 86324808
201, 14938, 1, 17, 1674929683.1154897
1,  623000, 82027326, 87032144
202, 29093, 1, 17, 1674929683.116019
2,  623000, 81473608, 86482119
203, 156, 2, 17, 1674929684.009903
4,  348600, 86194054, 86294453
1,  348600, 87826165, 87926551
204, 29093, 1, 17, 1674929685.6356494
4,  623025, 82911674, 87920241
205, 18672, 1, 17, 1674929687.333329
3,  623000, 85142232, 90148016
206, 18672, 1, 17, 1674929687.3445027
4,  623025, 84623344, 89629108
207, 14938, 1, 17, 1674929687.5137866
4,  623025, 84792749, 89798420
208, 12022, 2, 17, 1674929687.9722023
4,  341600, 90156571, 90256775
3,  341600, 90686784, 90787006
209, 60441, 2, 17, 1674929688.0099747
4,  296800, 90194368, 90294548
1,  296800, 91826485, 91926632
210, 29093, 1, 17, 1674929688.1213965
2,  623000, 86482119, 91487329
211, 14938, 1, 17, 1674929688.1223767
1,  623000, 87032144, 92039196
212, 29093, 1, 17, 1674929690.6409154
4,  623025, 87920241, 92925408
213, 42101, 2, 17, 1674929690.969006
4,  492800, 93153348, 93253545
3,  492800, 93683572, 93783749
214, 18672, 1, 17, 1674929692.3424606
3,  623000, 90148016, 95157135
215, 18672, 1, 17, 1674929692.3534706
4,  623025, 89629108, 94638160
216, 14938, 1, 17, 1674929692.5201004
4,  623025, 89798420, 94804699
217, 29093, 1, 17, 1674929693.1265957
2,  623000, 91487329, 96492404
218, 14938, 1, 17, 1674929693.1273484
1,  623000, 92039196, 97044120
219, 18672, 1, 17, 1674929693.5345538
4,  147000, 94638160, 95819087
220, 18672, 1, 17, 1674929693.6358736
4,  12600, 95819087, 95920455
221, 18672, 1, 17, 1674929693.7595303
4,  15400, 95920455, 96044132
222, 18672, 1, 17, 1674929693.8945312
4,  16800, 96044132, 96179077
223, 18672, 1, 17, 1674929694.063148
4,  21000, 96179077, 96347765
224, 18672, 1, 17, 1674929694.2768023
4,  26600, 96347765, 96561411
225, 18672, 1, 17, 1674929694.5354974
4,  32200, 96561411, 96820105
226, 40224, 2, 17, 1674929694.9865742
4,  373800, 97170798, 97271099
2,  373800, 98252140, 98352502
227, 18672, 1, 17, 1674929695.0078313
4,  58800, 96820105, 97292447
228, 29093, 1, 17, 1674929695.6474955
4,  623025, 92925408, 97932055
229, 18672, 1, 17, 1674929697.3474336
3,  623000, 95157135, 100162090
230, 14938, 1, 17, 1674929697.5251684
4,  623025, 94804699, 99809679
231, 14938, 1, 17, 1674929698.1323388
1,  623000, 97044120, 102048894
232, 29093, 1, 17, 1674929698.1330557
2,  623000, 96492404, 101499185
233, 11621, 2, 17, 1674929698.9402232
4,  372400, 101124387, 101224731
2,  372400, 102205738, 102306104
234, 18672, 1, 17, 1674929700.0127342
4,  623025, 97292447, 102297309
235, 29093, 1, 17, 1674929700.6537995
4,  623025, 97932055, 102938396
