0, 2, 21
2, 752, 1442025, 4549532, 7829578
1, 752, 1442004, 5079701, 8359291
1, 2, 21
2, 752, 1442025, 7829578, 11200951
1, 752, 1442004, 8359291, 11730868
2, 2, 21
2, 752, 1442025, 11200951, 14612563
1, 752, 1442004, 11730868, 15142545
3, 2, 21
2, 752, 1442025, 14612563, 18032600
1, 752, 1442004, 15142545, 18562046
4, 2, 21
2, 752, 1442025, 18032600, 21374565
1, 752, 1442004, 18562046, 21904506
5, 2, 21
2, 752, 1442025, 21374565, 24745129
1, 752, 1442004, 21904506, 25274320
6, 2, 21
2, 752, 1442025, 24745129, 28032925
1, 752, 1442004, 25274320, 28562912
7, 2, 21
2, 752, 1442025, 28032925, 31550672
1, 752, 1442004, 28562912, 32079797
8, 2, 21
2, 752, 1442025, 31550672, 34956777
1, 752, 1442004, 32079797, 35486497
9, 2, 21
2, 752, 1442025, 34956777, 38358696
1, 752, 1442004, 35486497, 38888172
10, 2, 21
2, 752, 1442025, 38358696, 41699663
1, 752, 1442004, 38888172, 42226982
11, 2, 21
2, 752, 1442025, 41699663, 45068989
1, 752, 1442004, 42226982, 45598276
12, 2, 21
2, 752, 1442025, 45068989, 48533129
1, 752, 1442004, 45598276, 49063110
13, 2, 21
2, 752, 1442025, 48533129, 51974521
1, 752, 1442004, 49063110, 52503638
14, 2, 21
2, 752, 1442025, 51974521, 55317132
1, 752, 1442004, 52503638, 55846943
15, 2, 21
2, 752, 1442025, 55317132, 58786781
1, 752, 1442004, 55846943, 59316303
16, 2, 21
2, 752, 1442025, 58786781, 62077293
1, 752, 1442004, 59316303, 62607088
