0, 2, 21
2, 752, 1805409, 4562701, 8563627
1, 752, 1805384, 5088005, 9088469
1, 2, 21
2, 752, 1835691, 8563627, 12564646
1, 752, 1835666, 9088469, 13089470
2, 2, 21
2, 752, 1841459, 12564646, 16566766
1, 752, 1841434, 13089470, 17091415
3, 2, 21
2, 752, 1799641, 16566766, 20568894
1, 752, 1799616, 17091415, 21093871
4, 2, 21
2, 752, 1785221, 20568894, 24571104
1, 752, 1785196, 21093871, 25096082
5, 2, 21
2, 752, 1815503, 24571104, 28574357
1, 752, 1815478, 25096082, 29097112
6, 2, 21
2, 752, 1626601, 28574357, 32577619
1, 752, 1626576, 29097112, 33101442
7, 2, 21
2, 752, 1577573, 32577619, 36579143
1, 752, 1577548, 33101442, 37103768
8, 2, 21
2, 752, 1736193, 36579143, 40580848
1, 752, 1736168, 37103768, 41104232
9, 2, 21
2, 752, 1802525, 40580848, 44580577
1, 752, 1803942, 41104232, 45105327
10, 2, 21
2, 752, 1788105, 44580577, 48582747
1, 752, 1788080, 45105327, 49107654
11, 2, 21
2, 752, 1815503, 48582747, 52584408
1, 752, 1815478, 49107654, 53109295
12, 2, 21
2, 752, 1778011, 52584408, 56586168
1, 752, 1779428, 53109295, 57110004
13, 2, 21
2, 752, 0, 60587705, 60592811
1, 752, 1750588, 57110004, 61112347
