0, 2, 21
2, 102382, 5639104, 6648784
1, 102382, 6212800, 7222261
1, 2, 21
2, 111034, 6648784, 7649501
1, 111034, 7222261, 8222603
2, 1, 21
1, 112476, 8222603, 9235015
3, 2, 21
2, 222093, 7649501, 15762903
1, 109592, 9235015, 16336001
4, 2, 21
2, 113918, 15762903, 16771800
1, 113918, 16336001, 17345156
5, 1, 21
2, 129780, 16771800, 17778522
6, 1, 21
1, 112476, 17345156, 18354992
7, 1, 21
3, 141316, 17096000, 18096253
8, 1, 21
2, 242306, 17778522, 18795278
9, 1, 21
3, 138432, 18096253, 19101933
10, 1, 21
1, 211974, 18354992, 20359156
11, 1, 21
2, 271146, 18795278, 19797393
12, 1, 21
3, 149968, 19101933, 20107532
13, 1, 21
4, 152852, 18545315, 19549459
14, 1, 21
1, 111034, 20359156, 21369695
15, 1, 21
2, 409603, 19797393, 20799990
16, 1, 21
3, 118244, 20107532, 21114474
17, 1, 21
4, 115360, 19549459, 20606541
18, 2, 21
2, 312964, 20799990, 21802950
1, 96614, 21369695, 22376792
19, 1, 21
4, 145642, 20606541, 21608924
20, 1, 21
2, 383597, 21802950, 22810357
21, 1, 21
1, 109592, 22376792, 23385462
22, 1, 21
4, 118244, 21608924, 22636298
23, 1, 21
2, 206256, 22810357, 23820282
24, 1, 21
1, 90846, 23385462, 24416560
25, 1, 21
4, 126896, 22636298, 23637374
26, 1, 21
2, 226444, 23820282, 24824131
27, 1, 21
1, 99498, 24416560, 25421625
28, 1, 21
4, 148526, 23637374, 24645670
29, 1, 21
2, 259610, 24824131, 25826655
30, 1, 21
1, 112476, 25421625, 26425929
31, 1, 21
4, 154294, 24645670, 25650475
32, 1, 21
1, 118244, 26425929, 27433277
33, 1, 21
4, 148526, 25650475, 26657548
34, 1, 21
2, 535082, 25826655, 27832448
35, 1, 21
3, 139874, 21114474, 28031835
36, 1, 21
4, 145642, 26657548, 27667340
37, 1, 21
2, 297102, 27832448, 28837809
38, 1, 21
3, 132664, 28031835, 29054496
39, 1, 21
2, 369177, 28837809, 29841940
40, 1, 21
1, 344638, 27433277, 30504284
41, 1, 21
3, 129780, 29054496, 30061648
42, 1, 21
1, 118244, 30504284, 31511186
43, 1, 21
3, 142758, 30061648, 31064183
44, 1, 21
2, 649000, 29841940, 31852278
45, 1, 21
3, 148526, 31064183, 32068299
46, 1, 21
3, 119686, 32068299, 33084189
47, 1, 21
2, 438418, 31852278, 33933981
48, 1, 21
1, 308588, 31511186, 34523357
49, 1, 21
2, 66357, 33933981, 34937448
50, 1, 21
3, 4326, 33084189, 35146769
51, 1, 21
2, 171623, 34937448, 35937689
52, 1, 21
1, 164388, 34523357, 36524064
53, 1, 21
3, 250908, 35146769, 36148294
54, 1, 21
2, 321616, 35937689, 36940691
55, 1, 21
1, 87962, 36524064, 37528819
56, 1, 21
3, 325892, 36148294, 37148918
57, 1, 21
2, 455722, 36940691, 37941969
58, 1, 21
1, 115360, 37528819, 38536592
59, 1, 21
3, 302820, 37148918, 38149850
60, 1, 21
2, 344688, 37941969, 38953649
61, 1, 21
1, 109592, 38536592, 39540347
62, 1, 21
2, 96639, 38953649, 39961267
63, 1, 21
1, 98056, 39540347, 40558757
64, 1, 21
3, 2884, 38149850, 40375229
65, 1, 21
3, 294168, 40375229, 41377599
66, 1, 21
2, 509101, 39961267, 41962483
67, 1, 21
1, 209090, 40558757, 42561749
68, 1, 21
2, 410995, 41962483, 42965699
69, 1, 21
3, 621502, 41377599, 43379997
70, 1, 21
2, 517703, 42965699, 44983804
71, 1, 21
1, 312914, 42561749, 45597302
72, 1, 21
1, 77868, 45597302, 46605789
73, 1, 21
2, 191836, 44983804, 46991330
74, 1, 21
1, 115360, 46605789, 47613557
75, 1, 21
2, 118269, 46991330, 47997210
76, 1, 21
1, 204764, 47613557, 49618719
77, 1, 21
1, 173040, 49618719, 51622062
78, 1, 21
1, 119686, 51622062, 52633298
79, 1, 21
3, 2884, 43379997, 53133765
80, 1, 21
2, 735520, 47997210, 54054972
81, 1, 21
3, 340312, 53133765, 54136575
82, 1, 21
2, 471559, 54054972, 55057304
83, 1, 21
2, 1379994, 55057304, 58062947
84, 1, 21
2, 350406, 58062947, 59074443
85, 1, 21
2, 111034, 59074443, 60077513
86, 1, 21
1, 1160810, 52633298, 62638888
