0, 2, 21
2, 72100, 5620968, 6366364
1, 72104, 6197491, 6942800
1, 2, 21
2, 144200, 6366364, 7658686
1, 144204, 6942800, 8235069
2, 2, 21
2, 144200, 7658686, 8946891
1, 144204, 8235069, 9523000
3, 2, 21
2, 217742, 8946891, 17008068
1, 217746, 9523000, 17584177
4, 2, 21
2, 86520, 17008068, 17665266
1, 72104, 17584177, 18241479
5, 2, 21
2, 82194, 17665266, 17975427
1, 36054, 18241479, 18551808
6, 2, 21
2, 43260, 17975427, 18135839
1, 18750, 18551808, 18712250
7, 2, 21
2, 23072, 18135839, 18223584
1, 10098, 18712250, 18799993
8, 2, 21
2, 343196, 18223584, 19627890
1, 144204, 18799993, 20203849
9, 2, 21
2, 269654, 19627890, 20294104
1, 72104, 20203849, 20869372
10, 2, 21
2, 129780, 20294104, 20613882
1, 36054, 20869372, 21190377
11, 2, 21
2, 70658, 20613882, 20782768
1, 18750, 21190377, 21358715
12, 2, 21
2, 497490, 20782768, 22231125
1, 144204, 21358715, 22806590
13, 2, 21
2, 213416, 22231125, 22871857
1, 72104, 22806590, 23448308
14, 2, 21
2, 98056, 22871857, 23314341
1, 36054, 23448308, 23890828
15, 2, 21
2, 37492, 23314341, 23485869
1, 18750, 23890828, 24062043
16, 2, 21
2, 14420, 23485869, 23581490
1, 10098, 24062043, 24157741
17, 2, 21
2, 343196, 23581490, 25066744
1, 144204, 24157741, 25642294
18, 2, 21
2, 333102, 25066744, 26301830
1, 144204, 25642294, 26877958
19, 2, 21
2, 164388, 26301830, 26932650
1, 72104, 26877958, 27508771
20, 2, 21
2, 328776, 26932650, 28180783
1, 144204, 27508771, 28756846
21, 2, 21
2, 448462, 28180783, 29489146
1, 144204, 28756846, 30064765
22, 2, 21
2, 258118, 29489146, 30127051
1, 72104, 30064765, 30703179
23, 2, 21
2, 124012, 30127051, 30435312
1, 36054, 30703179, 31011476
24, 2, 21
2, 343196, 30435312, 31652038
1, 144204, 31011476, 32228251
25, 2, 21
2, 161504, 31652038, 32264024
1, 72104, 32228251, 32840268
26, 2, 21
2, 82194, 32264024, 32569935
1, 36054, 32840268, 33145840
27, 2, 21
2, 240814, 32569935, 34429045
1, 144204, 33145840, 35005388
28, 2, 21
2, 72100, 34429045, 35377321
1, 72104, 35005388, 35953674
29, 2, 21
2, 103824, 35377321, 35684310
1, 36054, 35953674, 36260177
30, 2, 21
2, 79310, 35684310, 35854273
1, 18750, 36260177, 36430417
31, 2, 21
2, 40376, 35854273, 35939500
1, 10098, 36430417, 36515696
32, 2, 21
2, 10094, 35939500, 35987724
1, 5772, 36515696, 36563957
33, 2, 21
2, 555170, 35987724, 37472631
1, 144204, 36563957, 38048706
34, 2, 21
2, 262444, 37472631, 38125772
1, 72104, 38048706, 38700111
35, 2, 21
2, 138432, 38125772, 38452067
1, 36054, 38700111, 39027311
36, 2, 21
2, 155736, 38452067, 39902014
1, 144204, 39027311, 40477462
37, 2, 21
2, 72100, 39902014, 40523437
1, 72104, 40477462, 41098805
38, 2, 21
2, 527772, 40523437, 41966285
1, 144204, 41098805, 42542377
39, 2, 21
2, 263886, 41966285, 42634801
1, 72104, 42542377, 43210960
40, 2, 21
2, 134106, 42634801, 42947540
1, 36054, 43210960, 43523346
41, 2, 21
2, 72100, 42947540, 43108805
1, 18750, 43523346, 43684033
42, 2, 21
2, 333102, 43108805, 44506565
1, 144204, 43684033, 45082797
43, 2, 21
2, 72100, 44506565, 45457476
1, 72104, 45082797, 46033675
44, 2, 21
2, 36050, 45457476, 45909431
1, 36054, 46033675, 46485678
45, 2, 21
2, 144200, 45909431, 47169526
1, 144204, 46485678, 47745247
46, 2, 21
2, 72100, 47169526, 47772901
1, 72104, 47745247, 48348225
47, 2, 21
2, 144200, 47772901, 49361410
1, 144204, 48348225, 49937022
48, 2, 21
2, 144200, 49361410, 51025479
1, 144204, 49937022, 51600992
49, 2, 21
2, 144200, 51025479, 52244519
1, 144204, 51600992, 52820193
50, 2, 21
2, 72100, 52244519, 52854732
1, 72104, 52820193, 53430242
51, 2, 21
2, 350406, 52854732, 54091459
1, 144204, 53430242, 54667232
52, 2, 21
2, 294168, 54091459, 54696121
1, 72104, 54667232, 55272093
53, 2, 21
2, 148526, 54696121, 55002835
1, 36054, 55272093, 55578567
54, 2, 21
2, 569590, 55002835, 56235006
1, 144204, 55578567, 56811092
55, 2, 21
2, 553728, 56235006, 57447779
1, 144204, 56811092, 58023298
56, 2, 21
2, 497490, 57447779, 58672440
1, 144204, 58023298, 59248715
57, 2, 21
2, 144200, 58672440, 59979479
1, 144204, 59248715, 60555986
58, 2, 21
2, 72100, 59979479, 60623053
1, 72104, 60555986, 61199430
59, 2, 21
2, 144200, 60623053, 61874859
1, 144204, 61199430, 62451208
60, 2, 21
2, 144200, 61874859, 63237513
1, 144204, 62451208, 63813264
61, 2, 21
2, 144200, 63237513, 64566293
1, 144204, 63813264, 65142624
