0, 2, 21
2, 102382, 5643375, 6653131
1, 102382, 6191467, 7201121
1, 2, 21
2, 111034, 6653131, 7653862
1, 111034, 7201121, 8201683
2, 2, 21
2, 112476, 7653862, 8666736
1, 112476, 8201683, 9214507
3, 2, 21
2, 109592, 8666736, 15767472
1, 109592, 9214507, 16315398
4, 2, 21
2, 113918, 15767472, 16777157
1, 113918, 16315398, 17324728
5, 2, 21
2, 128338, 16777157, 17777425
1, 111034, 17324728, 18324858
6, 1, 21
3, 141316, 17105808, 18108340
7, 2, 21
2, 242281, 17777425, 18778093
1, 112476, 18324858, 19325892
8, 1, 21
3, 138432, 18108340, 19114528
9, 1, 21
2, 274005, 18778093, 19786647
10, 1, 21
1, 100940, 19325892, 20334594
11, 1, 21
4, 151410, 18496819, 19507633
12, 1, 21
3, 149968, 19114528, 20120613
13, 1, 21
2, 406719, 19786647, 20788280
14, 1, 21
1, 111034, 20334594, 21338906
15, 1, 21
4, 113918, 19507633, 20515458
16, 1, 21
3, 118244, 20120613, 21127540
17, 1, 21
2, 314431, 20788280, 21791129
18, 1, 21
1, 98056, 21338906, 22349747
19, 1, 21
4, 138432, 20515458, 21521206
20, 1, 21
2, 385064, 21791129, 22791184
21, 1, 21
1, 109592, 22349747, 23356573
22, 1, 21
4, 126896, 21521206, 22547392
23, 1, 21
2, 206256, 22791184, 23815502
24, 1, 21
1, 89404, 23356573, 24373199
25, 1, 21
4, 118244, 22547392, 23548828
26, 1, 21
2, 230770, 23815502, 24819682
27, 1, 21
1, 99498, 24373199, 25374531
28, 1, 21
4, 147084, 23548828, 24552323
29, 1, 21
2, 263936, 24819682, 25819937
30, 1, 21
1, 116802, 25374531, 26376031
31, 1, 21
4, 154294, 24552323, 25553609
32, 1, 21
2, 269704, 25819937, 26820320
33, 1, 21
1, 118244, 26376031, 27379489
34, 1, 21
4, 147084, 25553609, 26559283
35, 1, 21
2, 265378, 26820320, 27828670
36, 1, 21
1, 116802, 27379489, 28391216
37, 1, 21
3, 139874, 21127540, 28044791
38, 1, 21
4, 145642, 26559283, 27565978
39, 1, 21
2, 295685, 27828670, 28833542
40, 1, 21
1, 118244, 28391216, 29396130
41, 1, 21
3, 134106, 28044791, 29054325
42, 1, 21
4, 134106, 27565978, 28567407
43, 1, 21
2, 376437, 28833542, 29834645
44, 1, 21
1, 106708, 29396130, 30407057
45, 1, 21
3, 145642, 29054325, 30062041
46, 1, 21
4, 145642, 28567407, 29576327
47, 1, 21
2, 396625, 29834645, 30835991
48, 1, 21
1, 118244, 30407057, 31411064
49, 1, 21
3, 148526, 30062041, 31063020
50, 1, 21
2, 265378, 30835991, 31838931
51, 1, 21
1, 118244, 31411064, 32411188
52, 1, 21
3, 147084, 31063020, 32065928
53, 1, 21
2, 266820, 31838931, 32846046
54, 1, 21
1, 118244, 32411188, 33412547
55, 1, 21
2, 144225, 32846046, 33847506
56, 1, 21
1, 72100, 33412547, 34419138
57, 1, 21
2, 66357, 33847506, 34848393
58, 1, 21
1, 67774, 34419138, 35420919
59, 1, 21
3, 102382, 32065928, 35001589
60, 1, 21
2, 193278, 34848393, 35848505
61, 1, 21
1, 98056, 35420919, 36421284
62, 1, 21
3, 250908, 35001589, 36004409
63, 1, 21
2, 321616, 35848505, 36849685
64, 1, 21
1, 87962, 36421284, 37425766
65, 1, 21
3, 318682, 36004409, 37008290
66, 1, 21
2, 444186, 36849685, 37858046
67, 1, 21
1, 115360, 37425766, 38434710
68, 1, 21
3, 299936, 37008290, 38008615
69, 1, 21
2, 334594, 37858046, 38864489
70, 1, 21
1, 109592, 38434710, 39438706
71, 1, 21
2, 96639, 38864489, 39871541
72, 1, 21
1, 96614, 39438706, 40443065
73, 1, 21
3, 12978, 38008615, 40264905
74, 1, 21
2, 116852, 39871541, 40873871
75, 1, 21
1, 102382, 40443065, 41449241
76, 1, 21
3, 288400, 40264905, 41267674
77, 1, 21
2, 398042, 40873871, 41873926
78, 1, 21
1, 108150, 41449241, 42457786
79, 1, 21
3, 302820, 41267674, 42279687
80, 1, 21
2, 408136, 41873926, 42877534
81, 1, 21
1, 111034, 42457786, 43464530
82, 1, 21
3, 317240, 42279687, 43281287
83, 1, 21
2, 426882, 42877534, 43881700
84, 1, 21
1, 111034, 43464530, 44471653
85, 1, 21
2, 89429, 43881700, 44892690
86, 1, 21
1, 89404, 44471653, 45480078
87, 1, 21
2, 77893, 44892690, 45902797
88, 1, 21
1, 77868, 45480078, 46488593
89, 1, 21
2, 115385, 45902797, 46911026
90, 1, 21
1, 115360, 46488593, 47495853
91, 1, 21
2, 118269, 46911026, 47923780
92, 1, 21
1, 116802, 47495853, 48502439
93, 1, 21
2, 87987, 47923780, 48926953
94, 1, 21
1, 89404, 48502439, 49515781
95, 1, 21
2, 79335, 48926953, 49928327
96, 1, 21
1, 79310, 49515781, 50518053
97, 1, 21
2, 93755, 49928327, 50930288
98, 1, 21
1, 95172, 50518053, 51529503
99, 1, 21
2, 119711, 50930288, 51941340
100, 1, 21
1, 119686, 51529503, 52538475
101, 1, 21
2, 118269, 51941340, 52948960
102, 1, 21
1, 118244, 52538475, 53545768
103, 1, 21
3, 10094, 43281287, 53058104
104, 1, 21
2, 226444, 52948960, 53949527
105, 1, 21
1, 116802, 53545768, 54545876
106, 1, 21
3, 343196, 53058104, 54061198
107, 1, 21
2, 473026, 53949527, 54951613
108, 1, 21
1, 119686, 54545876, 55555064
109, 1, 21
3, 356174, 54061198, 55062891
110, 1, 21
2, 464374, 54951613, 55952138
111, 1, 21
1, 116802, 55555064, 56561345
112, 1, 21
3, 347522, 55062891, 56064622
113, 1, 21
2, 464374, 55952138, 56955096
114, 1, 21
1, 119686, 56561345, 57563827
115, 1, 21
3, 335986, 56064622, 57065257
116, 1, 21
2, 449954, 56955096, 57955752
117, 1, 21
1, 118244, 57563827, 58564640
118, 1, 21
3, 340312, 57065257, 58065784
119, 1, 21
2, 357666, 57955752, 58969034
120, 1, 21
1, 115360, 58564640, 59565779
121, 1, 21
2, 111059, 58969034, 59972208
122, 1, 21
1, 111034, 59565779, 60574445
123, 1, 21
2, 113943, 59972208, 60981100
124, 1, 21
1, 113918, 60574445, 61577825
125, 1, 21
2, 115385, 60981100, 61983969
126, 1, 21
1, 115360, 61577825, 62583082
127, 1, 21
2, 106733, 61983969, 62992345
128, 1, 21
1, 105266, 62583082, 63585806
129, 1, 21
2, 106733, 62992345, 63996032
130, 1, 21
1, 108150, 63585806, 64593924
131, 1, 21
2, 112501, 63996032, 65005867
132, 1, 21
1, 111034, 64593924, 65595450
