0, 2, 21
2, 27398, 5580652, 5835561
1, 27398, 6148696, 6403339
1, 2, 21
2, 28840, 5835561, 6153672
1, 28840, 6403339, 6721652
2, 2, 21
2, 25956, 6153672, 6414199
1, 25956, 6721652, 6982157
3, 2, 21
2, 28840, 6414199, 6666680
1, 28840, 6982157, 7234603
4, 2, 21
2, 36050, 6666680, 6986296
1, 36050, 7234603, 7554236
5, 2, 21
2, 43260, 6986296, 7380452
1, 43260, 7554236, 7948448
6, 1, 21
1, 27398, 7948448, 8199773
7, 1, 21
1, 27398, 8199773, 8452006
8, 1, 21
2, 62056, 7380452, 7944723
9, 1, 21
1, 28840, 8452006, 8708740
10, 1, 21
2, 34633, 7944723, 8260130
11, 1, 21
1, 44702, 8708740, 9108724
12, 1, 21
2, 44727, 8260130, 8653037
13, 1, 21
1, 47586, 9108724, 9532938
14, 1, 21
1, 34608, 9532938, 9849603
15, 1, 21
2, 85128, 8653037, 9425918
16, 2, 21
2, 18746, 9425918, 15706129
1, 34608, 9849603, 16273620
17, 2, 21
2, 27398, 15706129, 15962743
1, 27398, 16273620, 16530378
18, 2, 21
2, 36050, 15962743, 16285535
1, 36050, 16530378, 16853227
19, 2, 21
2, 46144, 16285535, 16678916
1, 46144, 16853227, 17246355
20, 2, 21
2, 85078, 16678916, 17444523
1, 85078, 17246355, 18012426
21, 1, 21
2, 54796, 17444523, 17750125
22, 1, 21
3, 38934, 17059694, 17310821
23, 1, 21
2, 67799, 17750125, 18003024
24, 1, 21
3, 47586, 17310821, 17627975
25, 1, 21
2, 80777, 18003024, 18315823
26, 1, 21
3, 33166, 17627975, 17882391
27, 1, 21
2, 60589, 18315823, 18573251
28, 1, 21
3, 23072, 17882391, 18151150
29, 1, 21
1, 144200, 18012426, 19363711
30, 1, 21
2, 37542, 18573251, 18826511
31, 1, 21
3, 30282, 18151150, 18410655
32, 1, 21
1, 24514, 19363711, 19619028
33, 1, 21
2, 60614, 18826511, 19084203
34, 1, 21
3, 38934, 18410655, 18663716
35, 1, 21
1, 27398, 19619028, 19874470
36, 1, 21
2, 66382, 19084203, 19334909
37, 1, 21
3, 38934, 18663716, 18914269
38, 1, 21
1, 36050, 19874470, 20195069
39, 1, 21
2, 98106, 19334909, 19651808
40, 1, 21
3, 40376, 18914269, 19170880
41, 1, 21
4, 38934, 18443538, 18698411
42, 1, 21
2, 100990, 19651808, 19902319
43, 1, 21
1, 44702, 20195069, 20597350
44, 1, 21
3, 46144, 19170880, 19488906
45, 1, 21
4, 36050, 18698411, 18956739
46, 1, 21
2, 125529, 19902319, 20218073
47, 1, 21
4, 40376, 18956739, 19210679
48, 1, 21
1, 31724, 20597350, 20908127
49, 1, 21
3, 73542, 19488906, 19983646
50, 1, 21
4, 38934, 19210679, 19465602
51, 1, 21
1, 33166, 20908127, 21223996
52, 1, 21
2, 199121, 20218073, 20707306
53, 1, 21
4, 36050, 19465602, 19720177
54, 1, 21
1, 41818, 21223996, 21620739
55, 1, 21
4, 27398, 19720177, 19974420
56, 1, 21
3, 86520, 19983646, 20628218
57, 1, 21
2, 194770, 20707306, 21307558
58, 1, 21
1, 27398, 21620739, 21928201
59, 1, 21
4, 18746, 19974420, 20237902
60, 1, 21
3, 20188, 20628218, 20900738
61, 1, 21
1, 17304, 21928201, 22185487
62, 1, 21
2, 89504, 21307558, 21624544
63, 1, 21
4, 31724, 20237902, 20512527
64, 1, 21
3, 31724, 20900738, 21175017
65, 1, 21
2, 92338, 21624544, 21878760
66, 1, 21
4, 38934, 20512527, 20763649
67, 1, 21
1, 25956, 22185487, 22475821
68, 1, 21
3, 37492, 21175017, 21428796
69, 1, 21
2, 99573, 21878760, 22130377
70, 1, 21
4, 47586, 20763649, 21080911
71, 1, 21
1, 33166, 22475821, 22790698
72, 1, 21
3, 46144, 21428796, 21743666
73, 1, 21
2, 125529, 22130377, 22449278
74, 1, 21
4, 57680, 21080911, 21473090
75, 1, 21
1, 41818, 22790698, 23188371
76, 1, 21
2, 125504, 22449278, 22823095
77, 1, 21
4, 33166, 21473090, 21789670
78, 1, 21
2, 49053, 22823095, 23073670
79, 1, 21
4, 30282, 21789670, 22049096
80, 1, 21
1, 57680, 23188371, 23790477
81, 1, 21
2, 67824, 23073670, 23390767
82, 1, 21
4, 37492, 22049096, 22304532
83, 1, 21
1, 25956, 23790477, 24052069
84, 1, 21
4, 21630, 22304532, 22559163
85, 1, 21
2, 75059, 23390767, 23788342
86, 1, 21
1, 34608, 24052069, 24368895
87, 1, 21
4, 28840, 22559163, 22814363
88, 1, 21
2, 43310, 23788342, 24043177
89, 1, 21
1, 14420, 24368895, 24630011
90, 1, 21
4, 34608, 22814363, 23127571
91, 1, 21
1, 23072, 24630011, 24891969
92, 1, 21
2, 67849, 24043177, 24351340
93, 1, 21
4, 37492, 23127571, 23385804
94, 1, 21
1, 34608, 24891969, 25209384
95, 1, 21
2, 79360, 24351340, 24665070
96, 1, 21
4, 46144, 23385804, 23699460
97, 1, 21
1, 27398, 25209384, 25467405
98, 1, 21
2, 100990, 24665070, 25058078
99, 1, 21
1, 36050, 25467405, 25780714
100, 1, 21
4, 72100, 23699460, 24189052
101, 1, 21
1, 30282, 25780714, 26034548
102, 1, 21
1, 37492, 26034548, 26356312
103, 1, 21
2, 201980, 25058078, 25822496
104, 1, 21
1, 57680, 26356312, 26845796
105, 1, 21
4, 324450, 24189052, 26388255
106, 1, 21
4, 46144, 26388255, 26707747
107, 1, 21
4, 57680, 26707747, 27098829
108, 1, 21
3, 54796, 21743666, 28039123
109, 1, 21
2, 752849, 25822496, 28667265
110, 1, 21
3, 36050, 28039123, 28302453
111, 1, 21
2, 95197, 28667265, 28922147
112, 1, 21
4, 99498, 27098829, 27864841
113, 1, 21
3, 27398, 28302453, 28555028
114, 1, 21
2, 85128, 28922147, 29176018
115, 1, 21
4, 36050, 27864841, 28118693
116, 1, 21
3, 38934, 28555028, 28806664
117, 1, 21
1, 343196, 26845796, 29954221
118, 1, 21
2, 96689, 29176018, 29428770
119, 1, 21
4, 37492, 28118693, 28375034
120, 1, 21
3, 33166, 28806664, 29059003
121, 1, 21
1, 27398, 29954221, 30212019
122, 1, 21
2, 118319, 29428770, 29742581
123, 1, 21
4, 43260, 28375034, 28687830
124, 1, 21
3, 38934, 29059003, 29309902
125, 1, 21
1, 33166, 30212019, 30525873
126, 1, 21
2, 101015, 29742581, 29994612
127, 1, 21
3, 46144, 29309902, 29625191
128, 2, 21
2, 125479, 29994612, 30310300
4, 70658, 28687830, 29182863
129, 1, 21
1, 44702, 30525873, 30920035
130, 1, 21
3, 56238, 29625191, 30023455
131, 1, 21
2, 193278, 30310300, 30800054
132, 1, 21
2, 64890, 30800054, 31051430
133, 1, 21
1, 90846, 30920035, 31692718
134, 1, 21
2, 66357, 31051430, 31310318
135, 1, 21
3, 111034, 30023455, 30792713
136, 1, 21
2, 82219, 31310318, 31623588
137, 1, 21
2, 129780, 31623588, 32116478
138, 1, 21
3, 226394, 30792713, 32367351
139, 1, 21
3, 40376, 32367351, 32681824
140, 1, 21
2, 325942, 32116478, 33478064
141, 1, 21
2, 30282, 33478064, 33729468
142, 1, 21
1, 298494, 31692718, 34381906
143, 2, 21
2, 7235, 33729468, 34089735
1, 5768, 34381906, 34657217
144, 2, 21
2, 18746, 34089735, 34352008
1, 18746, 34657217, 34917899
145, 1, 21
1, 14420, 34917899, 35183121
146, 1, 21
2, 18771, 34352008, 34671560
147, 1, 21
1, 21630, 35183121, 35438326
148, 1, 21
2, 23097, 34671560, 34926420
149, 1, 21
1, 14420, 35438326, 35690135
150, 1, 21
2, 14445, 34926420, 35195048
151, 1, 21
1, 18746, 35690135, 35952095
152, 1, 21
2, 23097, 35195048, 35518396
153, 1, 21
3, 23072, 32681824, 35021742
154, 1, 21
1, 23072, 35952095, 36205767
155, 1, 21
2, 90896, 35518396, 35769048
156, 1, 21
3, 82194, 35021742, 35271774
157, 1, 21
1, 30282, 36205767, 36464573
158, 1, 21
2, 119736, 35769048, 36024662
159, 1, 21
3, 85078, 35271774, 35587165
160, 1, 21
1, 36050, 36464573, 36782853
161, 1, 21
2, 76476, 36024662, 36275093
162, 1, 21
3, 66332, 35587165, 35839593
163, 1, 21
2, 64915, 36275093, 36527738
164, 1, 21
1, 36050, 36782853, 37184345
165, 1, 21
3, 27398, 35839593, 36092835
166, 1, 21
2, 72150, 36527738, 36780184
167, 1, 21
3, 82194, 36092835, 36346730
168, 1, 21
1, 20188, 37184345, 37475786
169, 1, 21
2, 106758, 36780184, 37030192
170, 1, 21
1, 24514, 37475786, 37728814
171, 1, 21
3, 103824, 36346730, 36659976
172, 1, 21
2, 108200, 37030192, 37280374
173, 1, 21
1, 30282, 37728814, 37984148
174, 1, 21
2, 137015, 37280374, 37595353
175, 1, 21
3, 128338, 36659976, 37053790
176, 1, 21
1, 34608, 37984148, 38299336
177, 1, 21
2, 108200, 37595353, 37848961
178, 1, 21
3, 90846, 37053790, 37356809
179, 1, 21
2, 103849, 37848961, 38101346
180, 1, 21
3, 87962, 37356809, 37671297
181, 1, 21
1, 53354, 38299336, 38798700
182, 1, 21
2, 119736, 38101346, 38414218
183, 1, 21
3, 122570, 37671297, 38064527
184, 1, 21
1, 59122, 38798700, 39339739
185, 1, 21
2, 124062, 38414218, 38911282
186, 1, 21
1, 36050, 39339739, 39662952
187, 1, 21
2, 25981, 38911282, 39166598
188, 1, 21
1, 25956, 39662952, 39928474
189, 1, 21
2, 38959, 39166598, 39567575
190, 1, 21
1, 24514, 39928474, 40187758
191, 1, 21
1, 25956, 40187758, 40509312
192, 1, 21
2, 59172, 39567575, 40185832
193, 1, 21
1, 28840, 40509312, 40766302
194, 1, 21
1, 30282, 40766302, 41028865
195, 1, 21
1, 37492, 41028865, 41349685
196, 1, 21
3, 5768, 38064527, 40298207
197, 1, 21
2, 145742, 40185832, 41014927
198, 1, 21
1, 27398, 41349685, 41628079
199, 1, 21
3, 77868, 40298207, 40614770
200, 1, 21
2, 67824, 41014927, 41266269
201, 1, 21
1, 20188, 41628079, 41891826
202, 1, 21
3, 90846, 40614770, 40930657
203, 1, 21
2, 96664, 41266269, 41519841
204, 1, 21
1, 28840, 41891826, 42213252
205, 1, 21
2, 109617, 41519841, 41770547
206, 1, 21
3, 125454, 40930657, 41324129
207, 1, 21
1, 30282, 42213252, 42470861
208, 1, 21
2, 134156, 41770547, 42083978
209, 1, 21
1, 37492, 42470861, 42795324
210, 1, 21
2, 158645, 42083978, 42483449
211, 1, 21
3, 213416, 41324129, 42090906
212, 1, 21
2, 87987, 42483449, 42736298
213, 1, 21
1, 57680, 42795324, 43311568
214, 1, 21
3, 69216, 42090906, 42341750
215, 1, 21
1, 25956, 43311568, 43563977
216, 1, 21
2, 112551, 42736298, 43028680
217, 1, 21
3, 77868, 42341750, 42593348
218, 1, 21
1, 28840, 43563977, 43814450
219, 1, 21
2, 112526, 43028680, 43280384
220, 1, 21
3, 80752, 42593348, 42845239
221, 1, 21
1, 37492, 43814450, 44135601
222, 1, 21
2, 135598, 43280384, 43593952
223, 1, 21
3, 112476, 42845239, 43237816
224, 1, 21
2, 93755, 43593952, 43847022
225, 1, 21
1, 51912, 44135601, 44625336
226, 1, 21
2, 85103, 43847022, 44163061
227, 1, 21
1, 31724, 44625336, 44962340
228, 1, 21
2, 23097, 44163061, 44418475
229, 1, 21
1, 31724, 44962340, 45283008
230, 1, 21
2, 31749, 44418475, 44739802
231, 1, 21
1, 34608, 45283008, 45701196
232, 1, 21
2, 41843, 44739802, 45239735
233, 1, 21
1, 20188, 45701196, 45952254
234, 1, 21
1, 30282, 45952254, 46353175
235, 1, 21
1, 21630, 46353175, 46635889
236, 1, 21
1, 31724, 46635889, 46959793
237, 1, 21
2, 98156, 45239735, 46428726
238, 1, 21
1, 30282, 46959793, 47219567
239, 1, 21
2, 36075, 46428726, 46751390
240, 1, 21
1, 44702, 47219567, 47613601
241, 1, 21
2, 46169, 46751390, 47146497
242, 1, 21
1, 72100, 47613601, 48234697
243, 1, 21
2, 90871, 47146497, 47919107
244, 1, 21
2, 60564, 47919107, 48479036
245, 1, 21
1, 93730, 48234697, 49070899
246, 1, 21
1, 23072, 49070899, 49326756
247, 1, 21
2, 28890, 48479036, 48808205
248, 1, 21
1, 15862, 49326756, 49577757
249, 1, 21
2, 17329, 48808205, 49084144
250, 1, 21
1, 24514, 49577757, 49831461
251, 1, 21
2, 27423, 49084144, 49339396
252, 1, 21
1, 28840, 49831461, 50145200
253, 1, 21
2, 28865, 49339396, 49662885
254, 1, 21
1, 20188, 50145200, 50402672
255, 1, 21
2, 25981, 49662885, 50050376
256, 1, 21
1, 15862, 50402672, 50663654
257, 1, 21
2, 21655, 50050376, 50309102
258, 1, 21
1, 23072, 50663654, 50914440
259, 2, 21
2, 27423, 50309102, 50666313
1, 23072, 50914440, 51233909
260, 2, 21
2, 37492, 50666313, 51062602
1, 37492, 51233909, 51629636
261, 2, 21
2, 36050, 51062602, 51371558
1, 36050, 51629636, 51938146
262, 2, 21
2, 37492, 51371558, 51687475
1, 37492, 51938146, 52254463
263, 2, 21
2, 47586, 51687475, 52085331
1, 47586, 52254463, 52652935
264, 2, 21
2, 90846, 52085331, 52859997
1, 90846, 52652935, 53426313
265, 1, 21
3, 70658, 43237816, 53185792
266, 1, 21
2, 186043, 52859997, 53924594
267, 1, 21
3, 85078, 53185792, 53438619
268, 1, 21
2, 109617, 53924594, 54175952
269, 1, 21
3, 99498, 53438619, 53753207
270, 1, 21
2, 137015, 54175952, 54490991
271, 1, 21
3, 139874, 53753207, 54143889
272, 1, 21
2, 121153, 54490991, 54744397
273, 1, 21
3, 92288, 54143889, 54396081
274, 1, 21
2, 151435, 54744397, 55059599
275, 1, 21
3, 139874, 54396081, 54789374
276, 1, 21
2, 171623, 55059599, 55435548
277, 1, 21
3, 86520, 54789374, 55040945
278, 1, 21
2, 121153, 55435548, 55687276
279, 1, 21
3, 85078, 55040945, 55292376
280, 1, 21
2, 113943, 55687276, 55940071
281, 1, 21
3, 106708, 55292376, 55607173
282, 1, 21
2, 142783, 55940071, 56253171
283, 1, 21
2, 180250, 56253171, 56644634
284, 1, 21
3, 170156, 55607173, 56099162
285, 1, 21
2, 348989, 56644634, 57408164
286, 1, 21
2, 122570, 57408164, 57704412
287, 1, 21
2, 118244, 57704412, 57957581
288, 1, 21
2, 132664, 57957581, 58270460
289, 1, 21
2, 181692, 58270460, 58661189
290, 1, 21
2, 95172, 58661189, 58976467
291, 1, 21
2, 24514, 58976467, 59227027
292, 1, 21
2, 36050, 59227027, 59550948
293, 1, 21
2, 43260, 59550948, 59949689
294, 1, 21
2, 86520, 59949689, 60723840
295, 1, 21
1, 1144948, 53426313, 63431822
296, 1, 21
1, 253792, 63431822, 65783512
297, 1, 21
1, 27398, 65783512, 66035991
298, 1, 21
1, 36050, 66035991, 66356447
299, 1, 21
1, 43260, 66356447, 66754213
