0, 2, 21
2, 72100, 5541622, 6288876
1, 72104, 6112094, 6858945
1, 2, 21
2, 144200, 6288876, 7583248
1, 144204, 6858945, 8153516
2, 2, 21
2, 144200, 7583248, 8872595
1, 144204, 8153516, 9441526
3, 2, 21
2, 217742, 8872595, 16934388
1, 217746, 9441526, 17503954
4, 2, 21
2, 83636, 16934388, 17590917
1, 72104, 17503954, 18161343
5, 2, 21
2, 80752, 17590917, 17901061
1, 36054, 18161343, 18471581
6, 2, 21
2, 41818, 17901061, 18061476
1, 18750, 18471581, 18631925
7, 2, 21
2, 21630, 18061476, 18149203
1, 10098, 18631925, 18719645
8, 2, 21
2, 338870, 18149203, 19552563
1, 144204, 18719645, 20123004
9, 2, 21
2, 269654, 19552563, 20221276
1, 72104, 20123004, 20791725
10, 2, 21
2, 135548, 20221276, 20549500
1, 36054, 20791725, 21118163
11, 2, 21
2, 70658, 20549500, 20723673
1, 18750, 21118163, 21293100
12, 2, 21
2, 509026, 20723673, 22209073
1, 144204, 21293100, 22778466
13, 2, 21
2, 210532, 22209073, 22856250
1, 72104, 22778466, 23425128
14, 2, 21
2, 98056, 22856250, 23308687
1, 36054, 23425128, 23877811
15, 2, 21
2, 34608, 23308687, 23480668
1, 18750, 23877811, 24050484
16, 2, 21
2, 17304, 23480668, 23576393
1, 10098, 24050484, 24146239
17, 2, 21
2, 346080, 23576393, 25077739
1, 144204, 24146239, 25647775
18, 2, 21
2, 333102, 25077739, 26317250
1, 144204, 25647775, 26886739
19, 2, 21
2, 160062, 26317250, 26936960
1, 72104, 26886739, 27506221
20, 2, 21
2, 328776, 26936960, 28186070
1, 144204, 27506221, 28756070
21, 2, 21
2, 449904, 28186070, 29492273
1, 144204, 28756070, 30062019
22, 2, 21
2, 258118, 29492273, 30134166
1, 72104, 30062019, 30703820
23, 2, 21
2, 122570, 30134166, 30442228
1, 36054, 30703820, 31012263
24, 2, 21
2, 344638, 30442228, 31660365
1, 144204, 31012263, 32230443
25, 2, 21
2, 162946, 31660365, 32272353
1, 72104, 32230443, 32842300
26, 2, 21
2, 80752, 32272353, 32578499
1, 36054, 32842300, 33148238
27, 2, 21
2, 237930, 32578499, 34439217
1, 144204, 33148238, 35009039
28, 2, 21
2, 72100, 34439217, 35387632
1, 72104, 35009039, 35957711
29, 2, 21
2, 111034, 35387632, 35694436
1, 36054, 35957711, 36264308
30, 2, 21
2, 80752, 35694436, 35864876
1, 18750, 36264308, 36434331
31, 2, 21
2, 34608, 35864876, 35950332
1, 10098, 36434331, 36519712
32, 2, 21
2, 7210, 35950332, 35998692
1, 5772, 36519712, 36568056
33, 2, 21
2, 562380, 35998692, 37483516
1, 144204, 36568056, 38052899
34, 2, 21
2, 262444, 37483516, 38134554
1, 72104, 38052899, 38704642
35, 2, 21
2, 135548, 38134554, 38462823
1, 36054, 38704642, 39031792
36, 2, 21
2, 151410, 38462823, 39912671
1, 144204, 39031792, 40482167
37, 2, 21
2, 72100, 39912671, 40533249
1, 72104, 40482167, 41103522
38, 2, 21
2, 529214, 40533249, 41977855
1, 144204, 41103522, 42547449
39, 2, 21
2, 263886, 41977855, 42646153
1, 72104, 42547449, 43216060
40, 2, 21
2, 132664, 42646153, 42958698
1, 36054, 43216060, 43528787
41, 2, 21
2, 72100, 42958698, 43119918
1, 18750, 43528787, 43689436
42, 2, 21
2, 334544, 43119918, 44539567
1, 144204, 43689436, 45109555
43, 2, 21
2, 72100, 44539567, 45491848
1, 72104, 45109555, 46061300
44, 2, 21
2, 36050, 45491848, 45943287
1, 36054, 46061300, 46513542
45, 2, 21
2, 144200, 45943287, 47205397
1, 144204, 46513542, 47774938
46, 2, 21
2, 72100, 47205397, 47808664
1, 72104, 47774938, 48378918
47, 2, 21
2, 144200, 47808664, 49404332
1, 144204, 48378918, 49973350
48, 2, 21
2, 144200, 49404332, 51070240
1, 144204, 49973350, 51639678
49, 2, 21
2, 144200, 51070240, 52298347
1, 144204, 51639678, 52868563
50, 2, 21
2, 72100, 52298347, 52913851
1, 72104, 52868563, 53483936
51, 2, 21
2, 370594, 52913851, 54178343
1, 144204, 53483936, 54744305
52, 2, 21
2, 286958, 54178343, 54794603
1, 72104, 54744305, 55364129
53, 2, 21
2, 149968, 54794603, 55124393
1, 36054, 55364129, 55693453
54, 2, 21
2, 559496, 55124393, 56394509
1, 144204, 55693453, 56964186
55, 2, 21
2, 529214, 56394509, 57637821
1, 144204, 56964186, 58207280
56, 2, 21
2, 516236, 57637821, 58892664
1, 144204, 58207280, 59462567
57, 2, 21
2, 144200, 58892664, 60207180
1, 144204, 59462567, 60777347
58, 2, 21
2, 72100, 60207180, 60853924
1, 72104, 60777347, 61423996
59, 2, 21
2, 144200, 60853924, 62111815
1, 144204, 61423996, 62680813
60, 2, 21
2, 144200, 62111815, 63474508
1, 144204, 62680813, 64044768
61, 2, 21
2, 144200, 63474508, 64807498
1, 144204, 64044768, 65377134
