0, 2, 21
2, 27398, 5623822, 5878602
1, 27398, 6192996, 6447520
1, 2, 21
2, 27398, 5878602, 6185703
1, 27398, 6447520, 6754430
2, 2, 21
2, 25956, 6185703, 6447392
1, 25956, 6754430, 7016238
3, 2, 21
2, 28840, 6447392, 6700572
1, 28840, 7016238, 7269460
4, 2, 21
2, 28840, 6700572, 6957423
1, 28840, 7269460, 7526226
5, 2, 21
2, 28840, 6957423, 7214895
1, 28840, 7526226, 7783793
6, 2, 21
2, 27398, 7214895, 7472914
1, 27398, 7783793, 8041954
7, 2, 21
2, 27398, 7472914, 7727022
1, 27398, 8041954, 8296090
8, 2, 21
2, 27398, 7727022, 7979532
1, 27398, 8296090, 8548574
9, 2, 21
2, 27398, 7979532, 8231462
1, 27398, 8548574, 8800289
10, 2, 21
2, 28840, 8231462, 8491174
1, 28840, 8800289, 9060030
11, 2, 21
2, 28840, 8491174, 8743447
1, 28840, 9060030, 9312480
12, 2, 21
2, 28840, 8743447, 9003406
1, 28840, 9312480, 9572304
13, 2, 21
2, 28840, 9003406, 9262824
1, 28840, 9572304, 9831642
14, 2, 21
2, 27398, 9262824, 9517754
1, 27398, 9831642, 10085996
15, 2, 21
2, 15862, 9517754, 15772900
1, 15862, 10085996, 16341241
16, 2, 21
2, 27398, 15772900, 16029724
1, 27398, 16341241, 16598571
17, 2, 21
2, 27398, 16029724, 16280941
1, 27398, 16598571, 16848770
18, 2, 21
2, 30282, 16280941, 16536390
1, 30282, 16848770, 17104837
19, 2, 21
2, 30282, 16536390, 16796133
1, 30282, 17104837, 17364897
20, 2, 21
2, 28840, 16796133, 17048722
1, 28840, 17364897, 17617046
21, 2, 21
2, 28840, 17048722, 17314295
1, 28840, 17617046, 17881882
22, 2, 21
2, 27398, 17314295, 17571398
1, 27398, 17881882, 18138030
23, 1, 21
2, 57680, 17571398, 17827823
24, 1, 21
1, 30282, 18138030, 18399211
25, 1, 21
3, 38934, 17052061, 17302189
26, 1, 21
2, 67824, 17827823, 18078135
27, 1, 21
1, 30282, 18399211, 18659748
28, 1, 21
3, 38934, 17302189, 17559433
29, 1, 21
2, 66382, 18078135, 18336603
30, 1, 21
1, 30282, 18659748, 18918141
31, 1, 21
3, 36050, 17559433, 17813989
32, 1, 21
2, 63498, 18336603, 18592890
33, 1, 21
1, 30282, 18918141, 19177515
34, 1, 21
3, 28840, 17813989, 18122479
35, 1, 21
2, 38984, 18592890, 18850006
36, 1, 21
1, 18746, 19177515, 19434461
37, 1, 21
3, 30282, 18122479, 18378830
38, 1, 21
2, 60614, 18850006, 19102240
39, 1, 21
1, 24514, 19434461, 19688869
40, 1, 21
3, 40376, 18378830, 18634846
41, 1, 21
2, 67824, 19102240, 19359582
42, 1, 21
1, 27398, 19688869, 19945297
43, 1, 21
3, 38934, 18634846, 18884866
44, 1, 21
2, 69266, 19359582, 19617161
45, 1, 21
1, 28840, 19945297, 20200617
46, 1, 21
3, 40376, 18884866, 19141739
47, 1, 21
2, 103874, 19617161, 19867802
48, 1, 21
4, 40376, 18454533, 18709051
49, 1, 21
1, 28840, 20200617, 20460633
50, 1, 21
3, 38934, 19141739, 19400591
51, 1, 21
2, 98131, 19867802, 20118915
52, 1, 21
4, 36050, 18709051, 18964390
53, 1, 21
1, 28840, 20460633, 20715401
54, 1, 21
3, 36050, 19400591, 19658386
55, 1, 21
2, 103899, 20118915, 20374744
56, 1, 21
4, 40376, 18964390, 19220639
57, 1, 21
1, 25956, 20715401, 20973992
58, 1, 21
3, 36050, 19658386, 19914941
59, 1, 21
2, 105341, 20374744, 20630938
60, 1, 21
4, 38934, 19220639, 19476623
61, 1, 21
1, 28840, 20973992, 21231402
62, 1, 21
3, 37492, 19914941, 20165303
63, 1, 21
2, 105341, 20630938, 20889199
64, 1, 21
4, 37492, 19476623, 19735011
65, 1, 21
1, 28840, 21231402, 21488706
66, 1, 21
3, 37492, 20165303, 20417410
67, 1, 21
2, 86595, 20889199, 21142887
68, 1, 21
1, 28840, 21488706, 21741023
69, 1, 21
4, 27398, 19735011, 20000687
70, 1, 21
3, 24514, 20417410, 20672116
71, 1, 21
2, 59197, 21142887, 21394698
72, 1, 21
1, 21630, 21741023, 21996484
73, 1, 21
4, 18746, 20000687, 20266930
74, 1, 21
3, 17304, 20672116, 20931247
75, 1, 21
2, 79385, 21394698, 21648710
76, 1, 21
1, 18746, 21996484, 22247848
77, 1, 21
4, 31724, 20266930, 20525256
78, 1, 21
3, 30282, 20931247, 21181950
79, 1, 21
2, 89479, 21648710, 21904529
80, 1, 21
1, 24514, 22247848, 22501506
81, 1, 21
4, 38934, 20525256, 20777848
82, 1, 21
3, 37492, 21181950, 21432234
83, 1, 21
2, 108225, 21904529, 22158777
84, 1, 21
1, 30282, 22501506, 22759578
85, 1, 21
4, 37492, 20777848, 21030194
86, 1, 21
3, 37492, 21432234, 21683456
87, 1, 21
2, 103899, 22158777, 22412829
88, 1, 21
1, 28840, 22759578, 23018635
89, 1, 21
4, 37492, 21030194, 21280387
90, 1, 21
3, 37492, 21683456, 21934519
91, 1, 21
2, 102457, 22412829, 22662945
92, 1, 21
4, 37492, 21280387, 21535971
93, 1, 21
1, 28840, 23018635, 23279735
94, 1, 21
2, 62056, 22662945, 22921202
95, 1, 21
1, 28840, 23279735, 23530886
96, 1, 21
4, 25956, 21535971, 21789792
97, 1, 21
2, 49078, 22921202, 23175339
98, 1, 21
4, 33166, 21789792, 22041345
99, 1, 21
1, 17304, 23530886, 23783756
100, 1, 21
2, 62056, 23175339, 23426644
101, 1, 21
1, 25956, 23783756, 24038032
102, 1, 21
4, 37492, 22041345, 22296718
103, 1, 21
2, 49078, 23426644, 23679851
104, 1, 21
4, 20188, 22296718, 22560037
105, 1, 21
1, 27398, 24038032, 24304677
106, 1, 21
2, 43310, 23679851, 23930222
107, 1, 21
4, 28840, 22560037, 22814305
108, 1, 21
1, 15862, 24304677, 24559953
109, 1, 21
2, 49078, 23930222, 24180836
110, 1, 21
1, 21630, 24559953, 24810678
111, 1, 21
4, 30282, 22814305, 23069945
112, 1, 21
2, 62056, 24180836, 24432292
113, 1, 21
1, 27398, 24810678, 25063696
114, 1, 21
4, 37492, 23069945, 23327494
115, 1, 21
2, 64940, 24432292, 24685395
116, 1, 21
1, 27398, 25063696, 25320272
117, 1, 21
4, 37492, 23327494, 23583540
118, 1, 21
2, 64940, 24685395, 24937001
119, 1, 21
1, 28840, 25320272, 25573615
120, 1, 21
4, 37492, 23583540, 23836382
121, 1, 21
2, 66382, 24937001, 25188438
122, 1, 21
1, 30282, 25573615, 25829178
123, 1, 21
4, 37492, 23836382, 24092040
124, 1, 21
2, 66382, 25188438, 25441491
125, 1, 21
1, 30282, 25829178, 26084431
126, 1, 21
4, 36050, 24092040, 24345100
127, 1, 21
2, 67824, 25441491, 25695403
128, 1, 21
1, 30282, 26084431, 26344915
129, 1, 21
4, 40376, 24345100, 24605932
130, 1, 21
2, 67824, 25695403, 25946423
131, 1, 21
1, 30282, 26344915, 26600792
132, 1, 21
4, 40376, 24605932, 24864775
133, 1, 21
2, 70708, 25946423, 26199841
134, 1, 21
1, 30282, 26600792, 26856688
135, 1, 21
4, 40376, 24864775, 25120338
136, 1, 21
2, 69266, 26199841, 26455683
137, 1, 21
1, 30282, 26856688, 27111871
138, 1, 21
4, 37492, 25120338, 25371008
139, 1, 21
2, 66382, 26455683, 26708635
140, 1, 21
1, 28840, 27111871, 27363231
141, 1, 21
4, 37492, 25371008, 25626999
142, 1, 21
2, 67824, 26708635, 26963936
143, 1, 21
1, 30282, 27363231, 27621680
144, 1, 21
4, 36050, 25626999, 25881566
145, 1, 21
2, 66382, 26963936, 27223406
146, 1, 21
4, 37492, 25881566, 26134074
147, 1, 21
1, 28840, 27621680, 27879598
148, 1, 21
2, 66382, 27223406, 27474022
149, 1, 21
4, 38934, 26134074, 26390926
150, 1, 21
1, 30282, 27879598, 28139621
151, 1, 21
2, 67824, 27474022, 27728702
152, 1, 21
4, 37492, 26390926, 26645350
153, 1, 21
1, 30282, 28139621, 28400442
154, 1, 21
2, 66382, 27728702, 27980648
155, 1, 21
4, 37492, 26645350, 26901629
156, 1, 21
1, 30282, 28400442, 28658885
157, 1, 21
2, 67824, 27980648, 28235259
158, 1, 21
4, 37492, 26901629, 27162707
159, 1, 21
1, 30282, 28658885, 28915625
160, 1, 21
2, 63498, 28235259, 28488008
161, 1, 21
4, 34608, 27162707, 27423569
162, 1, 21
1, 30282, 28915625, 29171978
163, 1, 21
3, 24514, 21934519, 28028815
164, 1, 21
2, 82269, 28488008, 28739120
165, 1, 21
4, 33166, 27423569, 27678965
166, 1, 21
1, 30282, 29171978, 29430112
167, 1, 21
3, 36050, 28028815, 28301556
168, 1, 21
2, 82269, 28739120, 29001058
169, 1, 21
4, 30282, 27678965, 27938191
170, 1, 21
1, 24514, 29430112, 29689359
171, 1, 21
3, 27398, 28301556, 28558228
172, 1, 21
2, 95247, 29001058, 29251318
173, 1, 21
4, 38934, 27938191, 28193365
174, 1, 21
1, 27398, 29689359, 29941618
175, 1, 21
3, 37492, 28558228, 28812769
176, 1, 21
2, 102457, 29251318, 29505621
177, 1, 21
4, 34608, 28193365, 28451162
178, 1, 21
1, 28840, 29941618, 30197307
179, 1, 21
3, 33166, 28812769, 29076904
180, 1, 21
2, 95247, 29505621, 29755764
181, 1, 21
4, 37492, 28451162, 28702434
182, 1, 21
1, 27398, 30197307, 30453815
183, 1, 21
3, 38934, 29076904, 29328102
184, 1, 21
2, 102457, 29755764, 30008539
185, 1, 21
4, 37492, 28702434, 28957027
186, 1, 21
1, 30282, 30453815, 30713168
187, 1, 21
3, 37492, 29328102, 29584661
188, 1, 21
2, 103899, 30008539, 30261913
189, 1, 21
4, 37492, 28957027, 29215575
190, 1, 21
1, 28840, 30713168, 30968330
191, 1, 21
3, 37492, 29584661, 29841590
192, 1, 21
2, 101015, 30261913, 30514589
193, 1, 21
4, 36050, 29215575, 29474785
194, 1, 21
1, 27398, 30968330, 31227381
195, 1, 21
3, 36050, 29841590, 30098499
196, 1, 21
2, 90921, 30514589, 30770012
197, 1, 21
1, 30282, 31227381, 31491957
198, 1, 21
3, 38934, 30098499, 30357528
199, 1, 21
2, 69266, 30770012, 31025799
200, 1, 21
1, 30282, 31491957, 31742827
201, 1, 21
3, 37492, 30357528, 30607767
202, 1, 21
2, 67824, 31025799, 31279252
203, 1, 21
1, 30282, 31742827, 31997400
204, 1, 21
3, 37492, 30607767, 30863251
205, 1, 21
2, 67824, 31279252, 31535571
206, 1, 21
1, 30282, 31997400, 32253769
207, 1, 21
3, 38934, 30863251, 31121733
208, 1, 21
2, 67824, 31535571, 31791262
209, 1, 21
1, 30282, 32253769, 32510271
210, 1, 21
3, 36050, 31121733, 31373507
211, 1, 21
2, 67824, 31791262, 32043846
212, 1, 21
1, 30282, 32510271, 32765348
213, 1, 21
3, 38934, 31373507, 31624361
214, 1, 21
2, 67824, 32043846, 32296680
215, 1, 21
1, 30282, 32765348, 33026936
216, 1, 21
3, 36050, 31624361, 31879663
217, 1, 21
2, 66382, 32296680, 32554622
218, 1, 21
1, 30282, 33026936, 33280309
219, 1, 21
3, 38934, 31879663, 32134092
220, 1, 21
2, 69266, 32554622, 32808526
221, 1, 21
1, 30282, 33280309, 33539048
222, 1, 21
3, 33166, 32134092, 32399303
223, 1, 21
2, 57730, 32808526, 33067250
224, 1, 21
1, 25956, 33539048, 33791640
225, 1, 21
3, 34608, 32399303, 32657981
226, 1, 21
2, 63498, 33067250, 33327035
227, 1, 21
1, 27398, 33791640, 34053397
228, 1, 21
3, 18746, 32657981, 32935353
229, 1, 21
2, 31774, 33327035, 33582138
230, 2, 21
2, 8652, 33582138, 33885993
1, 10094, 34053397, 34454035
231, 2, 21
2, 18746, 33885993, 34146931
1, 18746, 34454035, 34714896
232, 2, 21
2, 14420, 34146931, 34409321
1, 14420, 34714896, 34977776
233, 2, 21
2, 21630, 34409321, 34662965
1, 21630, 34977776, 35231306
234, 2, 21
2, 14420, 34662965, 34915137
1, 14420, 35231306, 35483103
235, 2, 21
2, 18746, 34915137, 35176115
1, 18746, 35483103, 35744391
236, 2, 21
2, 23072, 35176115, 35426388
1, 23072, 35744391, 35994637
237, 1, 21
3, 4326, 32935353, 34997975
238, 1, 21
2, 57705, 35426388, 35683926
239, 1, 21
1, 30282, 35994637, 36250838
240, 1, 21
3, 83636, 34997975, 35251854
241, 1, 21
2, 116852, 35683926, 35935437
242, 1, 21
1, 28840, 36250838, 36508509
243, 1, 21
3, 80752, 35251854, 35555578
244, 1, 21
2, 90896, 35935437, 36186173
245, 1, 21
1, 30282, 36508509, 36833098
246, 1, 21
3, 67774, 35555578, 35809479
247, 1, 21
2, 77918, 36186173, 36436319
248, 1, 21
1, 25956, 36833098, 37089937
249, 1, 21
3, 28840, 35809479, 36067439
250, 1, 21
2, 47636, 36436319, 36689740
251, 1, 21
1, 12978, 37089937, 37343721
252, 1, 21
3, 80752, 36067439, 36317495
253, 1, 21
2, 108200, 36689740, 36940268
254, 1, 21
1, 28840, 37343721, 37599478
255, 1, 21
3, 89404, 36317495, 36567640
256, 1, 21
2, 119736, 36940268, 37192136
257, 1, 21
1, 30282, 37599478, 37855648
258, 1, 21
3, 86520, 36567640, 36820258
259, 1, 21
2, 113968, 37192136, 37445375
260, 1, 21
1, 28840, 37855648, 38109732
261, 1, 21
3, 80752, 36820258, 37072085
262, 1, 21
2, 111084, 37445375, 37695553
263, 1, 21
1, 28840, 38109732, 38367104
264, 1, 21
3, 74984, 37072085, 37324742
265, 1, 21
2, 100990, 37695553, 37946889
266, 1, 21
1, 27398, 38367104, 38619348
267, 1, 21
3, 72100, 37324742, 37582215
268, 1, 21
2, 95222, 37946889, 38198413
269, 1, 21
1, 27398, 38619348, 38874329
270, 1, 21
3, 77868, 37582215, 37834697
271, 1, 21
2, 106758, 38198413, 38450975
272, 1, 21
1, 30282, 38874329, 39137799
273, 1, 21
2, 80777, 38450975, 38703277
274, 1, 21
1, 28840, 39137799, 39391327
275, 1, 21
2, 25981, 38703277, 38961637
276, 1, 21
1, 24514, 39391327, 39641745
277, 1, 21
2, 24539, 38961637, 39221298
278, 1, 21
1, 23072, 39641745, 39894915
279, 1, 21
2, 24539, 39221298, 39481594
280, 1, 21
1, 23072, 39894915, 40167832
281, 1, 21
2, 21655, 39481594, 39740479
282, 1, 21
1, 24514, 40167832, 40417916
283, 1, 21
2, 28865, 39740479, 39996870
284, 1, 21
1, 30282, 40417916, 40677196
285, 1, 21
2, 30307, 39996870, 40256782
286, 1, 21
1, 30282, 40677196, 40935361
287, 1, 21
2, 30307, 40256782, 40517676
288, 1, 21
1, 28840, 40935361, 41200441
289, 1, 21
2, 24539, 40517676, 40767748
290, 1, 21
3, 59122, 37834697, 40237988
291, 1, 21
1, 21630, 41200441, 41497108
292, 1, 21
2, 83686, 40767748, 41021367
293, 1, 21
3, 77868, 40237988, 40551259
294, 1, 21
1, 28840, 41497108, 41825032
295, 1, 21
2, 70708, 41021367, 41271782
296, 1, 21
3, 74984, 40551259, 40803560
297, 1, 21
1, 28840, 41825032, 42075306
298, 1, 21
2, 109642, 41271782, 41524744
299, 1, 21
3, 83636, 40803560, 41057209
300, 1, 21
1, 30282, 42075306, 42331548
301, 1, 21
2, 109642, 41524744, 41777612
302, 1, 21
3, 82194, 41057209, 41311307
303, 1, 21
1, 30282, 42331548, 42594123
304, 1, 21
2, 113968, 41777612, 42028637
305, 1, 21
3, 82194, 41311307, 41562580
306, 1, 21
2, 109617, 42028637, 42280890
307, 1, 21
1, 30282, 42594123, 42852110
308, 1, 21
3, 70658, 41562580, 41832343
309, 2, 21
2, 85128, 42280890, 42535200
1, 24514, 42852110, 43103604
310, 1, 21
3, 74984, 41832343, 42082557
311, 1, 21
2, 109617, 42535200, 42787535
312, 1, 21
1, 28840, 43103604, 43361286
313, 1, 21
3, 79310, 42082557, 42334978
314, 1, 21
2, 108200, 42787535, 43038018
315, 1, 21
1, 28840, 43361286, 43611892
316, 1, 21
3, 85078, 42334978, 42588462
317, 1, 21
2, 111084, 43038018, 43289824
318, 1, 21
1, 30282, 43611892, 43870969
319, 1, 21
3, 82194, 42588462, 42841554
320, 1, 21
2, 106758, 43289824, 43540572
321, 1, 21
1, 27398, 43870969, 44124157
322, 1, 21
3, 67774, 42841554, 43093530
323, 1, 21
2, 100990, 43540572, 43791776
324, 1, 21
1, 25956, 44124157, 44377492
325, 1, 21
2, 47611, 43791776, 44054932
326, 1, 21
1, 27398, 44377492, 44636579
327, 1, 21
2, 20213, 44054932, 44308559
328, 1, 21
1, 20188, 44636579, 44892614
329, 1, 21
2, 27423, 44308559, 44561279
330, 1, 21
1, 27398, 44892614, 45143085
331, 2, 21
2, 24539, 44561279, 44890157
1, 23072, 45143085, 45458493
332, 2, 21
2, 20188, 44890157, 45143219
1, 20188, 45458493, 45711848
333, 2, 21
2, 23072, 45143219, 45416167
1, 23072, 45711848, 45984691
334, 2, 21
2, 17304, 45416167, 45677486
1, 17304, 45984691, 46245097
335, 2, 21
2, 18746, 45677486, 45934805
1, 18746, 46245097, 46502320
336, 2, 21
2, 28840, 45934805, 46192617
1, 28840, 46502320, 46760356
337, 2, 21
2, 28840, 46192617, 46443905
1, 28840, 46760356, 47012473
338, 2, 21
2, 28840, 46443905, 46703991
1, 28840, 47012473, 47270296
339, 2, 21
2, 30282, 46703991, 46963755
1, 30282, 47270296, 47532250
340, 2, 21
2, 30282, 46963755, 47225979
1, 30282, 47532250, 47793190
341, 2, 21
2, 30282, 47225979, 47483657
1, 30282, 47793190, 48052331
342, 2, 21
2, 30282, 47483657, 47737122
1, 30282, 48052331, 48305022
343, 2, 21
2, 30282, 47737122, 47996187
1, 30282, 48305022, 48564638
344, 2, 21
2, 24514, 47996187, 48249252
1, 24514, 48564638, 48817004
345, 2, 21
2, 23072, 48249252, 48501828
1, 23072, 48817004, 49070252
346, 2, 21
2, 18746, 48501828, 48780796
1, 18746, 49070252, 49348650
347, 2, 21
2, 24514, 48780796, 49037516
1, 24514, 49348650, 49605389
348, 2, 21
2, 24514, 49037516, 49302788
1, 24514, 49605389, 49870788
349, 2, 21
2, 21630, 49302788, 49572065
1, 21630, 49870788, 50140519
350, 2, 21
2, 15862, 49572065, 49828741
1, 15862, 50140519, 50394453
351, 2, 21
2, 21630, 49828741, 50091339
1, 21630, 50394453, 50655689
352, 2, 21
2, 23072, 50091339, 50372494
1, 23072, 50655689, 50941058
353, 2, 21
2, 21630, 50372494, 50627281
1, 21630, 50941058, 51195740
354, 2, 21
2, 24514, 50627281, 50888429
1, 24514, 51195740, 51456231
355, 2, 21
2, 30282, 50888429, 51144219
1, 30282, 51456231, 51712888
356, 2, 21
2, 30282, 51144219, 51401444
1, 30282, 51712888, 51968659
357, 2, 21
2, 30282, 51401444, 51654741
1, 30282, 51968659, 52223209
358, 2, 21
2, 30282, 51654741, 51910552
1, 30282, 52223209, 52479261
359, 2, 21
2, 30282, 51910552, 52170038
1, 30282, 52479261, 52738695
360, 2, 21
2, 30282, 52170038, 52429551
1, 30282, 52738695, 52997563
361, 2, 21
2, 30282, 52429551, 52686630
1, 30282, 52997563, 53255307
362, 2, 21
2, 30282, 52686630, 52941910
1, 30282, 53255307, 53510481
363, 2, 21
2, 28840, 52941910, 53196134
1, 28840, 53510481, 53764382
364, 2, 21
2, 30282, 53196134, 53455053
1, 30282, 53764382, 54023528
365, 1, 21
3, 57680, 43093530, 53000626
366, 1, 21
2, 67799, 53455053, 53706548
367, 1, 21
1, 30282, 54023528, 54284185
368, 1, 21
3, 85078, 53000626, 53253558
369, 1, 21
2, 111084, 53706548, 53957198
370, 1, 21
1, 30282, 54284185, 54542724
371, 1, 21
3, 82194, 53253558, 53507711
372, 1, 21
2, 108200, 53957198, 54207374
373, 1, 21
1, 28840, 54542724, 54792801
374, 1, 21
3, 85078, 53507711, 53760749
375, 1, 21
2, 121178, 54207374, 54458634
376, 1, 21
1, 30282, 54792801, 55048527
377, 1, 21
3, 93730, 53760749, 54013807
378, 1, 21
2, 124062, 54458634, 54711088
379, 1, 21
1, 30282, 55048527, 55300818
380, 1, 21
3, 93730, 54013807, 54267869
381, 1, 21
2, 121178, 54711088, 54963555
382, 1, 21
1, 30282, 55300818, 55558255
383, 1, 21
3, 92288, 54267869, 54518950
384, 1, 21
2, 115410, 54963555, 55213873
385, 1, 21
1, 30282, 55558255, 55818936
386, 1, 21
3, 80752, 54518950, 54770440
387, 1, 21
2, 115410, 55213873, 55464094
388, 1, 21
1, 30282, 55818936, 56077863
389, 1, 21
3, 89404, 54770440, 55023437
390, 1, 21
2, 115410, 55464094, 55714839
391, 1, 21
1, 30282, 56077863, 56339264
392, 1, 21
3, 85078, 55023437, 55275512
393, 1, 21
2, 116852, 55714839, 55968087
394, 1, 21
1, 28840, 56339264, 56597609
395, 1, 21
3, 89404, 55275512, 55527085
396, 1, 21
2, 118294, 55968087, 56221184
397, 1, 21
1, 30282, 56597609, 56851426
398, 1, 21
3, 87962, 55527085, 55779327
399, 1, 21
2, 116852, 56221184, 56474574
400, 1, 21
1, 30282, 56851426, 57105799
401, 1, 21
3, 85078, 55779327, 56031597
402, 1, 21
2, 111084, 56474574, 56725611
403, 1, 21
1, 30282, 57105799, 57357985
404, 1, 21
3, 83636, 56031597, 56283487
405, 1, 21
2, 115410, 56725611, 56976576
406, 1, 21
1, 30282, 57357985, 57611946
407, 1, 21
3, 85078, 56283487, 56535111
408, 1, 21
2, 115410, 56976576, 57226982
409, 1, 21
1, 30282, 57611946, 57868692
410, 1, 21
3, 83636, 56535111, 56787129
411, 1, 21
2, 111084, 57226982, 57480507
412, 1, 21
1, 30282, 57868692, 58123925
413, 1, 21
3, 83636, 56787129, 57040252
414, 1, 21
2, 113968, 57480507, 57730747
415, 1, 21
1, 30282, 58123925, 58384665
416, 1, 21
3, 77868, 57040252, 57291364
417, 1, 21
2, 108200, 57730747, 57983232
418, 1, 21
1, 30282, 58384665, 58641498
419, 1, 21
3, 83636, 57291364, 57544929
420, 1, 21
2, 115410, 57983232, 58234654
421, 1, 21
1, 30282, 58641498, 58892503
422, 1, 21
3, 87962, 57544929, 57798699
423, 1, 21
2, 115410, 58234654, 58487712
424, 1, 21
1, 30282, 58892503, 59144761
425, 1, 21
3, 82194, 57798699, 58052064
426, 1, 21
2, 90896, 58487712, 58749628
427, 1, 21
1, 28840, 59144761, 59402125
428, 1, 21
2, 27423, 58749628, 59005148
429, 1, 21
1, 27398, 59402125, 59652281
430, 1, 21
2, 28865, 59005148, 59265854
431, 1, 21
1, 28840, 59652281, 59911328
432, 1, 21
2, 28865, 59265854, 59525647
433, 1, 21
1, 27398, 59911328, 60163338
434, 1, 21
2, 27423, 59525647, 59782093
435, 1, 21
1, 27398, 60163338, 60414733
436, 1, 21
2, 28865, 59782093, 60034071
437, 1, 21
1, 28840, 60414733, 60668391
438, 1, 21
2, 28865, 60034071, 60298976
439, 1, 21
1, 27398, 60668391, 60918401
440, 1, 21
2, 28865, 60298976, 60554048
441, 1, 21
1, 28840, 60918401, 61173124
442, 1, 21
2, 28865, 60554048, 60806850
443, 1, 21
1, 28840, 61173124, 61426218
444, 1, 21
2, 28865, 60806850, 61061968
445, 1, 21
1, 28840, 61426218, 61679919
446, 1, 21
2, 27423, 61061968, 61316679
447, 1, 21
1, 30282, 61679919, 61941329
448, 1, 21
2, 31749, 61316679, 61571923
449, 1, 21
1, 28840, 61941329, 62192316
450, 1, 21
2, 30307, 61571923, 61831706
451, 1, 21
1, 30282, 62192316, 62449942
452, 1, 21
2, 28865, 61831706, 62090004
453, 1, 21
1, 28840, 62449942, 62708167
454, 1, 21
2, 27423, 62090004, 62346182
455, 1, 21
1, 27398, 62708167, 62968516
456, 1, 21
2, 27423, 62346182, 62603940
457, 1, 21
1, 27398, 62968516, 63229158
458, 1, 21
2, 27423, 62603940, 62860945
459, 1, 21
1, 27398, 63229158, 63490658
460, 1, 21
2, 27423, 62860945, 63122751
461, 1, 21
1, 27398, 63490658, 63750290
462, 1, 21
2, 25981, 63122751, 63373084
463, 1, 21
1, 27398, 63750290, 64008876
464, 1, 21
2, 27423, 63373084, 63629751
465, 1, 21
1, 27398, 64008876, 64271045
466, 1, 21
2, 27423, 63629751, 63885447
467, 1, 21
1, 27398, 64271045, 64522781
468, 1, 21
2, 27423, 63885447, 64140766
469, 1, 21
1, 28840, 64522781, 64783542
470, 1, 21
2, 28865, 64140766, 64395041
471, 1, 21
1, 28840, 64783542, 65044807
472, 1, 21
2, 27423, 64395041, 64655599
473, 1, 21
1, 27398, 65044807, 65296683
474, 1, 21
2, 30307, 64655599, 64912870
475, 1, 21
1, 30282, 65296683, 65558722
476, 1, 21
2, 27423, 64912870, 65165539
477, 1, 21
1, 27398, 65558722, 65813120
478, 1, 21
2, 28865, 65165539, 65424143
479, 1, 21
1, 28840, 65813120, 66070255
480, 1, 21
2, 28865, 65424143, 65685485
481, 1, 21
1, 28840, 66070255, 66330256
482, 1, 21
2, 27423, 65685485, 65936769
