0, 2, 21
2, 27398, 5566620, 5821027
1, 27398, 6111593, 6366006
1, 2, 21
2, 28840, 5821027, 6139172
1, 28840, 6366006, 6684287
2, 2, 21
2, 25956, 6139172, 6399658
1, 25956, 6684287, 6944876
3, 2, 21
2, 28840, 6399658, 6651879
1, 28840, 6944876, 7197207
4, 2, 21
2, 36050, 6651879, 6971034
1, 36050, 7197207, 7516258
5, 2, 21
2, 43260, 6971034, 7365112
1, 43260, 7516258, 7910442
6, 2, 21
2, 27398, 7365112, 7616249
1, 27398, 7910442, 8161634
7, 2, 21
2, 27398, 7616249, 7868503
1, 27398, 8161634, 8413878
8, 2, 21
2, 28840, 7868503, 8125218
1, 28840, 8413878, 8670524
9, 2, 21
2, 44702, 8125218, 8525174
1, 44702, 8670524, 9070529
10, 2, 21
2, 69216, 8525174, 9141269
1, 69216, 9070529, 9686504
11, 2, 21
2, 47586, 9141269, 15690460
1, 47586, 9686504, 16235387
12, 2, 21
2, 27398, 15690460, 15947312
1, 27398, 16235387, 16492104
13, 2, 21
2, 36050, 15947312, 16269764
1, 36050, 16492104, 16815083
14, 2, 21
2, 46144, 16269764, 16662814
1, 46144, 16815083, 17208169
15, 2, 21
2, 85078, 16662814, 17428998
1, 85078, 17208169, 17974100
16, 1, 21
2, 57680, 17428998, 17741008
17, 1, 21
1, 36050, 17974100, 18290996
18, 1, 21
3, 37492, 17027005, 17277282
19, 1, 21
2, 66382, 17741008, 17992214
20, 1, 21
1, 37492, 18290996, 18613207
21, 1, 21
3, 38934, 17277282, 17534263
22, 1, 21
2, 83686, 17992214, 18309497
23, 1, 21
3, 36050, 17534263, 17787782
24, 1, 21
1, 46144, 18613207, 19007527
25, 1, 21
2, 62056, 18309497, 18560389
26, 1, 21
3, 30282, 17787782, 18105825
27, 1, 21
1, 25956, 19007527, 19324845
28, 1, 21
2, 36100, 18560389, 18814820
29, 1, 21
3, 40376, 18105825, 18426166
30, 1, 21
1, 24514, 19324845, 19579342
31, 1, 21
2, 63498, 18814820, 19069749
32, 1, 21
3, 40376, 18426166, 18681181
33, 1, 21
2, 67799, 19069749, 19326637
34, 1, 21
1, 34608, 19579342, 19905264
35, 1, 21
3, 49028, 18681181, 18994867
36, 1, 21
2, 93780, 19326637, 19640426
37, 1, 21
1, 44702, 19905264, 20298391
38, 1, 21
4, 38934, 18467518, 18726518
39, 1, 21
2, 103874, 19640426, 19897713
40, 1, 21
3, 60564, 18994867, 19393454
41, 1, 21
4, 34608, 18726518, 18979367
42, 1, 21
2, 96664, 19897713, 20149375
43, 1, 21
3, 46144, 19393454, 19716380
44, 1, 21
1, 60564, 20298391, 20862300
45, 1, 21
4, 40376, 18979367, 19234646
46, 1, 21
2, 132739, 20149375, 20464473
47, 1, 21
1, 28840, 20862300, 21113841
48, 1, 21
4, 37492, 19234646, 19490488
49, 1, 21
3, 60564, 19716380, 20114875
50, 1, 21
1, 36050, 21113841, 21432030
51, 1, 21
4, 46144, 19490488, 19807015
52, 1, 21
2, 200563, 20464473, 20954726
53, 1, 21
4, 24514, 19807015, 20060007
54, 1, 21
2, 70683, 20954726, 21213216
55, 1, 21
3, 66332, 20114875, 20657938
56, 1, 21
1, 38934, 21432030, 21830566
57, 1, 21
4, 17304, 20060007, 20312073
58, 1, 21
2, 59197, 21213216, 21463515
59, 1, 21
3, 28840, 20657938, 20972514
60, 1, 21
1, 17304, 21830566, 22080967
61, 1, 21
4, 30282, 20312073, 20565657
62, 1, 21
2, 105341, 21463515, 21777385
63, 1, 21
1, 24514, 22080967, 22334935
64, 1, 21
3, 30282, 20972514, 21230664
65, 1, 21
4, 37492, 20565657, 20818636
66, 1, 21
2, 106783, 21777385, 22032555
67, 1, 21
3, 38934, 21230664, 21484592
68, 1, 21
1, 30282, 22334935, 22592915
69, 1, 21
4, 47586, 20818636, 21137334
70, 1, 21
2, 102457, 22032555, 22284476
71, 1, 21
1, 28840, 22592915, 22846584
72, 1, 21
3, 46144, 21484592, 21797178
73, 1, 21
4, 56238, 21137334, 21528055
74, 1, 21
2, 148601, 22284476, 22677443
75, 1, 21
1, 44702, 22846584, 23247258
76, 1, 21
2, 59147, 22677443, 22933628
77, 1, 21
4, 34608, 21528055, 21838334
78, 1, 21
1, 36050, 23247258, 23665704
79, 1, 21
2, 46194, 22933628, 23188596
80, 1, 21
4, 33166, 21838334, 22090948
81, 1, 21
1, 25956, 23665704, 23919882
82, 1, 21
2, 63498, 23188596, 23439701
83, 1, 21
4, 37492, 22090948, 22346029
84, 1, 21
4, 21630, 22346029, 22597441
85, 1, 21
1, 30282, 23919882, 24288658
86, 1, 21
2, 53429, 23439701, 23758246
87, 1, 21
4, 28840, 22597441, 22860453
88, 1, 21
2, 51962, 23758246, 24013884
89, 1, 21
1, 24514, 24288658, 24561924
90, 1, 21
2, 50470, 24013884, 24265433
91, 1, 21
1, 23072, 24561924, 24822974
92, 1, 21
4, 36050, 22860453, 23175235
93, 1, 21
1, 30282, 24822974, 25081270
94, 1, 21
4, 34608, 23175235, 23427180
95, 1, 21
2, 99598, 24265433, 24656312
96, 1, 21
1, 34608, 25081270, 25403758
97, 1, 21
4, 47586, 23427180, 23748014
98, 1, 21
2, 161554, 24656312, 25273903
99, 1, 21
1, 57680, 25403758, 25892283
100, 1, 21
4, 73542, 23748014, 24247502
101, 1, 21
4, 323008, 24247502, 26418057
102, 1, 21
4, 46144, 26418057, 26736304
103, 1, 21
4, 57680, 26736304, 27132910
104, 1, 21
3, 37492, 21797178, 27980994
105, 1, 21
2, 907168, 25273903, 28654550
106, 1, 21
3, 36050, 27980994, 28243454
107, 1, 21
2, 92313, 28654550, 28913016
108, 1, 21
1, 423948, 25892283, 29567724
109, 1, 21
4, 98056, 27132910, 27903407
110, 1, 21
3, 25956, 28243454, 28501471
111, 1, 21
2, 85153, 28913016, 29167240
112, 1, 21
4, 36050, 27903407, 28158036
113, 1, 21
3, 37492, 28501471, 28755661
114, 1, 21
1, 34608, 29567724, 29885145
115, 1, 21
2, 102457, 29167240, 29419156
116, 1, 21
4, 37492, 28158036, 28412998
117, 1, 21
3, 41818, 28755661, 29069621
118, 1, 21
2, 93780, 29419156, 29675190
119, 1, 21
1, 43260, 29885145, 30282199
120, 1, 21
4, 40376, 28412998, 28714313
121, 1, 21
3, 38934, 29069621, 29325900
122, 1, 21
2, 105341, 29675190, 29926259
123, 1, 21
4, 46144, 28714313, 29031588
124, 1, 21
3, 44702, 29325900, 29645031
125, 1, 21
2, 126946, 29926259, 30239959
126, 1, 21
1, 90846, 30282199, 31055716
127, 1, 21
4, 53354, 29031588, 29430821
128, 1, 21
2, 147134, 30239959, 30632488
129, 1, 21
3, 63448, 29645031, 30141070
130, 1, 21
2, 170181, 30632488, 31190750
131, 1, 21
2, 83636, 31190750, 31506993
132, 1, 21
2, 100940, 31506993, 31897855
133, 1, 21
2, 200438, 31897855, 32664396
134, 1, 21
3, 338870, 30141070, 32576408
135, 1, 21
3, 36050, 32576408, 32835798
136, 1, 21
3, 11536, 32835798, 33086755
137, 2, 21
2, 191861, 32664396, 33743858
1, 337428, 31055716, 34288687
138, 1, 21
1, 18746, 34288687, 34549195
139, 1, 21
2, 24539, 33743858, 34071312
140, 1, 21
1, 14420, 34549195, 34811784
141, 1, 21
2, 24539, 34071312, 34468292
142, 1, 21
1, 21630, 34811784, 35065055
143, 1, 21
2, 15887, 34468292, 34721989
144, 1, 21
1, 14420, 35065055, 35316606
145, 1, 21
1, 18746, 35316606, 35577483
146, 1, 21
2, 24564, 34721989, 35056454
147, 1, 21
1, 23072, 35577483, 35827595
148, 1, 21
2, 41843, 35056454, 35452910
149, 1, 21
1, 30282, 35827595, 36083562
150, 1, 21
3, 2884, 33086755, 35097823
151, 1, 21
2, 44752, 35452910, 35707195
152, 1, 21
1, 36050, 36083562, 36401394
153, 1, 21
3, 83636, 35097823, 35351362
154, 1, 21
2, 115410, 35707195, 35959707
155, 1, 21
2, 82194, 35959707, 36216545
156, 1, 21
3, 85078, 35351362, 35666434
157, 1, 21
1, 36050, 36401394, 36801668
158, 1, 21
2, 90896, 36216545, 36468991
159, 1, 21
3, 67774, 35666434, 35960923
160, 1, 21
1, 20188, 36801668, 37093155
161, 1, 21
2, 46194, 36468991, 36724265
162, 1, 21
3, 34608, 35960923, 36211372
163, 1, 21
1, 24514, 37093155, 37346302
164, 1, 21
2, 109642, 36724265, 36974483
165, 1, 21
3, 87962, 36211372, 36463488
166, 1, 21
1, 30282, 37346302, 37601365
167, 1, 21
2, 119736, 36974483, 37227316
168, 1, 21
3, 89404, 36463488, 36717135
169, 1, 21
1, 37492, 37601365, 37923017
170, 1, 21
3, 86520, 36717135, 36968141
171, 1, 21
2, 144275, 37227316, 37542122
172, 1, 21
3, 80752, 36968141, 37220403
173, 1, 21
2, 113943, 37542122, 37807402
174, 1, 21
1, 53354, 37923017, 38412351
175, 1, 21
2, 103849, 37807402, 38058909
176, 1, 21
3, 95172, 37220403, 37535633
177, 1, 21
2, 93755, 38058909, 38309442
178, 1, 21
1, 63448, 38412351, 38980140
179, 1, 21
3, 113918, 37535633, 37929513
180, 1, 21
2, 109642, 38309442, 38562334
181, 1, 21
1, 33166, 38980140, 39293373
182, 1, 21
2, 60589, 38562334, 38813673
183, 1, 21
1, 25956, 39293373, 39554249
184, 1, 21
2, 24539, 38813673, 39072179
185, 1, 21
1, 30282, 39554249, 39876477
186, 1, 21
2, 30307, 39072179, 39385461
187, 1, 21
1, 21630, 39876477, 40134472
188, 1, 21
2, 37517, 39385461, 39781753
189, 1, 21
1, 28840, 40134472, 40390432
190, 1, 21
1, 30282, 40390432, 40649689
191, 1, 21
1, 37492, 40649689, 40972324
192, 1, 21
2, 85153, 39781753, 40547196
193, 1, 21
1, 23072, 40972324, 41224835
194, 1, 21
2, 18771, 40547196, 40800024
195, 1, 21
3, 57680, 37929513, 40328450
196, 1, 21
1, 20188, 41224835, 41475519
197, 1, 21
2, 103874, 40800024, 41114165
198, 1, 21
1, 21630, 41475519, 41736074
199, 1, 21
3, 77868, 40328450, 40641890
200, 1, 21
2, 79360, 41114165, 41364423
201, 1, 21
1, 37492, 41736074, 42053996
202, 1, 21
3, 93730, 40641890, 40957984
203, 1, 21
2, 111084, 41364423, 41617358
204, 1, 21
3, 83636, 40957984, 41211378
205, 1, 21
2, 108175, 41617358, 41870678
206, 1, 21
1, 57680, 42053996, 42549248
207, 1, 21
3, 105266, 41211378, 41527384
208, 1, 21
2, 126946, 41870678, 42146242
209, 1, 21
1, 40376, 42549248, 42937500
210, 1, 21
2, 105291, 42146242, 42398806
211, 1, 21
3, 111034, 41527384, 41921873
212, 2, 21
2, 83661, 42398806, 42650779
1, 28840, 42937500, 43194492
213, 1, 21
3, 95172, 41921873, 42237592
214, 1, 21
2, 111059, 42650779, 42904032
215, 1, 21
1, 37492, 43194492, 43518415
216, 1, 21
3, 128338, 42237592, 42630690
217, 1, 21
2, 141366, 42904032, 43217804
218, 1, 21
1, 44702, 43518415, 43918039
219, 1, 21
2, 162971, 43217804, 43611061
220, 1, 21
1, 31724, 43918039, 44221666
221, 1, 21
3, 168714, 42630690, 43189702
222, 1, 21
2, 105316, 43611061, 43862179
223, 1, 21
1, 30282, 44221666, 44543876
224, 1, 21
2, 36075, 43862179, 44131552
225, 1, 21
1, 24514, 44543876, 44797901
226, 1, 21
2, 27423, 44131552, 44385141
227, 1, 21
1, 24514, 44797901, 45053135
228, 1, 21
2, 24539, 44385141, 44645704
229, 1, 21
1, 20188, 45053135, 45322367
230, 1, 21
2, 28865, 44645704, 45046191
231, 1, 21
1, 27398, 45322367, 45640951
232, 1, 21
1, 15862, 45640951, 45892695
233, 1, 21
1, 21630, 45892695, 46153349
234, 1, 21
2, 44777, 45046191, 45658244
235, 1, 21
1, 28840, 46153349, 46477553
236, 1, 21
2, 36075, 45658244, 46019065
237, 1, 21
1, 30282, 46477553, 46737921
238, 1, 21
2, 36075, 46019065, 46341669
239, 1, 21
1, 36050, 46737921, 47059129
240, 1, 21
2, 46169, 46341669, 46737025
241, 1, 21
1, 57680, 47059129, 47551624
242, 1, 21
2, 90871, 46737025, 47508074
243, 2, 21
2, 60564, 47508074, 48069116
1, 119686, 47551624, 48612994
244, 2, 21
2, 28840, 48069116, 48394951
1, 28840, 48612994, 48939943
245, 2, 21
2, 17304, 48394951, 48671906
1, 17304, 48939943, 49217140
246, 2, 21
2, 27398, 48671906, 48928012
1, 27398, 49217140, 49473257
247, 2, 21
2, 28840, 48928012, 49251068
1, 28840, 49473257, 49796182
248, 2, 21
2, 17304, 49251068, 49505068
1, 17304, 49796182, 50050294
249, 2, 21
2, 17304, 49505068, 49773481
1, 17304, 50050294, 50318759
250, 2, 21
2, 25956, 49773481, 50025863
1, 25956, 50318759, 50571167
251, 2, 21
2, 23072, 50025863, 50338690
1, 23072, 50571167, 50883853
252, 2, 21
2, 50470, 50338690, 50830769
1, 50470, 50883853, 51375992
253, 2, 21
2, 30282, 50830769, 51088316
1, 30282, 51375992, 51633575
254, 2, 21
2, 37492, 51088316, 51402986
1, 37492, 51633575, 51948211
255, 2, 21
2, 59122, 51402986, 51902618
1, 59122, 51948211, 52447842
256, 1, 21
3, 54796, 43189702, 53088813
257, 1, 21
2, 259585, 51902618, 53768348
258, 1, 21
3, 85078, 53088813, 53340608
259, 1, 21
2, 111059, 53768348, 54019305
260, 1, 21
3, 100940, 53340608, 53657545
261, 1, 21
2, 138457, 54019305, 54333963
262, 1, 21
2, 124012, 54333963, 54587085
263, 1, 21
3, 141316, 53657545, 54048487
264, 1, 21
3, 93730, 54048487, 54302878
265, 1, 21
2, 154344, 54587085, 54902485
266, 1, 21
3, 139874, 54302878, 54698154
267, 1, 21
2, 177391, 54902485, 55284493
268, 1, 21
3, 87962, 54698154, 54948228
269, 1, 21
2, 149993, 55284493, 55598246
270, 1, 21
3, 108150, 54948228, 55261883
271, 1, 21
2, 112501, 55598246, 55850740
272, 1, 21
2, 147084, 55850740, 56164296
273, 1, 21
3, 171598, 55261883, 55751657
274, 1, 21
2, 227861, 56164296, 56652910
275, 1, 21
2, 935858, 56652910, 58817411
276, 1, 21
2, 28840, 58817411, 59076857
277, 1, 21
2, 34608, 59076857, 59393451
278, 1, 21
2, 44702, 59393451, 59793474
279, 1, 21
2, 86520, 59793474, 60565076
280, 1, 21
2, 124012, 60565076, 61638245
281, 1, 21
1, 1160810, 52447842, 62455075
282, 1, 21
2, 36075, 61638245, 61961030
283, 1, 21
1, 33166, 62455075, 62773415
284, 1, 21
2, 41843, 61961030, 62361603
285, 1, 21
1, 34608, 62773415, 63095922
286, 1, 21
1, 41818, 63095922, 63496898
287, 1, 21
2, 80802, 62361603, 63127433
288, 1, 21
1, 82194, 63496898, 64269033
289, 1, 21
2, 178833, 63127433, 64757883
290, 1, 21
2, 27398, 64757883, 65012065
291, 1, 21
2, 36050, 65012065, 65332348
292, 1, 21
2, 43260, 65332348, 65727945
