0, 2, 21
2, 72100, 5608156, 6359376
1, 72104, 6163894, 6915013
1, 2, 21
2, 144200, 6359376, 7651639
1, 144204, 6915013, 8207281
2, 2, 21
2, 144200, 7651639, 8938725
1, 144204, 8207281, 9494313
3, 2, 21
2, 217742, 8938725, 17000422
1, 217746, 9494313, 17555807
4, 2, 21
2, 73542, 17000422, 17657962
1, 72104, 17555807, 18213098
5, 2, 21
2, 82194, 17657962, 17968186
1, 36054, 18213098, 18523607
6, 2, 21
2, 43260, 17968186, 18128414
1, 18750, 18523607, 18683994
7, 2, 21
2, 23072, 18128414, 18216241
1, 10098, 18683994, 18771794
8, 2, 21
2, 333102, 18216241, 19620322
1, 144204, 18771794, 20175540
9, 2, 21
2, 273980, 19620322, 20293486
1, 72104, 20175540, 20848784
10, 2, 21
2, 134106, 20293486, 20615472
1, 36054, 20848784, 21170999
11, 2, 21
2, 70658, 20615472, 20789145
1, 18750, 21170999, 21344177
12, 2, 21
2, 497490, 20789145, 22233859
1, 144204, 21344177, 22789454
13, 2, 21
2, 223510, 22233859, 22876519
1, 72104, 22789454, 23431625
14, 2, 21
2, 93730, 22876519, 23317691
1, 36054, 23431625, 23872683
15, 2, 21
2, 43260, 23317691, 23490033
1, 18750, 23872683, 24045127
16, 2, 21
2, 14420, 23490033, 23585687
1, 10098, 24045127, 24140816
17, 2, 21
2, 338870, 23585687, 25069771
1, 144204, 24140816, 25624426
18, 2, 21
2, 328776, 25069771, 26290136
1, 144204, 25624426, 26845392
19, 2, 21
2, 164388, 26290136, 26911065
1, 72104, 26845392, 27465590
20, 2, 21
2, 328776, 26911065, 28159814
1, 144204, 27465590, 28715085
21, 2, 21
2, 441252, 28159814, 29474545
1, 144204, 28715085, 30029132
22, 2, 21
2, 258118, 29474545, 30115930
1, 72104, 30029132, 30671191
23, 2, 21
2, 122570, 30115930, 30426664
1, 36054, 30671191, 30980205
24, 2, 21
2, 357616, 30426664, 31643397
1, 144204, 30980205, 32197968
25, 2, 21
2, 161504, 31643397, 32254523
1, 72104, 32197968, 32809912
26, 2, 21
2, 80752, 32254523, 32559972
1, 36054, 32809912, 33115436
27, 2, 21
2, 249466, 32559972, 34420295
1, 144204, 33115436, 34975650
28, 2, 21
2, 72100, 34420295, 35368507
1, 72104, 34975650, 35923990
29, 2, 21
2, 87962, 35368507, 35675059
1, 36054, 35923990, 36230486
30, 2, 21
2, 77868, 35675059, 35846054
1, 18750, 36230486, 36400448
31, 2, 21
2, 40376, 35846054, 35931142
1, 10098, 36400448, 36485823
32, 2, 21
2, 20188, 35931142, 35979856
1, 5772, 36485823, 36534137
33, 2, 21
2, 542192, 35979856, 37471341
1, 144204, 36534137, 38018913
34, 2, 21
2, 262444, 37471341, 38115063
1, 72104, 38018913, 38670409
35, 2, 21
2, 138432, 38115063, 38442978
1, 36054, 38670409, 38997700
36, 2, 21
2, 173040, 38442978, 39892878
1, 144204, 38997700, 40447579
37, 2, 21
2, 72100, 39892878, 40514001
1, 72104, 40447579, 41068662
38, 2, 21
2, 510468, 40514001, 41956697
1, 144204, 41068662, 42512145
39, 2, 21
2, 263886, 41956697, 42625414
1, 72104, 42512145, 43180788
40, 2, 21
2, 138432, 42625414, 42938449
1, 36054, 43180788, 43493287
41, 2, 21
2, 70658, 42938449, 43098671
1, 18750, 43493287, 43654056
42, 2, 21
2, 348964, 43098671, 44499900
1, 144204, 43654056, 45055370
43, 2, 21
2, 72100, 44499900, 45450862
1, 72104, 45055370, 46006360
44, 2, 21
2, 36050, 45450862, 45903627
1, 36054, 46006360, 46458499
45, 2, 21
2, 144200, 45903627, 47162512
1, 144204, 46458499, 47717965
46, 2, 21
2, 72100, 47162512, 47765335
1, 72104, 47717965, 48320546
47, 2, 21
2, 144200, 47765335, 49354197
1, 144204, 48320546, 49909415
48, 2, 21
2, 144200, 49354197, 51023161
1, 144204, 49909415, 51578015
49, 2, 21
2, 144200, 51023161, 52245739
1, 144204, 51578015, 52801117
50, 2, 21
2, 72100, 52245739, 52857552
1, 72104, 52801117, 53412867
51, 2, 21
2, 338870, 52857552, 54099463
1, 144204, 53412867, 54654190
52, 2, 21
2, 294168, 54099463, 54703460
1, 72104, 54654190, 55258741
53, 2, 21
2, 148526, 54703460, 55010056
1, 36054, 55258741, 55565251
54, 2, 21
2, 571032, 55010056, 56242864
1, 144204, 55565251, 56798082
55, 2, 21
2, 556612, 56242864, 57454104
1, 144204, 56798082, 58009420
56, 2, 21
2, 504700, 57454104, 58679170
1, 144204, 58009420, 59234676
57, 2, 21
2, 144200, 58679170, 59990442
1, 144204, 59234676, 60546097
58, 2, 21
2, 72100, 59990442, 60633991
1, 72104, 60546097, 61189613
59, 2, 21
2, 144200, 60633991, 61885853
1, 144204, 61189613, 62441431
60, 2, 21
2, 144200, 61885853, 63248181
1, 144204, 62441431, 63803269
61, 2, 21
2, 144200, 63248181, 64577515
1, 144204, 63803269, 65133141
