0, 2, 21
2, 27398, 5639306, 5893973
1, 27398, 6217908, 6472450
1, 2, 21
2, 27398, 5893973, 6199034
1, 27398, 6472450, 6777503
2, 2, 21
2, 24514, 6199034, 6450480
1, 24514, 6777503, 7028852
3, 2, 21
2, 28840, 6450480, 6705830
1, 28840, 7028852, 7284284
4, 2, 21
2, 28840, 6705830, 6963989
1, 28840, 7284284, 7542461
5, 2, 21
2, 28840, 6963989, 7218091
1, 28840, 7542461, 7795800
6, 2, 21
2, 27398, 7218091, 7473473
1, 27398, 7795800, 8051701
7, 2, 21
2, 27398, 7473473, 7725693
1, 27398, 8051701, 8304169
8, 2, 21
2, 27398, 7725693, 7978323
1, 27398, 8304169, 8556551
9, 2, 21
2, 28840, 7978323, 8240078
1, 28840, 8556551, 8816197
10, 2, 21
2, 27398, 8240078, 8491781
1, 27398, 8816197, 9067276
11, 2, 21
2, 28840, 8491781, 8744284
1, 28840, 9067276, 9320044
12, 2, 21
2, 28840, 8744284, 8999285
1, 28840, 9320044, 9577536
13, 2, 21
2, 28840, 8999285, 9260995
1, 28840, 9577536, 9839395
14, 2, 21
2, 27398, 9260995, 9517800
1, 27398, 9839395, 10096065
15, 2, 21
2, 17304, 9517800, 15787298
1, 17304, 10096065, 16364738
16, 2, 21
2, 27398, 15787298, 16043255
1, 27398, 16364738, 16621310
17, 1, 21
1, 27398, 16621310, 16871364
18, 1, 21
2, 28865, 16043255, 16304285
19, 1, 21
1, 30282, 16871364, 17127798
20, 1, 21
2, 30307, 16304285, 16561153
21, 1, 21
1, 30282, 17127798, 17388207
22, 1, 21
2, 30307, 16561153, 16821933
23, 1, 21
1, 28840, 17388207, 17640535
24, 1, 21
2, 28865, 16821933, 17074302
25, 2, 21
2, 27398, 17074302, 17327381
1, 28840, 17640535, 17905650
26, 2, 21
2, 27398, 17327381, 17583878
1, 27398, 17905650, 18162003
27, 1, 21
2, 59122, 17583878, 17836094
28, 1, 21
1, 30282, 18162003, 18423170
29, 1, 21
3, 38934, 17048702, 17302028
30, 1, 21
2, 66382, 17836094, 18087331
31, 1, 21
1, 30282, 18423170, 18683690
32, 1, 21
3, 38934, 17302028, 17559853
33, 1, 21
2, 66382, 18087331, 18339761
34, 1, 21
1, 30282, 18683690, 18942697
35, 1, 21
3, 36050, 17559853, 17815207
36, 1, 21
2, 60614, 18339761, 18593676
37, 1, 21
1, 28840, 18942697, 19196620
38, 1, 21
3, 28840, 17815207, 18124613
39, 1, 21
2, 41868, 18593676, 18851544
40, 1, 21
1, 18746, 19196620, 19453187
41, 1, 21
3, 30282, 18124613, 18381377
42, 1, 21
2, 57730, 18851544, 19104701
43, 1, 21
1, 24514, 19453187, 19708414
44, 1, 21
3, 40376, 18381377, 18637928
45, 1, 21
2, 67824, 19104701, 19356939
46, 1, 21
1, 27398, 19708414, 19963553
47, 1, 21
3, 38934, 18637928, 18893796
48, 1, 21
2, 64940, 19356939, 19613085
49, 1, 21
1, 28840, 19963553, 20223038
50, 1, 21
3, 38934, 18893796, 19146827
51, 1, 21
2, 93780, 19613085, 19866427
52, 1, 21
1, 27398, 20223038, 20474672
53, 1, 21
4, 38934, 18472407, 18724066
54, 1, 21
3, 37492, 19146827, 19399714
55, 1, 21
2, 98131, 19866427, 20122632
56, 1, 21
1, 28840, 20474672, 20725825
57, 1, 21
4, 34608, 18724066, 18980287
58, 1, 21
3, 36050, 19399714, 19659409
59, 1, 21
2, 102457, 20122632, 20373381
60, 1, 21
1, 25956, 20725825, 20983491
61, 1, 21
4, 38934, 18980287, 19231651
62, 1, 21
3, 37492, 19659409, 19913343
63, 1, 21
2, 88037, 20373381, 20632962
64, 1, 21
4, 34608, 19231651, 19483270
65, 1, 21
1, 34608, 20983491, 21241807
66, 1, 21
3, 31724, 19913343, 20167284
67, 1, 21
2, 101015, 20632962, 20896951
68, 1, 21
1, 21630, 21241807, 21493019
69, 1, 21
4, 30282, 19483270, 19740297
70, 1, 21
3, 36050, 20167284, 20426368
71, 1, 21
2, 96689, 20896951, 21147536
72, 1, 21
1, 27398, 21493019, 21750324
73, 1, 21
4, 30282, 19740297, 20012346
74, 1, 21
3, 25956, 20426368, 20679012
75, 1, 21
2, 67849, 21147536, 21406755
76, 1, 21
1, 23072, 21750324, 22010899
77, 1, 21
4, 21630, 20012346, 20295042
78, 1, 21
3, 21630, 20679012, 20968183
79, 1, 21
2, 59197, 21406755, 21659186
80, 1, 21
1, 17304, 22010899, 22266111
81, 1, 21
4, 30282, 20295042, 20551557
82, 1, 21
3, 31724, 20968183, 21242836
83, 1, 21
2, 86595, 21659186, 21915509
84, 1, 21
1, 24514, 22266111, 22520257
85, 1, 21
4, 31724, 20551557, 20805421
86, 1, 21
3, 37492, 21242836, 21493997
87, 1, 21
2, 106783, 21915509, 22168001
88, 1, 21
1, 30282, 22520257, 22778393
89, 1, 21
4, 38934, 20805421, 21057928
90, 1, 21
3, 38934, 21493997, 21754886
91, 1, 21
2, 102457, 22168001, 22418133
92, 1, 21
1, 28840, 22778393, 23032350
93, 1, 21
4, 37492, 21057928, 21315807
94, 1, 21
3, 37492, 21754886, 22006849
95, 1, 21
2, 102457, 22418133, 22668171
96, 1, 21
1, 28840, 23032350, 23288246
97, 1, 21
4, 37492, 21315807, 21571206
98, 1, 21
2, 77918, 22668171, 22925514
99, 1, 21
1, 28840, 23288246, 23546454
100, 1, 21
4, 36050, 21571206, 21821852
101, 1, 21
2, 43310, 22925514, 23180535
102, 1, 21
1, 18746, 23546454, 23805691
103, 1, 21
4, 21630, 21821852, 22077029
104, 1, 21
2, 56288, 23180535, 23435315
105, 1, 21
1, 24514, 23805691, 24067724
106, 1, 21
4, 37492, 22077029, 22335495
107, 1, 21
2, 64940, 23435315, 23692413
108, 1, 21
1, 27398, 24067724, 24328734
109, 1, 21
4, 30282, 22335495, 22596456
110, 1, 21
2, 36100, 23692413, 23949516
111, 1, 21
1, 14420, 24328734, 24581451
112, 1, 21
4, 21630, 22596456, 22847067
113, 1, 21
2, 50520, 23949516, 24204594
114, 1, 21
1, 23072, 24581451, 24841607
115, 1, 21
4, 25956, 22847067, 23112463
116, 1, 21
2, 50520, 24204594, 24454654
117, 1, 21
1, 24514, 24841607, 25093527
118, 1, 21
4, 37492, 23112463, 23365210
119, 1, 21
2, 64940, 24454654, 24704919
120, 1, 21
1, 28840, 25093527, 25354277
121, 1, 21
4, 34608, 23365210, 23620829
122, 1, 21
2, 63498, 24704919, 24960770
123, 1, 21
1, 25956, 25354277, 25604376
124, 1, 21
4, 38934, 23620829, 23879536
125, 1, 21
2, 64940, 24960770, 25215607
126, 1, 21
1, 27398, 25604376, 25854511
127, 1, 21
4, 37492, 23879536, 24130759
128, 1, 21
2, 66382, 25215607, 25467311
129, 1, 21
1, 30282, 25854511, 26110469
130, 1, 21
4, 37492, 24130759, 24388107
131, 1, 21
2, 66382, 25467311, 25719068
132, 1, 21
1, 28840, 26110469, 26361034
133, 1, 21
4, 36050, 24388107, 24639212
134, 1, 21
2, 66382, 25719068, 25970370
135, 1, 21
1, 28840, 26361034, 26611591
136, 1, 21
4, 38934, 24639212, 24890379
137, 1, 21
2, 69266, 25970370, 26221545
138, 1, 21
1, 30282, 26611591, 26867134
139, 1, 21
4, 40376, 24890379, 25145594
140, 1, 21
2, 70708, 26221545, 26476764
141, 1, 21
1, 30282, 26867134, 27123227
142, 1, 21
4, 38934, 25145594, 25395820
143, 1, 21
2, 67824, 26476764, 26734621
144, 1, 21
1, 28840, 27123227, 27384616
145, 1, 21
4, 37492, 25395820, 25655699
146, 1, 21
2, 66382, 26734621, 26992436
147, 1, 21
1, 30282, 27384616, 27644014
148, 1, 21
4, 38934, 25655699, 25915385
149, 1, 21
2, 67824, 26992436, 27243396
150, 1, 21
1, 28840, 27644014, 27894048
151, 1, 21
4, 36050, 25915385, 26177493
152, 1, 21
2, 60614, 27243396, 27496332
153, 1, 21
1, 24514, 27894048, 28150380
154, 1, 21
4, 38934, 26177493, 26429984
155, 1, 21
2, 66382, 27496332, 27746637
156, 1, 21
1, 30282, 28150380, 28409802
157, 1, 21
4, 37492, 26429984, 26682127
158, 1, 21
2, 66382, 27746637, 27997364
159, 1, 21
1, 30282, 28409802, 28671117
160, 1, 21
4, 37492, 26682127, 26939198
161, 1, 21
2, 64940, 27997364, 28247858
162, 1, 21
1, 28840, 28671117, 28922308
163, 1, 21
4, 38934, 26939198, 27195783
164, 1, 21
2, 67824, 28247858, 28502267
165, 1, 21
1, 30282, 28922308, 29181927
166, 1, 21
4, 34608, 27195783, 27448288
167, 1, 21
3, 24514, 22006849, 28102988
168, 1, 21
2, 70733, 28502267, 28752874
169, 1, 21
1, 28840, 29181927, 29443449
170, 1, 21
4, 36050, 27448288, 27706796
171, 1, 21
3, 36050, 28102988, 28366891
172, 1, 21
2, 99573, 28752874, 29011657
173, 1, 21
1, 30282, 29443449, 29705376
174, 1, 21
4, 27398, 27706796, 27958254
175, 1, 21
3, 27398, 28366891, 28620800
176, 1, 21
2, 82269, 29011657, 29267510
177, 1, 21
1, 21630, 29705376, 29957193
178, 1, 21
4, 36050, 27958254, 28213362
179, 1, 21
3, 38934, 28620800, 28884476
180, 1, 21
2, 99573, 29267510, 29517892
181, 1, 21
1, 28840, 29957193, 30210194
182, 1, 21
4, 37492, 28213362, 28466260
183, 1, 21
3, 33166, 28884476, 29144282
184, 1, 21
2, 95247, 29517892, 29768472
185, 1, 21
1, 28840, 30210194, 30461868
186, 1, 21
4, 34608, 28466260, 28724435
187, 1, 21
3, 38934, 29144282, 29402010
188, 1, 21
2, 98131, 29768472, 30021230
189, 1, 21
1, 27398, 30461868, 30719408
190, 1, 21
4, 34608, 28724435, 28974896
191, 1, 21
3, 36050, 29402010, 29652088
192, 1, 21
2, 101015, 30021230, 30276296
193, 1, 21
1, 30282, 30719408, 30978094
194, 1, 21
4, 37492, 28974896, 29228184
195, 1, 21
3, 34608, 29652088, 29909314
196, 1, 21
2, 98131, 30276296, 30531799
197, 1, 21
1, 30282, 30978094, 31238175
198, 1, 21
4, 33166, 29228184, 29481265
199, 1, 21
3, 34608, 29909314, 30161852
200, 1, 21
2, 98131, 30531799, 30781927
201, 1, 21
1, 30282, 31238175, 31497629
202, 1, 21
4, 33166, 29481265, 29732578
203, 1, 21
3, 36050, 30161852, 30416001
204, 1, 21
2, 92363, 30781927, 31040485
205, 1, 21
1, 30282, 31497629, 31751792
206, 1, 21
3, 37492, 30416001, 30669270
207, 1, 21
2, 66382, 31040485, 31293458
208, 1, 21
1, 30282, 31751792, 32009041
209, 1, 21
3, 37492, 30669270, 30922101
210, 1, 21
2, 67824, 31293458, 31549323
211, 1, 21
1, 30282, 32009041, 32263353
212, 1, 21
3, 37492, 30922101, 31178470
213, 1, 21
2, 66382, 31549323, 31802990
214, 1, 21
1, 30282, 32263353, 32524570
215, 1, 21
3, 36050, 31178470, 31436443
216, 1, 21
2, 64940, 31802990, 32057008
217, 1, 21
1, 30282, 32524570, 32785320
218, 1, 21
3, 38934, 31436443, 31690125
219, 1, 21
2, 69266, 32057008, 32311916
220, 1, 21
1, 30282, 32785320, 33044474
221, 1, 21
3, 37492, 31690125, 31946083
222, 1, 21
2, 67824, 32311916, 32574176
223, 1, 21
1, 30282, 33044474, 33305576
224, 1, 21
3, 37492, 31946083, 32200636
225, 1, 21
2, 67824, 32574176, 32824331
226, 1, 21
1, 30282, 33305576, 33559451
227, 1, 21
3, 34608, 32200636, 32456922
228, 1, 21
2, 63498, 32824331, 33078480
229, 1, 21
1, 28840, 33559451, 33818124
230, 1, 21
3, 31724, 32456922, 32714470
231, 1, 21
2, 57730, 33078480, 33329690
232, 1, 21
1, 27398, 33818124, 34074466
233, 1, 21
2, 51937, 33329690, 33589802
234, 1, 21
3, 27398, 32714470, 33021236
235, 1, 21
1, 23072, 34074466, 34384996
236, 1, 21
2, 21680, 33589802, 33891193
237, 1, 21
1, 5768, 34384996, 34660402
238, 1, 21
2, 8677, 33891193, 34144905
239, 1, 21
1, 18746, 34660402, 34921127
240, 1, 21
2, 18771, 34144905, 34410201
241, 1, 21
1, 14420, 34921127, 35183822
242, 1, 21
2, 13003, 34410201, 34660266
243, 1, 21
1, 21630, 35183822, 35437346
244, 1, 21
2, 23097, 34660266, 34914328
245, 1, 21
1, 14420, 35437346, 35689032
246, 1, 21
2, 14445, 34914328, 35182042
247, 1, 21
1, 18746, 35689032, 35950029
248, 1, 21
2, 18771, 35182042, 35438573
249, 1, 21
1, 23072, 35950029, 36200325
250, 1, 21
2, 25981, 35438573, 35694841
251, 1, 21
3, 5768, 33021236, 35118378
252, 1, 21
1, 30282, 36200325, 36456403
253, 1, 21
2, 106758, 35694841, 35946989
254, 1, 21
3, 83636, 35118378, 35372012
255, 1, 21
1, 28840, 36456403, 36714049
256, 1, 21
2, 115410, 35946989, 36199283
257, 1, 21
3, 80752, 35372012, 35675379
258, 2, 21
2, 73567, 36199283, 36461284
1, 30282, 36714049, 37038442
259, 1, 21
3, 67774, 35675379, 35928158
260, 1, 21
2, 62031, 36461284, 36714485
261, 1, 21
1, 25956, 37038442, 37295065
262, 1, 21
3, 28840, 35928158, 36185759
263, 1, 21
2, 80802, 36714485, 36967348
264, 1, 21
1, 12978, 37295065, 37549439
265, 1, 21
3, 82194, 36185759, 36439664
266, 1, 21
2, 121178, 36967348, 37220030
267, 1, 21
1, 28840, 37549439, 37804450
268, 1, 21
3, 90846, 36439664, 36694162
269, 1, 21
2, 118294, 37220030, 37473322
270, 1, 21
1, 30282, 37804450, 38060620
271, 1, 21
3, 86520, 36694162, 36946361
272, 1, 21
2, 109642, 37473322, 37724564
273, 1, 21
1, 28840, 38060620, 38312162
274, 1, 21
3, 80752, 36946361, 37197603
275, 1, 21
2, 105316, 37724564, 37977176
276, 1, 21
1, 28840, 38312162, 38572335
277, 1, 21
3, 74984, 37197603, 37451351
278, 1, 21
2, 103874, 37977176, 38227253
279, 1, 21
1, 27398, 38572335, 38823714
280, 1, 21
3, 70658, 37451351, 37704880
281, 1, 21
2, 96664, 38227253, 38479279
282, 1, 21
1, 27398, 38823714, 39079149
283, 1, 21
3, 79310, 37704880, 37956001
284, 1, 21
2, 108200, 38479279, 38735065
285, 1, 21
1, 30282, 39079149, 39341166
286, 1, 21
2, 28865, 38735065, 38989263
287, 1, 21
1, 28840, 39341166, 39594755
288, 1, 21
2, 24539, 38989263, 39240394
289, 1, 21
1, 25956, 39594755, 39857985
290, 1, 21
2, 24539, 39240394, 39504963
291, 1, 21
1, 23072, 39857985, 40109586
292, 1, 21
2, 23097, 39504963, 39763023
293, 1, 21
1, 21630, 40109586, 40367792
294, 1, 21
2, 23097, 39763023, 40014501
295, 1, 21
1, 25956, 40367792, 40629755
296, 1, 21
2, 30307, 40014501, 40273949
297, 1, 21
1, 30282, 40629755, 40889175
298, 1, 21
2, 30307, 40273949, 40530564
299, 1, 21
1, 30282, 40889175, 41145621
300, 1, 21
2, 28865, 40530564, 40782226
301, 1, 21
1, 27398, 41145621, 41398524
302, 1, 21
3, 56238, 37956001, 40350672
303, 1, 21
2, 51962, 40782226, 41032369
304, 1, 21
1, 21630, 41398524, 41695295
305, 1, 21
3, 77868, 40350672, 40664264
306, 1, 21
2, 76476, 41032369, 41285782
307, 1, 21
1, 28840, 41695295, 42023537
308, 1, 21
3, 74984, 40664264, 40916697
309, 1, 21
2, 96664, 41285782, 41537441
310, 1, 21
1, 30282, 42023537, 42285972
311, 1, 21
3, 83636, 40916697, 41170592
312, 1, 21
2, 111084, 41537441, 41790019
313, 1, 21
1, 30282, 42285972, 42542426
314, 1, 21
3, 80752, 41170592, 41420847
315, 1, 21
2, 115410, 41790019, 42043677
316, 1, 21
1, 28840, 42542426, 42792492
317, 1, 21
3, 82194, 41420847, 41671923
318, 1, 21
2, 111084, 42043677, 42295131
319, 1, 21
1, 30282, 42792492, 43050932
320, 1, 21
3, 72100, 41671923, 41945365
321, 1, 21
2, 93780, 42295131, 42546993
322, 1, 21
1, 24514, 43050932, 43302549
323, 1, 21
3, 74984, 41945365, 42195485
324, 1, 21
2, 98106, 42546993, 42797745
325, 1, 21
1, 28840, 43302549, 43559840
326, 1, 21
3, 79310, 42195485, 42448140
327, 1, 21
2, 106758, 42797745, 43050276
328, 1, 21
1, 28840, 43559840, 43810316
329, 1, 21
3, 85078, 42448140, 42701774
330, 1, 21
2, 112526, 43050276, 43302937
331, 1, 21
1, 30282, 43810316, 44068924
332, 1, 21
3, 82194, 42701774, 42955189
333, 1, 21
2, 109642, 43302937, 43557407
334, 1, 21
1, 27398, 44068924, 44319849
335, 1, 21
3, 67774, 42955189, 43206944
336, 1, 21
2, 95222, 43557407, 43808370
337, 1, 21
1, 25956, 44319849, 44572452
338, 1, 21
2, 79335, 43808370, 44060130
339, 1, 21
1, 27398, 44572452, 44829662
340, 1, 21
2, 23097, 44060130, 44319183
341, 1, 21
1, 20188, 44829662, 45084970
342, 1, 21
2, 24539, 44319183, 44573490
343, 1, 21
1, 28840, 45084970, 45347249
344, 1, 21
2, 25981, 44573490, 44837003
345, 1, 21
1, 21630, 45347249, 45648546
346, 1, 21
2, 20213, 44837003, 45096687
347, 1, 21
1, 20188, 45648546, 45899573
348, 1, 21
2, 20213, 45096687, 45352789
349, 1, 21
1, 23072, 45899573, 46171409
350, 1, 21
2, 21655, 45352789, 45604752
351, 1, 21
1, 17304, 46171409, 46430880
352, 1, 21
2, 17329, 45604752, 45865741
353, 1, 21
1, 18746, 46430880, 46687675
354, 1, 21
2, 18771, 45865741, 46121419
355, 1, 21
1, 28840, 46687675, 46944147
356, 1, 21
2, 28865, 46121419, 46377662
357, 1, 21
1, 28840, 46944147, 47194625
358, 1, 21
2, 28865, 46377662, 46628224
359, 1, 21
1, 28840, 47194625, 47451647
360, 1, 21
2, 28865, 46628224, 46885139
361, 1, 21
1, 30282, 47451647, 47712042
362, 1, 21
2, 30307, 46885139, 47145709
363, 1, 21
1, 30282, 47712042, 47971749
364, 1, 21
2, 30307, 47145709, 47408865
365, 1, 21
1, 30282, 47971749, 48230772
366, 1, 21
2, 30307, 47408865, 47664172
367, 1, 21
1, 30282, 48230772, 48483409
368, 1, 21
2, 30307, 47664172, 47916739
369, 1, 21
1, 30282, 48483409, 48742839
370, 1, 21
2, 30307, 47916739, 48184152
371, 1, 21
1, 24514, 48742839, 48994789
372, 1, 21
2, 25981, 48184152, 48440797
373, 1, 21
1, 23072, 48994789, 49247458
374, 1, 21
2, 23097, 48440797, 48696444
375, 2, 21
2, 15862, 48696444, 48948859
1, 18746, 49247458, 49526064
376, 2, 21
2, 24514, 48948859, 49202650
1, 24514, 49526064, 49779710
377, 1, 21
2, 23072, 49202650, 49461684
378, 1, 21
1, 24514, 49779710, 50044899
379, 2, 21
2, 23097, 49461684, 49734777
1, 21630, 50044899, 50312300
380, 2, 21
2, 15862, 49734777, 49988760
1, 15862, 50312300, 50566176
381, 2, 21
2, 21630, 49988760, 50246920
1, 21630, 50566176, 50825151
382, 2, 21
2, 23072, 50246920, 50530074
1, 23072, 50825151, 51108258
383, 2, 21
2, 23072, 50530074, 50789850
1, 23072, 51108258, 51368064
384, 2, 21
2, 24514, 50789850, 51049300
1, 24514, 51368064, 51626822
385, 2, 21
2, 30282, 51049300, 51306086
1, 30282, 51626822, 51884245
386, 2, 21
2, 30282, 51306086, 51561120
1, 30282, 51884245, 52139290
387, 2, 21
2, 30282, 51561120, 51817292
1, 30282, 52139290, 52394921
388, 2, 21
2, 30282, 51817292, 52070520
1, 30282, 52394921, 52648240
389, 2, 21
2, 30282, 52070520, 52327744
1, 30282, 52648240, 52905905
390, 2, 21
2, 30282, 52327744, 52587296
1, 30282, 52905905, 53164949
391, 2, 21
2, 30282, 52587296, 52843780
1, 30282, 53164949, 53421165
392, 2, 21
2, 30282, 52843780, 53098005
1, 30282, 53421165, 53675622
393, 2, 21
2, 28840, 53098005, 53351294
1, 28840, 53675622, 53928949
394, 2, 21
2, 30282, 53351294, 53609309
1, 30282, 53928949, 54187002
395, 1, 21
3, 57680, 43206944, 53114256
396, 1, 21
2, 82219, 53609309, 53860615
397, 1, 21
1, 30282, 54187002, 54447492
398, 1, 21
3, 85078, 53114256, 53366356
399, 1, 21
2, 111084, 53860615, 54112927
400, 1, 21
1, 30282, 54447492, 54704239
401, 1, 21
3, 82194, 53366356, 53620078
402, 1, 21
2, 111084, 54112927, 54365000
403, 1, 21
1, 30282, 54704239, 54964265
404, 1, 21
3, 85078, 53620078, 53873393
405, 1, 21
2, 121178, 54365000, 54616199
406, 1, 21
1, 30282, 54964265, 55219654
407, 1, 21
3, 93730, 53873393, 54126931
408, 1, 21
2, 122620, 54616199, 54867006
409, 1, 21
1, 30282, 55219654, 55473218
410, 1, 21
3, 92288, 54126931, 54377185
411, 1, 21
2, 122620, 54867006, 55119631
412, 1, 21
1, 30282, 55473218, 55729039
413, 1, 21
3, 92288, 54377185, 54628964
414, 1, 21
2, 113968, 55119631, 55369843
415, 1, 21
1, 30282, 55729039, 55982660
416, 1, 21
3, 82194, 54628964, 54881667
417, 1, 21
2, 119736, 55369843, 55620700
418, 1, 21
1, 30282, 55982660, 56241243
419, 1, 21
3, 89404, 54881667, 55132079
420, 1, 21
2, 113968, 55620700, 55871240
421, 1, 21
1, 30282, 56241243, 56502525
422, 1, 21
3, 85078, 55132079, 55384623
423, 1, 21
2, 115410, 55871240, 56124317
424, 1, 21
1, 28840, 56502525, 56760797
425, 1, 21
3, 89404, 55384623, 55636807
426, 1, 21
2, 121178, 56124317, 56377305
427, 1, 21
1, 30282, 56760797, 57012784
428, 1, 21
3, 87962, 55636807, 55888594
429, 1, 21
2, 113968, 56377305, 56627421
430, 1, 21
1, 30282, 57012784, 57266853
431, 1, 21
3, 86520, 55888594, 56139058
432, 1, 21
2, 115410, 56627421, 56879857
433, 1, 21
1, 30282, 57266853, 57519150
434, 1, 21
3, 85078, 56139058, 56392578
435, 1, 21
2, 115410, 56879857, 57130254
436, 1, 21
1, 30282, 57519150, 57775370
437, 1, 21
3, 86520, 56392578, 56643386
438, 1, 21
2, 119736, 57130254, 57382116
439, 1, 21
1, 30282, 57775370, 58029545
440, 1, 21
3, 83636, 56643386, 56897360
441, 1, 21
2, 111084, 57382116, 57634288
442, 1, 21
1, 30282, 58029545, 58285128
443, 1, 21
3, 83636, 56897360, 57150810
444, 1, 21
2, 112526, 57634288, 57887737
445, 1, 21
1, 30282, 58285128, 58545626
446, 1, 21
3, 79310, 57150810, 57403911
447, 1, 21
2, 111084, 57887737, 58138095
448, 1, 21
1, 30282, 58545626, 58802587
449, 1, 21
3, 87962, 57403911, 57656189
450, 1, 21
2, 118294, 58138095, 58389900
451, 1, 21
1, 30282, 58802587, 59053442
452, 1, 21
3, 89404, 57656189, 57907938
453, 1, 21
2, 119736, 58389900, 58643758
454, 1, 21
1, 30282, 59053442, 59306569
455, 1, 21
2, 60589, 58643758, 58902865
456, 1, 21
1, 28840, 59306569, 59566738
457, 1, 21
2, 27423, 58902865, 59160233
458, 1, 21
1, 28840, 59566738, 59827659
459, 1, 21
2, 28865, 59160233, 59419638
460, 1, 21
1, 28840, 59827659, 60088251
461, 1, 21
2, 28865, 59419638, 59681125
462, 1, 21
1, 27398, 60088251, 60342619
463, 1, 21
2, 27423, 59681125, 59935320
464, 1, 21
1, 28840, 60342619, 60604631
465, 1, 21
2, 28865, 59935320, 60190127
466, 1, 21
1, 28840, 60604631, 60861375
467, 1, 21
2, 28865, 60190127, 60451848
468, 1, 21
1, 28840, 60861375, 61122160
469, 1, 21
2, 28865, 60451848, 60705810
470, 1, 21
1, 28840, 61122160, 61374732
471, 1, 21
2, 28865, 60705810, 60959935
472, 1, 21
1, 28840, 61374732, 61627211
473, 1, 21
2, 28865, 60959935, 61214403
474, 1, 21
1, 28840, 61627211, 61878053
475, 1, 21
2, 30307, 61214403, 61474916
476, 1, 21
1, 28840, 61878053, 62131651
477, 1, 21
2, 28865, 61474916, 61726943
478, 1, 21
1, 30282, 62131651, 62389793
479, 1, 21
2, 30307, 61726943, 61983924
480, 1, 21
1, 28840, 62389793, 62639914
481, 1, 21
2, 28865, 61983924, 62243610
482, 1, 21
1, 28840, 62639914, 62897699
483, 1, 21
2, 27423, 62243610, 62499747
484, 1, 21
1, 25956, 62897699, 63151085
485, 1, 21
2, 27423, 62499747, 62760145
486, 1, 21
1, 27398, 63151085, 63408283
487, 1, 21
2, 27423, 62760145, 63021329
488, 1, 21
1, 27398, 63408283, 63671003
489, 1, 21
2, 27423, 63021329, 63277714
490, 1, 21
1, 27398, 63671003, 63932047
491, 1, 21
2, 25981, 63277714, 63530225
492, 1, 21
1, 27398, 63932047, 64188620
493, 1, 21
2, 27423, 63530225, 63786388
494, 1, 21
1, 27398, 64188620, 64448475
495, 1, 21
2, 27423, 63786388, 64039148
496, 1, 21
1, 28840, 64448475, 64710263
497, 1, 21
2, 27423, 64039148, 64294628
498, 1, 21
1, 27398, 64710263, 64963775
499, 1, 21
2, 28865, 64294628, 64553414
500, 1, 21
1, 27398, 64963775, 65215351
501, 1, 21
2, 27423, 64553414, 64808873
502, 1, 21
1, 28840, 65215351, 65472585
503, 1, 21
2, 30307, 64808873, 65069597
504, 1, 21
1, 28840, 65472585, 65728338
505, 1, 21
2, 27423, 65069597, 65322043
506, 1, 21
1, 28840, 65728338, 65990123
507, 1, 21
2, 28865, 65322043, 65577812
508, 1, 21
1, 28840, 65990123, 66248393
509, 1, 21
2, 28865, 65577812, 65839448
510, 1, 21
1, 28840, 66248393, 66506270
511, 1, 21
2, 27423, 65839448, 66090303
