0, 2, 21
2, 72100, 5508277, 6254826
1, 72104, 6072294, 6818423
1, 2, 21
2, 144200, 6254826, 7549826
1, 144204, 6818423, 8113114
2, 2, 21
2, 144200, 7549826, 8839957
1, 144204, 8113114, 9403012
3, 2, 21
2, 217742, 8839957, 16908458
1, 217746, 9403012, 17472037
4, 2, 21
2, 85078, 16908458, 17566506
1, 72104, 17472037, 18130087
5, 2, 21
2, 82194, 17566506, 17878074
1, 36054, 18130087, 18441215
6, 2, 21
2, 43260, 17878074, 18037704
1, 18750, 18441215, 18601636
7, 2, 21
2, 23072, 18037704, 18125759
1, 10098, 18601636, 18689421
8, 2, 21
2, 335986, 18125759, 19531349
1, 144204, 18689421, 20094278
9, 2, 21
2, 268212, 19531349, 20196839
1, 72104, 20094278, 20759834
10, 2, 21
2, 134106, 20196839, 20517748
1, 36054, 20759834, 21081182
11, 2, 21
2, 70658, 20517748, 20686178
1, 18750, 21081182, 21249703
12, 2, 21
2, 493164, 20686178, 22135967
1, 144204, 21249703, 22698501
13, 2, 21
2, 219184, 22135967, 22777991
1, 72104, 22698501, 23341559
14, 2, 21
2, 87962, 22777991, 23219032
1, 36054, 23341559, 23782641
15, 2, 21
2, 43260, 23219032, 23391616
1, 18750, 23782641, 23955242
16, 2, 21
2, 18746, 23391616, 23487314
1, 10098, 23955242, 24050896
17, 2, 21
2, 331660, 23487314, 24972899
1, 144204, 24050896, 25535358
18, 2, 21
2, 330218, 24972899, 26207644
1, 144204, 25535358, 26771311
19, 2, 21
2, 165830, 26207644, 26831283
1, 72104, 26771311, 27394853
20, 2, 21
2, 331660, 26831283, 28110307
1, 144204, 27394853, 28672970
21, 2, 21
2, 467208, 28110307, 29465256
1, 144204, 28672970, 30028857
22, 2, 21
2, 268212, 29465256, 30131235
1, 72104, 30028857, 30694856
23, 2, 21
2, 128338, 30131235, 30458419
1, 36054, 30694856, 31021871
24, 2, 21
2, 348964, 30458419, 31693638
1, 144204, 31021871, 32257228
25, 2, 21
2, 162946, 31693638, 32309670
1, 72104, 32257228, 32872925
26, 2, 21
2, 82194, 32309670, 32621569
1, 36054, 32872925, 33184675
27, 2, 21
2, 217742, 32621569, 34504785
1, 144204, 33184675, 35068484
28, 2, 21
2, 103824, 34504785, 35459137
1, 72104, 35068484, 36022070
29, 2, 21
2, 148526, 35459137, 35774371
1, 36054, 36022070, 36338038
30, 2, 21
2, 50470, 35774371, 35945577
1, 18750, 36338038, 36508736
31, 2, 21
2, 28840, 35945577, 36031915
1, 10098, 36508736, 36595531
32, 2, 21
2, 21630, 36031915, 36080898
1, 5772, 36595531, 36644482
33, 2, 21
2, 576800, 36080898, 37572218
1, 144204, 36644482, 38135712
34, 2, 21
2, 265328, 37572218, 38224427
1, 72104, 38135712, 38787718
35, 2, 21
2, 82194, 38224427, 38551844
1, 36054, 38787718, 39114857
36, 2, 21
2, 144200, 38551844, 40002817
1, 144204, 39114857, 40566571
37, 2, 21
2, 83636, 40002817, 40626961
1, 72104, 40566571, 41189978
38, 2, 21
2, 584010, 40626961, 42071472
1, 144204, 41189978, 42634099
39, 2, 21
2, 265328, 42071472, 42739317
1, 72104, 42634099, 43302948
40, 2, 21
2, 138432, 42739317, 43052317
1, 36054, 43302948, 43615538
41, 2, 21
2, 72100, 43052317, 43213243
1, 18750, 43615538, 43776403
42, 2, 21
2, 262444, 43213243, 44612858
1, 144204, 43776403, 45176413
43, 2, 21
2, 72100, 44612858, 45564203
1, 72104, 45176413, 46127832
44, 2, 21
2, 36050, 45564203, 46017284
1, 36054, 46127832, 46580287
45, 2, 21
2, 144200, 46017284, 47277262
1, 144204, 46580287, 47840817
46, 2, 21
2, 72100, 47277262, 47880798
1, 72104, 47840817, 48444038
47, 2, 21
2, 144200, 47880798, 49469876
1, 144204, 48444038, 50033458
48, 2, 21
2, 144200, 49469876, 51134918
1, 144204, 50033458, 51698118
49, 2, 21
2, 144200, 51134918, 52354926
1, 144204, 51698118, 52918283
50, 2, 21
2, 72100, 52354926, 52965517
1, 72104, 52918283, 53528747
51, 2, 21
2, 431158, 52965517, 54205625
1, 144204, 53528747, 54768820
52, 2, 21
2, 295610, 54205625, 54810304
1, 72104, 54768820, 55373855
53, 2, 21
2, 138432, 54810304, 55120218
1, 36054, 55373855, 55683261
54, 2, 21
2, 582568, 55120218, 56376126
1, 144204, 55683261, 56939475
55, 2, 21
2, 552286, 56376126, 57612133
1, 144204, 56939475, 58174845
56, 2, 21
2, 412412, 57612133, 58881083
1, 144204, 58174845, 59444806
57, 2, 21
2, 144200, 58881083, 60189181
1, 144204, 59444806, 60752992
58, 2, 21
2, 72100, 60189181, 60833004
1, 72104, 60752992, 61396840
59, 2, 21
2, 144200, 60833004, 62086407
1, 144204, 61396840, 62649625
60, 2, 21
2, 144200, 62086407, 63450266
1, 144204, 62649625, 64012786
61, 2, 21
2, 144200, 63450266, 64779155
1, 144204, 64012786, 65343036
