0, 2, 21
2, 102382, 5604083, 6614846
1, 102382, 6174063, 7184334
1, 2, 21
2, 111034, 6614846, 7615875
1, 111034, 7184334, 8185462
2, 2, 21
2, 111034, 7615875, 8620780
1, 111034, 8185462, 9189458
3, 2, 21
2, 111034, 8620780, 15734639
1, 111034, 9189458, 16304264
4, 2, 21
2, 113918, 15734639, 16744188
1, 113918, 16304264, 17314006
5, 1, 21
2, 136990, 16744188, 17745713
6, 1, 21
1, 112476, 17314006, 18323836
7, 1, 21
3, 141316, 17009843, 18009844
8, 1, 21
2, 239422, 17745713, 18751253
9, 1, 21
1, 112476, 18323836, 19381546
10, 1, 21
3, 138432, 18009844, 19015141
11, 1, 21
2, 281240, 18751253, 19752924
12, 1, 21
1, 106708, 19381546, 20386955
13, 1, 21
4, 154294, 18403734, 19412648
14, 1, 21
3, 149968, 19015141, 20021574
15, 1, 21
2, 412487, 19752924, 20756357
16, 1, 21
1, 111034, 20386955, 21396393
17, 1, 21
4, 113918, 19412648, 20449405
18, 1, 21
3, 118244, 20021574, 21032378
19, 1, 21
2, 312989, 20756357, 21757818
20, 1, 21
1, 92288, 21396393, 22404363
21, 1, 21
4, 148526, 20449405, 21450239
22, 1, 21
3, 138432, 21032378, 22037233
23, 1, 21
2, 380763, 21757818, 22758895
24, 1, 21
1, 111034, 22404363, 23408362
25, 1, 21
4, 118244, 21450239, 22455037
26, 1, 21
2, 201930, 22758895, 23763212
27, 1, 21
1, 86520, 23408362, 24449422
28, 1, 21
4, 128338, 22455037, 23460183
29, 1, 21
2, 220676, 23763212, 24766970
30, 1, 21
1, 96614, 24449422, 25452321
31, 1, 21
4, 147084, 23460183, 24461215
32, 1, 21
2, 263936, 24766970, 25769008
33, 1, 21
1, 115360, 25452321, 26464964
34, 1, 21
4, 154294, 24461215, 25467598
35, 1, 21
2, 269704, 25769008, 26778114
36, 1, 21
1, 116802, 26464964, 27474828
37, 1, 21
4, 148526, 25467598, 26475368
38, 1, 21
2, 262494, 26778114, 27779526
39, 1, 21
1, 115360, 27474828, 28481637
40, 1, 21
3, 1442, 22037233, 27974484
41, 1, 21
4, 144200, 26475368, 27476340
42, 1, 21
2, 291359, 27779526, 28779619
43, 1, 21
1, 116802, 28481637, 29485034
44, 1, 21
3, 134106, 27974484, 28984250
45, 1, 21
4, 135548, 27476340, 28484416
46, 1, 21
2, 382205, 28779619, 29780179
47, 1, 21
1, 106708, 29485034, 30496711
48, 1, 21
3, 147084, 28984250, 29986812
49, 1, 21
2, 380738, 29780179, 30786521
50, 1, 21
1, 118244, 30496711, 31502442
51, 1, 21
3, 149968, 29986812, 30998380
52, 1, 21
2, 266820, 30786521, 31792664
53, 1, 21
1, 119686, 31502442, 32513252
54, 1, 21
3, 148526, 30998380, 32001157
55, 1, 21
2, 265378, 31792664, 32795533
56, 1, 21
1, 118244, 32513252, 33516744
57, 1, 21
2, 160087, 32795533, 33795633
58, 1, 21
1, 76426, 33516744, 34544391
59, 1, 21
2, 62031, 33795633, 34806727
60, 1, 21
1, 66332, 34544391, 35547532
61, 1, 21
3, 98056, 32001157, 34913793
62, 1, 21
2, 193278, 34806727, 35808334
63, 1, 21
1, 98056, 35547532, 36548656
64, 1, 21
3, 250908, 34913793, 35915342
65, 1, 21
2, 327384, 35808334, 36811496
66, 1, 21
1, 87962, 36548656, 37554322
67, 1, 21
3, 325892, 35915342, 36916943
68, 1, 21
2, 441302, 36811496, 37813107
69, 1, 21
1, 115360, 37554322, 38561773
70, 1, 21
3, 302820, 36916943, 37918994
71, 1, 21
2, 320174, 37813107, 38817426
72, 1, 21
1, 109592, 38561773, 39566780
73, 1, 21
2, 93755, 38817426, 39823027
74, 1, 21
1, 96614, 39566780, 40573733
75, 1, 21
3, 2884, 37918994, 40144355
76, 1, 21
2, 147134, 39823027, 40823904
77, 1, 21
1, 102382, 40573733, 41579147
78, 1, 21
3, 292726, 40144355, 41144465
79, 1, 21
2, 392274, 40823904, 41827581
80, 1, 21
1, 108150, 41579147, 42589150
81, 1, 21
3, 301378, 41144465, 42144617
82, 1, 21
2, 411020, 41827581, 42829174
83, 1, 21
1, 111034, 42589150, 43595008
84, 1, 21
3, 320124, 42144617, 43148624
85, 1, 21
2, 399484, 42829174, 43834896
86, 1, 21
1, 111034, 43595008, 44599597
87, 1, 21
2, 98081, 43834896, 44844706
88, 1, 21
1, 89404, 44599597, 45610982
89, 1, 21
2, 75009, 44844706, 45845756
90, 1, 21
1, 77868, 45610982, 46621691
91, 1, 21
2, 106733, 45845756, 46849885
92, 1, 21
1, 115360, 46621691, 47630862
93, 1, 21
2, 118269, 46849885, 47855753
94, 1, 21
1, 118244, 47630862, 48647284
95, 1, 21
2, 92313, 47855753, 48866630
96, 1, 21
1, 87962, 48647284, 49651024
97, 1, 21
2, 82219, 48866630, 49867795
98, 1, 21
1, 79310, 49651024, 50653334
99, 1, 21
2, 86545, 49867795, 50878441
100, 1, 21
1, 93730, 50653334, 51656194
101, 1, 21
2, 119711, 50878441, 51888962
102, 1, 21
1, 119686, 51656194, 52668010
103, 1, 21
2, 118269, 51888962, 52892068
104, 1, 21
1, 116802, 52668010, 53676243
105, 1, 21
3, 4326, 43148624, 52906608
106, 1, 21
2, 252400, 52892068, 53892277
107, 1, 21
1, 116802, 53676243, 54677650
108, 1, 21
3, 341754, 52906608, 53907887
109, 1, 21
2, 474468, 53892277, 54893077
110, 1, 21
1, 119686, 54677650, 55686699
111, 1, 21
3, 356174, 53907887, 54910128
112, 1, 21
2, 464374, 54893077, 55895841
113, 1, 21
1, 116802, 55686699, 56692247
114, 1, 21
3, 347522, 54910128, 55912605
115, 1, 21
2, 462932, 55895841, 56896272
116, 1, 21
1, 119686, 56692247, 57695445
117, 1, 21
3, 337428, 55912605, 56914844
118, 1, 21
2, 451396, 56896272, 57896473
119, 1, 21
1, 118244, 57695445, 58697409
120, 1, 21
3, 341754, 56914844, 57918437
121, 1, 21
2, 330268, 57896473, 58907255
122, 1, 21
1, 115360, 58697409, 59698828
123, 1, 21
2, 111059, 58907255, 59918853
124, 1, 21
1, 111034, 59698828, 60704078
125, 1, 21
2, 113943, 59918853, 60928558
126, 1, 21
1, 113918, 60704078, 61714483
127, 1, 21
2, 116827, 60928558, 61941013
128, 1, 21
1, 115360, 61714483, 62718193
129, 1, 21
2, 106733, 61941013, 62942550
130, 1, 21
1, 106708, 62718193, 63727224
131, 1, 21
2, 106733, 62942550, 63944010
132, 1, 21
1, 106708, 63727224, 64731711
133, 1, 21
2, 111059, 63944010, 64947436
134, 1, 21
1, 112476, 64731711, 65742846
135, 1, 21
2, 111059, 64947436, 65956628
