0, 2, 21
2, 752, 493189, 4498826, 5498714
1, 752, 493164, 5051190, 6051807
1, 2, 21
2, 752, 474443, 5498714, 6502799
1, 752, 474418, 6051807, 7054389
2, 2, 21
2, 752, 0, 7504975, 7508651
1, 752, 484512, 7054389, 8057793
3, 2, 21
2, 752, 519145, 7508651, 8506291
1, 752, 519120, 8057793, 9058991
4, 2, 21
2, 752, 494631, 8506291, 9508651
1, 752, 494606, 9058991, 10060706
5, 2, 21
2, 752, 2909, 10508678, 10512389
1, 752, 501816, 10060706, 11063286
6, 2, 21
2, 752, 1015193, 10512389, 12513068
1, 752, 1016610, 11063286, 13065639
7, 2, 21
2, 752, 477327, 12513068, 13516314
1, 752, 477302, 13065639, 14068526
8, 2, 21
2, 752, 4748531, 13516314, 23516769
1, 752, 4749948, 14068526, 24069712
9, 2, 21
2, 752, 4839377, 23516769, 33517208
1, 752, 4839352, 24069712, 34070160
10, 2, 21
2, 752, 436951, 33517208, 34549614
1, 752, 436926, 34070160, 35099731
11, 2, 21
2, 752, 4771603, 34549614, 44548922
1, 752, 4771578, 35099731, 45101788
12, 2, 21
2, 752, 4775929, 44548922, 54550799
1, 752, 4775904, 45101788, 55103691
13, 2, 21
2, 752, 3364211, 54550799, 61592287
1, 752, 3364186, 55103691, 62140402
14, 2, 21
2, 752, 927231, 61592287, 63589622
1, 752, 927206, 62140402, 64142598
