0, 2, 21
2, 102382, 5622886, 6636801
1, 102382, 6223510, 7236471
1, 2, 21
2, 111034, 6636801, 7639679
1, 111034, 7236471, 8239951
2, 2, 21
2, 167272, 7639679, 9143191
1, 167272, 8239951, 9743770
3, 2, 21
2, 54796, 9143191, 15760119
1, 54796, 9743770, 16359913
4, 2, 21
2, 112476, 15760119, 16761345
1, 112476, 16359913, 17360313
5, 1, 21
1, 111034, 17360313, 18360938
6, 1, 21
2, 132689, 16761345, 17765392
7, 1, 21
3, 141316, 17051455, 18070158
8, 2, 21
2, 239397, 17765392, 18776808
1, 113918, 18360938, 19376587
9, 1, 21
3, 136990, 18070158, 19073969
10, 1, 21
2, 275447, 18776808, 19781856
11, 1, 21
1, 100940, 19376587, 20387181
12, 1, 21
4, 151410, 18456653, 19463157
13, 1, 21
3, 147084, 19073969, 20074800
14, 1, 21
2, 405277, 19781856, 20784106
15, 1, 21
1, 111034, 20387181, 21395920
16, 1, 21
4, 115360, 19463157, 20467671
17, 1, 21
3, 115360, 20074800, 21080020
18, 1, 21
2, 311547, 20784106, 21786491
19, 1, 21
1, 96614, 21395920, 22402662
20, 1, 21
4, 142758, 20467671, 21474690
21, 1, 21
3, 138432, 21080020, 22085684
22, 1, 21
2, 389415, 21786491, 22791615
23, 1, 21
1, 148526, 22402662, 23909070
24, 1, 21
4, 122570, 21474690, 22508921
25, 1, 21
2, 206256, 22791615, 23802356
26, 1, 21
4, 126896, 22508921, 23517313
27, 1, 21
2, 346105, 23802356, 25311031
28, 1, 21
4, 147084, 23517313, 24522284
29, 1, 21
1, 243698, 23909070, 26448216
30, 1, 21
2, 255284, 25311031, 26312202
31, 1, 21
4, 149968, 24522284, 25523431
32, 1, 21
1, 154294, 26448216, 27956486
33, 1, 21
4, 145642, 25523431, 26531478
34, 1, 21
2, 369227, 26312202, 27813366
35, 1, 21
3, 8652, 22085684, 28069627
36, 1, 21
4, 138432, 26531478, 27533124
37, 1, 21
2, 279798, 27813366, 28821299
38, 1, 21
1, 167272, 27956486, 29463521
39, 1, 21
3, 134106, 28069627, 29089072
40, 1, 21
4, 122570, 27533124, 28538649
41, 1, 21
2, 360575, 28821299, 29822711
42, 1, 21
1, 162946, 29463521, 30964957
43, 1, 21
3, 147084, 29089072, 30093433
44, 1, 21
2, 392274, 29822711, 30824713
45, 1, 21
3, 148526, 30093433, 31096795
46, 1, 21
2, 288425, 30824713, 31825422
47, 1, 21
3, 135548, 31096795, 32106209
48, 1, 21
2, 250933, 31825422, 32825774
49, 1, 21
3, 108150, 32106209, 33108804
50, 1, 21
2, 204789, 32825774, 33834344
51, 1, 21
2, 54796, 33834344, 34871745
52, 1, 21
1, 459998, 30964957, 35513489
53, 1, 21
3, 4326, 33108804, 35175895
54, 1, 21
2, 113968, 34871745, 35875215
55, 1, 21
1, 76426, 35513489, 36518026
56, 1, 21
3, 250908, 35175895, 36181024
57, 1, 21
2, 343246, 35875215, 36879410
58, 1, 21
1, 106708, 36518026, 37541928
59, 1, 21
3, 325892, 36181024, 37181755
60, 1, 21
2, 436976, 36879410, 37879782
61, 1, 21
1, 155736, 37541928, 39051209
62, 1, 21
3, 301378, 37181755, 38182079
63, 1, 21
2, 376412, 37879782, 38886618
64, 1, 21
1, 109592, 39051209, 40056084
65, 1, 21
2, 103849, 38886618, 39897396
66, 1, 21
3, 4326, 38182079, 40411556
67, 1, 21
2, 252375, 39897396, 41398204
68, 1, 21
1, 220626, 40056084, 42336757
69, 1, 21
3, 291284, 40411556, 41413108
70, 1, 21
2, 426882, 41398204, 42400228
71, 1, 21
1, 116802, 42336757, 43341192
72, 1, 21
2, 372061, 42400228, 43400244
73, 1, 21
3, 418180, 41413108, 42916767
74, 1, 21
1, 111034, 43341192, 44347108
75, 1, 21
2, 390832, 43400244, 44914598
76, 1, 21
1, 125454, 44347108, 45590845
77, 1, 21
2, 85103, 44914598, 45963770
78, 1, 21
1, 77868, 45590845, 46594122
79, 1, 21
1, 98056, 46594122, 47603383
80, 1, 21
2, 154344, 45963770, 47472461
81, 1, 21
1, 118244, 47603383, 48614752
82, 1, 21
1, 105266, 48614752, 49617253
83, 1, 21
1, 85078, 49617253, 50644108
84, 1, 21
1, 126896, 50644108, 52149460
85, 1, 21
1, 118244, 52149460, 53153052
86, 1, 21
3, 209090, 42916767, 53372035
87, 1, 21
2, 690868, 47472461, 54013263
88, 1, 21
1, 175924, 53153052, 54658445
89, 1, 21
3, 341754, 53372035, 54375562
90, 1, 21
2, 458606, 54013263, 55014148
91, 1, 21
3, 526330, 54375562, 55877060
92, 1, 21
2, 699395, 55014148, 56515924
93, 1, 21
2, 676298, 56515924, 58024636
94, 1, 21
2, 511910, 58024636, 59536659
95, 1, 21
2, 111034, 59536659, 60542658
96, 1, 21
2, 255234, 60542658, 62794385
97, 1, 21
1, 1134854, 54658445, 64667638
