0, 2, 21
2, 72100, 6062800, 6817230
1, 72104, 6615464, 7368209
1, 2, 21
2, 144200, 6817230, 8113145
1, 144204, 7368209, 8665332
2, 2, 21
2, 144200, 8113145, 9403441
1, 144204, 8665332, 9955765
3, 2, 21
2, 217742, 9403441, 17469167
1, 217746, 9955765, 18021824
4, 2, 21
2, 74984, 17469167, 18127041
1, 72104, 18021824, 18679806
5, 2, 21
2, 82194, 18127041, 18438734
1, 36054, 18679806, 18991023
6, 2, 21
2, 43260, 18438734, 18599715
1, 18750, 18991023, 19151996
7, 2, 21
2, 23072, 18599715, 18687647
1, 10098, 19151996, 19240089
8, 2, 21
2, 333102, 18687647, 20096363
1, 144204, 19240089, 20647954
9, 2, 21
2, 273980, 20096363, 20778156
1, 72104, 20647954, 21330435
10, 2, 21
2, 134106, 20778156, 21105602
1, 36054, 21330435, 21657613
11, 2, 21
2, 67774, 21105602, 21275395
1, 18750, 21657613, 21826328
12, 2, 21
2, 511910, 21275395, 22778818
1, 144204, 21826328, 23330393
13, 2, 21
2, 213416, 22778818, 23431955
1, 72104, 23330393, 23983742
14, 2, 21
2, 99498, 23431955, 23890008
1, 36054, 23983742, 24442047
15, 2, 21
2, 37492, 23890008, 24065101
1, 18750, 24442047, 24616368
16, 2, 21
2, 15862, 24065101, 24159972
1, 10098, 24616368, 24712343
17, 2, 21
2, 343196, 24159972, 25648657
1, 144204, 24712343, 26200000
18, 2, 21
2, 325892, 25648657, 26888739
1, 144204, 26200000, 27441136
19, 2, 21
2, 167272, 26888739, 27540933
1, 72104, 27441136, 28092661
20, 2, 21
2, 337428, 27540933, 28881800
1, 144204, 28092661, 29434254
21, 2, 21
2, 483070, 28881800, 30210932
1, 144204, 29434254, 30759084
22, 2, 21
2, 245140, 30210932, 30853430
1, 72104, 30759084, 31405735
23, 2, 21
2, 122570, 30853430, 31163606
1, 36054, 31405735, 31716004
24, 2, 21
2, 338870, 31163606, 32386597
1, 144204, 31716004, 32938942
25, 2, 21
2, 162946, 32386597, 32999128
1, 72104, 32938942, 33551593
26, 2, 21
2, 82194, 32999128, 33304876
1, 36054, 33551593, 33857407
27, 2, 21
2, 217742, 33304876, 35166970
1, 144204, 33857407, 35718632
28, 2, 21
2, 93730, 35166970, 36116659
1, 72104, 35718632, 36668299
29, 2, 21
2, 139874, 36116659, 36423143
1, 36054, 36668299, 36975425
30, 2, 21
2, 57680, 36423143, 36595834
1, 18750, 36975425, 37145986
31, 2, 21
2, 34608, 36595834, 36680662
1, 10098, 37145986, 37231666
32, 2, 21
2, 11536, 36680662, 36728717
1, 5772, 37231666, 37280134
33, 2, 21
2, 576800, 36728717, 38215583
1, 144204, 37280134, 38767626
34, 2, 21
2, 259560, 38215583, 38868205
1, 72104, 38767626, 39420129
35, 2, 21
2, 102382, 38868205, 39196433
1, 36054, 39420129, 39747926
36, 2, 21
2, 144200, 39196433, 40648943
1, 144204, 39747926, 41201424
37, 2, 21
2, 72100, 40648943, 41273539
1, 72104, 41201424, 41825129
38, 2, 21
2, 575358, 41273539, 42718499
1, 144204, 41825129, 43270752
39, 2, 21
2, 263886, 42718499, 43388056
1, 72104, 43270752, 43940432
40, 2, 21
2, 141316, 43388056, 43704996
1, 36054, 43940432, 44257385
41, 2, 21
2, 70658, 43704996, 43866262
1, 18750, 44257385, 44418470
42, 2, 21
2, 279748, 43866262, 45266591
1, 144204, 44418470, 45819038
43, 2, 21
2, 72100, 45266591, 46218088
1, 72104, 45819038, 46770446
44, 2, 21
2, 36050, 46218088, 46670357
1, 36054, 46770446, 47222842
45, 2, 21
2, 144200, 46670357, 47931106
1, 144204, 47222842, 48483589
46, 2, 21
2, 72100, 47931106, 48536861
1, 72104, 48483589, 49089223
47, 2, 21
2, 144200, 48536861, 50131249
1, 144204, 49089223, 50683644
48, 2, 21
2, 144200, 50131249, 51800508
1, 144204, 50683644, 52352236
49, 2, 21
2, 144200, 51800508, 53022463
1, 144204, 52352236, 53574664
50, 2, 21
2, 72100, 53022463, 53635426
1, 72104, 53574664, 54187748
51, 2, 21
2, 415296, 53635426, 54876607
1, 144204, 54187748, 55428075
52, 2, 21
2, 288400, 54876607, 55481647
1, 72104, 55428075, 56033697
53, 2, 21
2, 138432, 55481647, 55788993
1, 36054, 56033697, 56340595
54, 2, 21
2, 585452, 55788993, 57083649
1, 144204, 56340595, 57636118
55, 2, 21
2, 565264, 57083649, 58351835
1, 144204, 57636118, 58904039
56, 2, 21
2, 418180, 58351835, 59585187
1, 144204, 58904039, 60137425
57, 2, 21
2, 144200, 59585187, 60897917
1, 144204, 60137425, 61450151
58, 2, 21
2, 72100, 60897917, 61544619
1, 72104, 61450151, 62097151
59, 2, 21
2, 144200, 61544619, 62803926
1, 144204, 62097151, 63355141
60, 2, 21
2, 144200, 62803926, 64169575
1, 144204, 63355141, 64722038
61, 2, 21
2, 144200, 64169575, 65505013
1, 144204, 64722038, 66057258
