0, 2, 21
2, 102382, 5593686, 6606192
1, 102382, 6186033, 7198451
1, 2, 21
2, 111034, 6606192, 7609394
1, 111034, 7198451, 8201701
2, 2, 21
2, 111034, 7609394, 8612818
1, 111034, 8201701, 9204550
3, 2, 21
2, 111034, 8612818, 15732000
1, 111034, 9204550, 16323381
4, 2, 21
2, 112476, 15732000, 16732196
1, 112476, 16323381, 17324308
5, 2, 21
2, 132664, 16732196, 17732785
1, 111034, 17324308, 18324919
6, 1, 21
3, 141316, 17018455, 18046176
7, 1, 21
2, 239397, 17732785, 18739641
8, 1, 21
1, 113918, 18324919, 19338455
9, 1, 21
3, 134106, 18046176, 19050062
10, 1, 21
2, 276914, 18739641, 19742270
11, 1, 21
1, 100940, 19338455, 20347716
12, 1, 21
4, 154294, 18437902, 19439922
13, 1, 21
3, 148526, 19050062, 20052425
14, 1, 21
2, 411045, 19742270, 20746908
15, 1, 21
1, 111034, 20347716, 21354094
16, 1, 21
4, 113918, 19439922, 20474822
17, 1, 21
3, 116802, 20052425, 21053952
18, 1, 21
2, 317315, 20746908, 21748104
19, 1, 21
1, 98056, 21354094, 22366339
20, 1, 21
4, 149968, 20474822, 21482128
21, 1, 21
3, 141316, 21053952, 22055543
22, 1, 21
2, 390857, 21748104, 22748301
23, 1, 21
1, 109592, 22366339, 23374694
24, 1, 21
4, 116802, 21482128, 22482403
25, 1, 21
2, 201930, 22748301, 23750115
26, 1, 21
1, 89404, 23374694, 24392175
27, 1, 21
4, 128338, 22482403, 23488940
28, 1, 21
2, 227886, 23750115, 24752794
29, 1, 21
1, 99498, 24392175, 25395569
30, 1, 21
4, 145642, 23488940, 24495485
31, 1, 21
2, 262494, 24752794, 25753150
32, 1, 21
1, 116802, 25395569, 26396727
33, 1, 21
4, 149968, 24495485, 25496736
34, 1, 21
2, 261052, 25753150, 26753978
35, 1, 21
1, 115360, 26396727, 27398100
36, 1, 21
4, 144200, 25496736, 26500819
37, 1, 21
2, 261052, 26753978, 27756092
38, 1, 21
1, 113918, 27398100, 28405227
39, 1, 21
3, 5768, 22055543, 28019990
40, 1, 21
4, 144200, 26500819, 27501089
41, 1, 21
2, 284149, 27756092, 28756825
42, 1, 21
1, 116802, 28405227, 29409670
43, 1, 21
3, 134106, 28019990, 29036119
44, 1, 21
4, 134106, 27501089, 28505853
45, 1, 21
2, 374995, 28756825, 29757002
46, 1, 21
1, 105266, 29409670, 30419447
47, 1, 21
3, 145642, 29036119, 30036740
48, 1, 21
4, 145642, 28505853, 29514915
49, 1, 21
2, 390857, 29757002, 30760419
50, 1, 21
1, 116802, 30419447, 31425526
51, 1, 21
3, 147084, 30036740, 31039205
52, 1, 21
2, 263936, 30760419, 31761501
53, 1, 21
1, 118244, 31425526, 32428130
54, 1, 21
3, 144200, 31039205, 32039241
55, 1, 21
2, 263936, 31761501, 32764633
56, 1, 21
1, 118244, 32428130, 33433680
57, 2, 21
2, 170181, 32764633, 33897590
1, 79310, 33433680, 34488302
58, 2, 21
2, 66332, 33897590, 34901510
1, 66332, 34488302, 35493258
59, 1, 21
3, 106708, 32039241, 35019939
60, 1, 21
2, 206256, 34901510, 35902558
61, 1, 21
1, 98056, 35493258, 36496261
62, 1, 21
3, 248024, 35019939, 36021571
63, 1, 21
2, 318707, 35902558, 36903850
64, 1, 21
1, 87962, 36496261, 37503172
65, 1, 21
3, 320124, 36021571, 37022078
66, 1, 21
2, 439860, 36903850, 37907252
67, 1, 21
1, 115360, 37503172, 38513099
68, 1, 21
3, 297052, 37022078, 38022130
69, 1, 21
2, 327384, 37907252, 38912916
70, 1, 21
1, 109592, 38513099, 39520176
71, 1, 21
2, 95197, 38912916, 39913408
72, 1, 21
1, 96614, 39520176, 40530169
73, 1, 21
3, 17304, 38022130, 40293143
74, 1, 21
2, 124062, 39913408, 40914678
75, 1, 21
1, 102382, 40530169, 41538552
76, 1, 21
3, 291284, 40293143, 41294059
77, 1, 21
2, 396600, 40914678, 41915057
78, 1, 21
1, 108150, 41538552, 42549843
79, 1, 21
3, 301378, 41294059, 42297072
80, 1, 21
2, 409578, 41915057, 42918211
81, 1, 21
1, 111034, 42549843, 43556489
82, 1, 21
3, 318682, 42297072, 43300762
83, 1, 21
2, 418230, 42918211, 43918659
84, 1, 21
1, 111034, 43556489, 44562108
85, 1, 21
2, 90871, 43918659, 44929175
86, 1, 21
1, 89404, 44562108, 45573850
87, 1, 21
2, 76451, 44929175, 45941339
88, 1, 21
1, 77868, 45573850, 46584994
89, 1, 21
2, 115385, 45941339, 46952643
90, 1, 21
1, 115360, 46584994, 47594739
91, 1, 21
2, 118269, 46952643, 47959787
92, 1, 21
1, 118244, 47594739, 48608819
93, 1, 21
2, 86545, 47959787, 48959849
94, 1, 21
1, 87962, 48608819, 49614094
95, 1, 21
2, 80777, 48959849, 49970185
96, 1, 21
1, 79310, 49614094, 50619651
97, 1, 21
2, 92313, 49970185, 50976188
98, 1, 21
1, 93730, 50619651, 51628996
99, 1, 21
2, 118269, 50976188, 51982751
100, 1, 21
1, 118244, 51628996, 52638450
101, 1, 21
2, 118269, 51982751, 52993602
102, 1, 21
1, 116802, 52638450, 53639352
103, 1, 21
3, 7210, 43300762, 53066697
104, 1, 21
2, 237980, 52993602, 53995804
105, 1, 21
1, 116802, 53639352, 54642544
106, 1, 21
3, 341754, 53066697, 54069631
107, 1, 21
2, 471584, 53995804, 54996177
108, 1, 21
1, 119686, 54642544, 55653657
109, 1, 21
3, 356174, 54069631, 55073161
110, 1, 21
2, 462932, 54996177, 55996248
111, 1, 21
1, 116802, 55653657, 56661077
112, 1, 21
3, 346080, 55073161, 56076670
113, 1, 21
2, 461490, 55996248, 56997787
114, 1, 21
1, 119686, 56661077, 57665724
115, 1, 21
3, 335986, 56076670, 57079986
116, 1, 21
2, 448512, 56997787, 57998940
117, 1, 21
1, 118244, 57665724, 58671627
118, 1, 21
3, 340312, 57079986, 58085435
119, 1, 21
2, 350456, 57998940, 59002163
120, 1, 21
1, 115360, 58671627, 59673333
121, 1, 21
2, 111059, 59002163, 60009929
122, 1, 21
1, 111034, 59673333, 60679986
123, 1, 21
2, 112501, 60009929, 61013556
124, 1, 21
1, 112476, 60679986, 61681015
125, 1, 21
2, 115385, 61013556, 62022024
126, 1, 21
1, 113918, 61681015, 62681238
127, 1, 21
2, 106733, 62022024, 63030282
128, 1, 21
1, 106708, 62681238, 63691063
129, 1, 21
2, 108175, 63030282, 64042071
130, 1, 21
1, 108150, 63691063, 64707023
131, 1, 21
2, 111059, 64042071, 65050235
132, 1, 21
1, 111034, 64707023, 65710700
