0, 1, 21
1, 211974, 6211084, 8211423
1, 1, 21
2, 213441, 5631549, 7642967
2, 2, 21
2, 222068, 7642967, 15760020
1, 223510, 8211423, 16340480
3, 1, 21
2, 248024, 15760020, 17769514
4, 1, 21
1, 224952, 16340480, 18349815
5, 1, 21
3, 278306, 17052218, 19059638
6, 1, 21
2, 511935, 17769514, 19770905
7, 1, 21
1, 213416, 18349815, 20360971
8, 1, 21
3, 265328, 19059638, 21066294
9, 1, 21
4, 268212, 18478370, 20517898
10, 1, 21
2, 726843, 19770905, 21777508
11, 1, 21
1, 207648, 20360971, 22361634
12, 1, 21
4, 263886, 20517898, 22525683
13, 1, 21
2, 585502, 21777508, 23778674
14, 1, 21
1, 200438, 22361634, 24402029
15, 1, 21
4, 271096, 22525683, 24534308
16, 1, 21
2, 487446, 23778674, 25779536
17, 1, 21
1, 214858, 24402029, 26403704
18, 1, 21
4, 292726, 24534308, 26544331
19, 1, 21
2, 523496, 25779536, 27781221
20, 1, 21
1, 232162, 26403704, 28406130
21, 1, 21
3, 144200, 21066294, 28011108
22, 1, 21
4, 269654, 26544331, 28545614
23, 1, 21
2, 651859, 27781221, 29785196
24, 1, 21
1, 219184, 28406130, 30411465
25, 1, 21
3, 278306, 28011108, 30012432
26, 1, 21
2, 811896, 29785196, 32291509
27, 1, 21
1, 288400, 30411465, 32911805
28, 1, 21
3, 297052, 30012432, 32013858
29, 1, 21
2, 318732, 32291509, 34297980
30, 1, 21
1, 171598, 32911805, 34946795
31, 1, 21
3, 102382, 32013858, 34948871
32, 1, 21
2, 400926, 34297980, 36299442
33, 1, 21
1, 175924, 34946795, 36953614
34, 1, 21
3, 575358, 34948871, 36949183
35, 1, 21
2, 784498, 36299442, 38300099
36, 1, 21
1, 206206, 36953614, 38974182
37, 1, 21
2, 278331, 38300099, 40302534
38, 1, 21
3, 307146, 36949183, 40182904
39, 1, 21
1, 262444, 38974182, 41483566
40, 1, 21
2, 679232, 40302534, 42302992
41, 1, 21
3, 595546, 40182904, 42183220
42, 1, 21
2, 663345, 42302992, 44312790
43, 1, 21
1, 406644, 41483566, 45398364
44, 1, 21
2, 171623, 44312790, 46318692
45, 1, 21
1, 181692, 45398364, 47406245
46, 1, 21
2, 229303, 46318692, 48330329
47, 1, 21
1, 211974, 47406245, 49412488
48, 1, 21
2, 167297, 48330329, 50333648
49, 1, 21
1, 165830, 49412488, 51418680
50, 2, 21
2, 275447, 50333648, 52839426
1, 236488, 51418680, 53419530
51, 1, 21
3, 323008, 42183220, 52941069
52, 1, 21
2, 699395, 52839426, 54839759
53, 1, 21
1, 235046, 53419530, 55422580
54, 1, 21
3, 697928, 52941069, 54942822
55, 1, 21
2, 924372, 54839759, 56839777
56, 1, 21
1, 291284, 55422580, 57930976
57, 1, 21
3, 834918, 54942822, 57447305
58, 1, 21
2, 862366, 56839777, 59340114
59, 1, 21
1, 445578, 57930976, 61837569
60, 1, 21
2, 224977, 59340114, 61342247
61, 1, 21
2, 219184, 61342247, 63350947
62, 1, 21
2, 273980, 63350947, 65853464
