0, 2, 21
2, 72100, 5528430, 6275678
1, 72104, 6112795, 6859533
1, 2, 21
2, 144200, 6275678, 7569244
1, 144204, 6859533, 8153004
2, 2, 21
2, 144200, 7569244, 8855794
1, 144204, 8153004, 9439963
3, 2, 21
2, 217742, 8855794, 16917672
1, 217746, 9439963, 17501267
4, 2, 21
2, 79310, 16917672, 17574305
1, 72104, 17501267, 18158431
5, 2, 21
2, 82194, 17574305, 17884437
1, 36054, 18158431, 18468765
6, 2, 21
2, 43260, 17884437, 18045005
1, 18750, 18468765, 18629135
7, 2, 21
2, 23072, 18045005, 18132516
1, 10098, 18629135, 18716859
8, 2, 21
2, 331660, 18132516, 19534834
1, 144204, 18716859, 20119159
9, 2, 21
2, 271096, 19534834, 20200649
1, 72104, 20119159, 20784067
10, 2, 21
2, 134106, 20200649, 20521503
1, 36054, 20784067, 21105322
11, 2, 21
2, 69216, 20521503, 20689347
1, 18750, 21105322, 21273561
12, 2, 21
2, 494606, 20689347, 22137478
1, 144204, 21273561, 22721747
13, 2, 21
2, 226394, 22137478, 22786536
1, 72104, 22721747, 23370850
14, 2, 21
2, 89404, 22786536, 23221280
1, 36054, 23370850, 23805068
15, 2, 21
2, 43260, 23221280, 23393312
1, 18750, 23805068, 23977564
16, 2, 21
2, 17304, 23393312, 23489832
1, 10098, 23977564, 24073235
17, 2, 21
2, 334544, 23489832, 24973184
1, 144204, 24073235, 25556973
18, 2, 21
2, 330218, 24973184, 26198250
1, 144204, 25556973, 26782077
19, 2, 21
2, 164388, 26198250, 26816749
1, 72104, 26782077, 27400351
20, 2, 21
2, 327334, 26816749, 28059384
1, 144204, 27400351, 28643295
21, 2, 21
2, 441252, 28059384, 29363262
1, 144204, 28643295, 29947208
22, 2, 21
2, 252350, 29363262, 30002394
1, 72104, 29947208, 30586051
23, 2, 21
2, 122570, 30002394, 30310102
1, 36054, 30586051, 30893966
24, 2, 21
2, 366268, 30310102, 31526935
1, 144204, 30893966, 32111041
25, 2, 21
2, 162946, 31526935, 32138793
1, 72104, 32111041, 32722868
26, 2, 21
2, 80752, 32138793, 32444609
1, 36054, 32722868, 33028434
27, 2, 21
2, 250908, 32444609, 34303914
1, 144204, 33028434, 34888056
28, 2, 21
2, 72100, 34303914, 35252334
1, 72104, 34888056, 35836464
29, 2, 21
2, 82194, 35252334, 35558883
1, 36054, 35836464, 36143023
30, 2, 21
2, 77868, 35558883, 35728900
1, 18750, 36143023, 36312988
31, 2, 21
2, 41818, 35728900, 35814398
1, 10098, 36312988, 36398325
32, 2, 21
2, 25956, 35814398, 35866881
1, 5772, 36398325, 36450867
33, 2, 21
2, 534982, 35866881, 37347505
1, 144204, 36450867, 37931548
34, 2, 21
2, 265328, 37347505, 37999062
1, 72104, 37931548, 38583119
35, 2, 21
2, 136990, 37999062, 38326521
1, 36054, 38583119, 38910134
36, 2, 21
2, 178808, 38326521, 39778005
1, 144204, 38910134, 40362122
37, 2, 21
2, 72100, 39778005, 40399753
1, 72104, 40362122, 40983296
38, 2, 21
2, 504700, 40399753, 41843390
1, 144204, 40983296, 42426690
39, 2, 21
2, 265328, 41843390, 42511608
1, 72104, 42426690, 43095455
40, 2, 21
2, 136990, 42511608, 42824264
1, 36054, 43095455, 43407665
41, 2, 21
2, 72100, 42824264, 42985700
1, 18750, 43407665, 43568405
42, 2, 21
2, 354732, 42985700, 44383862
1, 144204, 43568405, 44967397
43, 2, 21
2, 72100, 44383862, 45334611
1, 72104, 44967397, 45918613
44, 2, 21
2, 36050, 45334611, 45788052
1, 36054, 45918613, 46370774
45, 2, 21
2, 144200, 45788052, 47046944
1, 144204, 46370774, 47630867
46, 2, 21
2, 72100, 47046944, 47649946
1, 72104, 47630867, 48233928
47, 2, 21
2, 144200, 47649946, 49238592
1, 144204, 48233928, 49822691
48, 2, 21
2, 144200, 49238592, 50902878
1, 144204, 49822691, 51486911
49, 2, 21
2, 144200, 50902878, 52123327
1, 144204, 51486911, 52706735
50, 2, 21
2, 72100, 52123327, 52732894
1, 72104, 52706735, 53316864
51, 2, 21
2, 328776, 52732894, 53970126
1, 144204, 53316864, 54554090
52, 2, 21
2, 291284, 53970126, 54574736
1, 72104, 54554090, 55158655
53, 2, 21
2, 148526, 54574736, 54881440
1, 36054, 55158655, 55465075
54, 2, 21
2, 569590, 54881440, 56114361
1, 144204, 55465075, 56698267
55, 2, 21
2, 556612, 56114361, 57326175
1, 144204, 56698267, 57909778
56, 2, 21
2, 516236, 57326175, 58551257
1, 144204, 57909778, 59135160
57, 2, 21
2, 144200, 58551257, 59858602
1, 144204, 59135160, 60442648
58, 2, 21
2, 72100, 59858602, 60502056
1, 72104, 60442648, 61086147
59, 2, 21
2, 144200, 60502056, 61754620
1, 144204, 61086147, 62338298
60, 2, 21
2, 144200, 61754620, 63117077
1, 144204, 62338298, 63700756
61, 2, 21
2, 144200, 63117077, 64446308
1, 144204, 63700756, 65030049
