0, 2, 21
2, 213416, 5540572, 7551435
1, 213416, 6134879, 8145188
1, 2, 21
2, 222068, 7551435, 15665253
1, 222068, 8145188, 16259331
2, 2, 21
2, 246582, 15665253, 17672313
1, 224952, 16259331, 18266169
3, 1, 21
3, 279748, 16974715, 18980780
4, 1, 21
2, 514819, 17672313, 19674328
5, 1, 21
1, 213416, 18266169, 20273761
6, 1, 21
4, 265328, 18403875, 20404587
7, 1, 21
3, 266770, 18980780, 20985089
8, 2, 21
2, 722517, 19674328, 21681599
1, 207648, 20273761, 22275803
9, 1, 21
4, 265328, 20404587, 22421474
10, 1, 21
2, 588361, 21681599, 23699903
11, 1, 21
1, 200438, 22275803, 24312376
12, 1, 21
4, 255234, 22421474, 24431605
13, 1, 21
2, 483120, 23699903, 25704550
14, 1, 21
1, 217742, 24312376, 26324294
15, 1, 21
4, 302820, 24431605, 26438456
16, 1, 21
2, 535032, 25704550, 27707688
17, 1, 21
1, 233604, 26324294, 28328020
18, 1, 21
3, 141316, 20985089, 27911739
19, 1, 21
4, 281190, 26438456, 28453902
20, 1, 21
2, 672047, 27707688, 29713879
21, 1, 21
1, 220626, 28328020, 30329383
22, 1, 21
3, 279748, 27911739, 29917446
23, 1, 21
2, 673464, 29713879, 31720810
24, 1, 21
1, 236488, 30329383, 32340761
25, 1, 21
3, 297052, 29917446, 31918166
26, 2, 21
2, 408136, 31720810, 33751634
1, 191786, 32340761, 34344762
27, 1, 21
3, 100940, 31918166, 34845180
28, 1, 21
2, 282657, 33751634, 35754205
29, 1, 21
1, 164388, 34344762, 36347981
30, 1, 21
3, 576800, 34845180, 36848353
31, 1, 21
2, 768636, 35754205, 37756635
32, 1, 21
1, 203322, 36347981, 38360717
33, 1, 21
2, 403785, 37756635, 39764809
34, 1, 21
1, 206206, 38360717, 40371216
35, 1, 21
3, 305704, 36848353, 40074471
36, 1, 21
2, 549452, 39764809, 41764888
37, 1, 21
1, 209090, 40371216, 42373353
38, 1, 21
3, 594104, 40074471, 42076776
39, 1, 21
2, 800360, 41764888, 43775231
40, 1, 21
1, 222068, 42373353, 44382812
41, 1, 21
2, 165855, 43775231, 45782901
42, 1, 21
1, 165830, 44382812, 46391902
43, 1, 21
2, 232187, 45782901, 47786960
44, 1, 21
1, 232162, 46391902, 48393716
45, 1, 21
2, 167297, 47786960, 49793795
46, 1, 21
1, 167272, 48393716, 50402308
47, 1, 21
2, 211999, 49793795, 51799028
48, 1, 21
1, 211974, 50402308, 52405543
49, 1, 21
3, 324450, 42076776, 52838190
50, 1, 21
2, 369202, 51799028, 53801407
51, 1, 21
1, 235046, 52405543, 54411053
52, 1, 21
3, 697928, 52838190, 54839147
53, 1, 21
2, 937350, 53801407, 55801901
54, 1, 21
1, 235046, 54411053, 56418962
55, 1, 21
3, 683508, 54839147, 56840935
56, 1, 21
2, 914278, 55801901, 57805501
57, 1, 21
1, 237930, 56418962, 58423981
58, 1, 21
2, 442719, 57805501, 59814372
59, 1, 21
1, 227836, 58423981, 60436463
60, 1, 21
2, 229303, 59814372, 61827442
61, 1, 21
1, 229278, 60436463, 62449322
62, 1, 21
2, 213441, 61827442, 63832521
63, 1, 21
1, 213416, 62449322, 64454176
