0, 2, 21
2, 54796, 5603376, 6164106
1, 54796, 6185772, 6745962
1, 2, 21
2, 53354, 6164106, 6665891
1, 53354, 6745962, 7248528
2, 2, 21
2, 57680, 6665891, 7175356
1, 57680, 7248528, 7758039
3, 2, 21
2, 54796, 7175356, 7679942
1, 54796, 7758039, 8262444
4, 2, 21
2, 56238, 7679942, 8190949
1, 56238, 8262444, 8772836
5, 1, 21
2, 57680, 8190949, 8702069
6, 1, 21
1, 70658, 8772836, 9398491
7, 1, 21
2, 56263, 8702069, 9206165
8, 1, 21
1, 86520, 9398491, 10183302
9, 2, 21
2, 44727, 9206165, 15730960
1, 1442, 10183302, 16313514
10, 2, 21
2, 54796, 15730960, 16237998
1, 54796, 16313514, 16820710
11, 2, 21
2, 74984, 16237998, 16874873
1, 74984, 16820710, 17457829
12, 1, 21
2, 93730, 16874873, 17659118
13, 1, 21
1, 86520, 17457829, 18246022
14, 1, 21
3, 73542, 17040817, 17541814
15, 1, 21
2, 132714, 17659118, 18165104
16, 1, 21
3, 67774, 17541814, 18061619
17, 1, 21
2, 116827, 18165104, 18666458
18, 1, 21
1, 122570, 18246022, 19391791
19, 1, 21
3, 60564, 18061619, 18570475
20, 1, 21
2, 106758, 18666458, 19166596
21, 1, 21
1, 64890, 19391791, 20023967
22, 1, 21
3, 79310, 18570475, 19076417
23, 1, 21
2, 145692, 19166596, 19673143
24, 1, 21
4, 74984, 18475773, 18978353
25, 1, 21
3, 73542, 19076417, 19579051
26, 1, 21
2, 200488, 19673143, 20175559
27, 1, 21
1, 85078, 20023967, 20814080
28, 1, 21
4, 79310, 18978353, 19482067
29, 1, 21
3, 74984, 19579051, 20082597
30, 1, 21
2, 207723, 20175559, 20677886
31, 1, 21
4, 64890, 19482067, 19992768
32, 1, 21
3, 64890, 20082597, 20590876
33, 1, 21
2, 180300, 20677886, 21191426
34, 1, 21
4, 49028, 19992768, 20515562
35, 1, 21
3, 50470, 20590876, 21094273
36, 1, 21
2, 145692, 21191426, 21695293
37, 1, 21
1, 155736, 20814080, 22347029
38, 1, 21
4, 76426, 20515562, 21022894
39, 1, 21
3, 67774, 21094273, 21595174
40, 1, 21
1, 53354, 22347029, 22850207
41, 1, 21
2, 230820, 21695293, 22283156
42, 1, 21
4, 72100, 21022894, 21530616
43, 1, 21
1, 56238, 22850207, 23355252
44, 1, 21
2, 186068, 22283156, 22784738
45, 1, 21
4, 59122, 21530616, 22036953
46, 1, 21
2, 103849, 22784738, 23287279
47, 1, 21
1, 53354, 23355252, 23955761
48, 1, 21
4, 72100, 22036953, 22670518
49, 1, 21
2, 122620, 23287279, 23924147
50, 1, 21
1, 53354, 23955761, 24584595
51, 1, 21
4, 62006, 22670518, 23177521
52, 1, 21
2, 168764, 23924147, 24710505
53, 1, 21
1, 79310, 24584595, 25372257
54, 1, 21
4, 74984, 23177521, 23810957
55, 1, 21
1, 59122, 25372257, 25878750
56, 1, 21
2, 154369, 24710505, 25307840
57, 1, 21
4, 73542, 23810957, 24314380
58, 1, 21
2, 160087, 25307840, 25935912
59, 1, 21
4, 93730, 24314380, 24940788
60, 1, 21
1, 92288, 25878750, 26664475
61, 1, 21
4, 77868, 24940788, 25441826
62, 1, 21
2, 206281, 25935912, 26723757
63, 1, 21
4, 90846, 25441826, 26068744
64, 1, 21
1, 135548, 26664475, 27887748
65, 1, 21
4, 145642, 26068744, 27051088
66, 1, 21
2, 400951, 26723757, 28251296
67, 1, 21
3, 74984, 21595174, 28044483
68, 1, 21
2, 181717, 28251296, 28833185
69, 1, 21
3, 62006, 28044483, 28550199
70, 1, 21
4, 136990, 27051088, 28093131
71, 1, 21
2, 175974, 28833185, 29336981
72, 1, 21
1, 239372, 27887748, 30029800
73, 1, 21
3, 72100, 28550199, 29054962
74, 1, 21
4, 69216, 28093131, 28598181
75, 1, 21
2, 194745, 29336981, 29838440
76, 1, 21
1, 67774, 30029800, 30655984
77, 1, 21
3, 93730, 29054962, 29686346
78, 1, 21
4, 93730, 28598181, 29233220
79, 1, 21
2, 250983, 29838440, 30467608
80, 1, 21
3, 63448, 29686346, 30193089
81, 1, 21
1, 92288, 30655984, 31448117
82, 1, 21
2, 250958, 30467608, 31250488
83, 1, 21
3, 90846, 30193089, 30822401
84, 1, 21
2, 132689, 31250488, 31754031
85, 1, 21
3, 144200, 30822401, 31801428
86, 1, 21
1, 181692, 31448117, 32985249
87, 1, 21
2, 207698, 31754031, 32539527
88, 1, 21
3, 105266, 31801428, 32588275
89, 1, 21
1, 122570, 32985249, 34079735
90, 1, 21
2, 246632, 32539527, 33763693
91, 1, 21
1, 20188, 34079735, 34588344
92, 1, 21
2, 27423, 33763693, 34283616
93, 1, 21
1, 33166, 34588344, 35116407
94, 1, 21
2, 38959, 34283616, 34931569
95, 1, 21
1, 47586, 35116407, 35748165
96, 1, 21
3, 46144, 32588275, 35073505
97, 1, 21
1, 46144, 35748165, 36251666
98, 1, 21
2, 183209, 34931569, 35908350
99, 1, 21
1, 57680, 36251666, 36752188
100, 1, 21
3, 164388, 35073505, 35630889
101, 1, 21
2, 181742, 35908350, 36411404
102, 1, 21
1, 43260, 36752188, 37273790
103, 1, 21
3, 96614, 35630889, 36141235
104, 1, 21
2, 177416, 36411404, 36993990
105, 1, 21
1, 47586, 37273790, 37783751
106, 1, 21
3, 168714, 36141235, 36641357
107, 1, 21
2, 233654, 36993990, 37494200
108, 1, 21
1, 57680, 37783751, 38295638
109, 1, 21
3, 206206, 36641357, 37267661
110, 1, 21
2, 209140, 37494200, 37994900
111, 1, 21
3, 142758, 37267661, 37771707
112, 1, 21
1, 67774, 38295638, 38930792
113, 1, 21
2, 255284, 37994900, 38623212
114, 1, 21
2, 67774, 38623212, 39124523
115, 1, 21
1, 102382, 38930792, 39912954
116, 1, 21
2, 47611, 39124523, 39631433
117, 1, 21
1, 44702, 39912954, 40418722
118, 1, 21
2, 64915, 39631433, 40264224
119, 1, 21
1, 73542, 40418722, 41055717
120, 1, 21
2, 56263, 40264224, 40777648
121, 1, 21
3, 103824, 37771707, 40312721
122, 1, 21
1, 50470, 41055717, 41617400
123, 1, 21
2, 145692, 40777648, 41281043
124, 1, 21
3, 170156, 40312721, 40939037
125, 1, 21
1, 49028, 41617400, 42121255
126, 1, 21
2, 212024, 41281043, 41781439
127, 1, 21
3, 167272, 40939037, 41442489
128, 1, 21
1, 69216, 42121255, 42714397
129, 1, 21
2, 220676, 41781439, 42283251
130, 1, 21
3, 177366, 41442489, 42068229
131, 1, 21
1, 67774, 42714397, 43350203
132, 1, 21
2, 187510, 42283251, 42784132
133, 1, 21
3, 160062, 42068229, 42570647
134, 1, 21
2, 268237, 42784132, 43412211
135, 1, 21
1, 85078, 43350203, 44136905
136, 1, 21
3, 155736, 42570647, 43073934
137, 1, 21
2, 222118, 43412211, 44032497
138, 1, 21
2, 46144, 44032497, 44534692
139, 1, 21
1, 111034, 44136905, 45248162
140, 1, 21
2, 56263, 44534692, 45162554
141, 1, 21
1, 50470, 45248162, 45878247
142, 1, 21
1, 37492, 45878247, 46387026
143, 1, 21
2, 59172, 45162554, 45945071
144, 1, 21
1, 46144, 46387026, 46892579
145, 1, 21
2, 64915, 45945071, 46585267
146, 1, 21
1, 57680, 46892579, 47401211
147, 1, 21
2, 72125, 46585267, 47212331
148, 1, 21
1, 73542, 47401211, 48034852
149, 1, 21
2, 92313, 47212331, 47995319
150, 1, 21
1, 111034, 48034852, 49021041
151, 1, 21
1, 38934, 49021041, 49526731
152, 1, 21
2, 100990, 47995319, 49121451
153, 1, 21
1, 47586, 49526731, 50031764
154, 1, 21
2, 47611, 49121451, 49625837
155, 1, 21
1, 44702, 50031764, 50656873
156, 1, 21
2, 33191, 49625837, 50132916
157, 1, 21
1, 41818, 50656873, 51168935
158, 1, 21
2, 41843, 50132916, 50633080
159, 1, 21
2, 51912, 50633080, 51144558
160, 1, 21
1, 64890, 51168935, 51802004
161, 1, 21
2, 59147, 51144558, 51647835
162, 1, 21
1, 59122, 51802004, 52303440
163, 1, 21
1, 59122, 52303440, 52803630
164, 1, 21
2, 75034, 51647835, 52281233
165, 1, 21
1, 92288, 52803630, 53586770
166, 1, 21
2, 92313, 52281233, 53065501
167, 1, 21
3, 87962, 43073934, 53101829
168, 2, 21
2, 295635, 53065501, 54173044
3, 165830, 53101829, 53602739
169, 1, 21
1, 142758, 53586770, 54818167
170, 1, 21
2, 235071, 54173044, 54675853
171, 1, 21
3, 222068, 53602739, 54228537
172, 1, 21
2, 243723, 54675853, 55181823
173, 1, 21
3, 278306, 54228537, 55011237
174, 1, 21
2, 235071, 55181823, 55685708
175, 1, 21
2, 229278, 55685708, 56185721
176, 1, 21
2, 235046, 56185721, 56687868
177, 1, 21
3, 524888, 55011237, 56538192
178, 1, 21
2, 289867, 56687868, 57313299
179, 1, 21
2, 346080, 57313299, 58095894
180, 1, 21
2, 335986, 58095894, 59192548
181, 1, 21
2, 69216, 59192548, 59826095
182, 1, 21
2, 87962, 59826095, 60615885
183, 1, 21
2, 175924, 60615885, 62146239
184, 1, 21
1, 1137738, 54818167, 64832803
