0, 2, 21
2, 27398, 5528055, 5783160
1, 27398, 6098275, 6352772
1, 2, 21
2, 28840, 5783160, 6100928
1, 28840, 6352772, 6671107
2, 2, 21
2, 25956, 6100928, 6361791
1, 25956, 6671107, 6931921
3, 2, 21
2, 28840, 6361791, 6614072
1, 28840, 6931921, 7184740
4, 2, 21
2, 36050, 6614072, 6935541
1, 36050, 7184740, 7503871
5, 2, 21
2, 43260, 6935541, 7327131
1, 43260, 7503871, 7897962
6, 1, 21
1, 27398, 7897962, 8149234
7, 1, 21
2, 62031, 7327131, 7891644
8, 1, 21
1, 43260, 8149234, 8540615
9, 1, 21
2, 34633, 7891644, 8207270
10, 1, 21
1, 69216, 8540615, 9158744
11, 1, 21
2, 44727, 8207270, 8599878
12, 1, 21
2, 85078, 8599878, 9372106
13, 2, 21
2, 18746, 9372106, 15653014
1, 105266, 9158744, 16222891
14, 2, 21
2, 27398, 15653014, 15910393
1, 27398, 16222891, 16479927
15, 2, 21
2, 36050, 15910393, 16233569
1, 36050, 16479927, 16803457
16, 2, 21
2, 30282, 16233569, 16490302
1, 30282, 16803457, 17060950
17, 2, 21
2, 37492, 16490302, 16810278
1, 37492, 17060950, 17380914
18, 2, 21
2, 54796, 16810278, 17304928
1, 54796, 17380914, 17875776
19, 1, 21
2, 70658, 17304928, 17702091
20, 1, 21
1, 44702, 17875776, 18280458
21, 1, 21
3, 38934, 16971351, 17222859
22, 1, 21
2, 66382, 17702091, 17956018
23, 1, 21
1, 37492, 18280458, 18602684
24, 1, 21
3, 37492, 17222859, 17473325
25, 1, 21
2, 82244, 17956018, 18276971
26, 1, 21
3, 36050, 17473325, 17726877
27, 1, 21
1, 46144, 18602684, 18999173
28, 1, 21
2, 59172, 18276971, 18532062
29, 1, 21
3, 30282, 17726877, 18044815
30, 1, 21
1, 24514, 18999173, 19310902
31, 1, 21
2, 37542, 18532062, 18785065
32, 1, 21
3, 40376, 18044815, 18365995
33, 1, 21
1, 24514, 19310902, 19570473
34, 1, 21
2, 63498, 18785065, 19035714
35, 1, 21
3, 40376, 18365995, 18621071
36, 1, 21
2, 67799, 19035714, 19291413
37, 1, 21
1, 33166, 19570473, 19884203
38, 1, 21
3, 49028, 18621071, 18934856
39, 1, 21
2, 95222, 19291413, 19605562
40, 1, 21
1, 41818, 19884203, 20283850
41, 1, 21
4, 38934, 18411780, 18662116
42, 1, 21
2, 102432, 19605562, 19855619
43, 1, 21
3, 60564, 18934856, 19336948
44, 1, 21
4, 36050, 18662116, 18918154
45, 1, 21
2, 125504, 19855619, 20174206
46, 1, 21
3, 46144, 19336948, 19658708
47, 1, 21
4, 40376, 18918154, 19174550
48, 1, 21
1, 62006, 20283850, 20858135
49, 1, 21
2, 103899, 20174206, 20428565
50, 1, 21
4, 38934, 19174550, 19425698
51, 1, 21
1, 34608, 20858135, 21172325
52, 1, 21
3, 60564, 19658708, 20057660
53, 1, 21
2, 132739, 20428565, 20745464
54, 1, 21
4, 37492, 19425698, 19678344
55, 2, 21
2, 87987, 20745464, 21002801
1, 44702, 21172325, 21573583
56, 1, 21
4, 27398, 19678344, 19940594
57, 1, 21
3, 67774, 20057660, 20616950
58, 1, 21
2, 62056, 21002801, 21254944
59, 1, 21
1, 28840, 21573583, 21882512
60, 1, 21
4, 18746, 19940594, 20205555
61, 1, 21
3, 30282, 20616950, 20933725
62, 1, 21
2, 82269, 21254944, 21512782
63, 1, 21
1, 17304, 21882512, 22132958
64, 1, 21
4, 30282, 20205555, 20465902
65, 1, 21
3, 30282, 20933725, 21190338
66, 1, 21
1, 24514, 22132958, 22388224
67, 1, 21
2, 108250, 21512782, 21826796
68, 1, 21
4, 38934, 20465902, 20723222
69, 1, 21
3, 38934, 21190338, 21446414
70, 1, 21
1, 28840, 22388224, 22644877
71, 1, 21
2, 105341, 21826796, 22081576
72, 1, 21
4, 46144, 20723222, 21035751
73, 1, 21
3, 47586, 21446414, 21766595
74, 2, 21
2, 128388, 22081576, 22400745
1, 36050, 22644877, 22970495
75, 1, 21
4, 57680, 21035751, 21426854
76, 1, 21
2, 118269, 22400745, 22783792
77, 1, 21
1, 43260, 22970495, 23366859
78, 1, 21
4, 34608, 21426854, 21738917
79, 1, 21
2, 49078, 22783792, 23037233
80, 1, 21
1, 24514, 23366859, 23672871
81, 1, 21
4, 33166, 21738917, 21995004
82, 2, 21
2, 70708, 23037233, 23353182
1, 24514, 23672871, 23923343
83, 1, 21
4, 37492, 21995004, 22254364
84, 1, 21
1, 27398, 23923343, 24180961
85, 1, 21
4, 21630, 22254364, 22513948
86, 1, 21
2, 70733, 23353182, 23743945
87, 1, 21
1, 17304, 24180961, 24453586
88, 1, 21
4, 28840, 22513948, 22774029
89, 1, 21
1, 23072, 24453586, 24714482
90, 1, 21
4, 36050, 22774029, 23088354
91, 1, 21
2, 111134, 23743945, 24299596
92, 1, 21
4, 34608, 23088354, 23349026
93, 1, 21
1, 31724, 24714482, 25030144
94, 1, 21
2, 77918, 24299596, 24612550
95, 1, 21
1, 27398, 25030144, 25284006
96, 1, 21
4, 46144, 23349026, 23668552
97, 1, 21
2, 98106, 24612550, 25008570
98, 1, 21
1, 36050, 25284006, 25603803
99, 1, 21
4, 70658, 23668552, 24161088
100, 1, 21
1, 30282, 25603803, 25857411
101, 1, 21
1, 37492, 25857411, 26177163
102, 1, 21
2, 201980, 25008570, 25774246
103, 1, 21
1, 57680, 26177163, 26667154
104, 1, 21
3, 33166, 21766595, 27919544
105, 1, 21
2, 754216, 25774246, 28613390
106, 1, 21
3, 36050, 27919544, 28185492
107, 1, 21
2, 93755, 28613390, 28864064
108, 1, 21
3, 27398, 28185492, 28442089
109, 1, 21
2, 82219, 28864064, 29115728
110, 1, 21
3, 38934, 28442089, 28694854
111, 1, 21
2, 105291, 29115728, 29371918
112, 1, 21
4, 592662, 24161088, 28379276
113, 1, 21
3, 33166, 28694854, 28947193
114, 1, 21
1, 390782, 26667154, 30100100
115, 1, 21
2, 93805, 29371918, 29624540
116, 1, 21
4, 33166, 28379276, 28632096
117, 1, 21
3, 37492, 28947193, 29199303
118, 1, 21
1, 34608, 30100100, 30418845
119, 1, 21
2, 124087, 29624540, 29939919
120, 1, 21
4, 37492, 28632096, 28888397
121, 1, 21
3, 46144, 29199303, 29513999
122, 1, 21
1, 46144, 30418845, 30817163
123, 1, 21
4, 44702, 28888397, 29204992
124, 1, 21
2, 158720, 29939919, 30332585
125, 1, 21
3, 56238, 29513999, 29913157
126, 1, 21
4, 56238, 29204992, 29604289
127, 1, 21
2, 214908, 30332585, 30886664
128, 1, 21
1, 90846, 30817163, 31590628
129, 1, 21
2, 67799, 30886664, 31143673
130, 1, 21
3, 113918, 29913157, 30680882
131, 1, 21
2, 85103, 31143673, 31457600
132, 1, 21
2, 102382, 31457600, 31849533
133, 1, 21
2, 206206, 31849533, 32619525
134, 1, 21
3, 229278, 30680882, 32259248
135, 1, 21
2, 67799, 32619525, 32911032
136, 1, 21
1, 243698, 31590628, 33685561
137, 1, 21
3, 41818, 32259248, 32580675
138, 1, 21
2, 75034, 32911032, 33229576
139, 1, 21
3, 14420, 32580675, 32862909
140, 1, 21
1, 34608, 33685561, 34010454
141, 1, 21
2, 33216, 33229576, 33480608
142, 2, 21
2, 7210, 33480608, 33840639
1, 10094, 34010454, 34411035
143, 1, 21
1, 18746, 34411035, 34671722
144, 1, 21
2, 24539, 33840639, 34169070
145, 1, 21
1, 14420, 34671722, 34934405
146, 1, 21
2, 24539, 34169070, 34565768
147, 1, 21
1, 21630, 34934405, 35187933
148, 1, 21
2, 15887, 34565768, 34819624
149, 1, 21
1, 14420, 35187933, 35439539
150, 1, 21
1, 18746, 35439539, 35700434
151, 1, 21
2, 24564, 34819624, 35154133
152, 1, 21
1, 23072, 35700434, 35950519
153, 1, 21
3, 2884, 32862909, 34874012
154, 1, 21
2, 77918, 35154133, 35548698
155, 1, 21
1, 30282, 35950519, 36206480
156, 1, 21
3, 83636, 34874012, 35127348
157, 1, 21
2, 116852, 35548698, 35802034
158, 1, 21
1, 28840, 36206480, 36463996
159, 1, 21
3, 85078, 35127348, 35442126
160, 1, 21
2, 92338, 35802034, 36055397
161, 1, 21
1, 30282, 36463996, 36788410
162, 1, 21
3, 67774, 35442126, 35736513
163, 1, 21
2, 72150, 36055397, 36308568
164, 1, 21
1, 25956, 36788410, 37044742
165, 1, 21
3, 34608, 35736513, 35986833
166, 1, 21
2, 57730, 36308568, 36558801
167, 1, 21
1, 12978, 37044742, 37298433
168, 1, 21
3, 87962, 35986833, 36236890
169, 1, 21
2, 105316, 36558801, 36809490
170, 1, 21
1, 28840, 37298433, 37553890
171, 1, 21
3, 89404, 36236890, 36490202
172, 1, 21
2, 118294, 36809490, 37063716
173, 1, 21
3, 86520, 36490202, 36741274
174, 1, 21
1, 37492, 37553890, 37873804
175, 1, 21
2, 139924, 37063716, 37376273
176, 1, 21
3, 80752, 36741274, 36993075
177, 1, 21
1, 44702, 37873804, 38267733
178, 1, 21
3, 74984, 36993075, 37246195
179, 1, 21
2, 209165, 37376273, 37868057
180, 1, 21
3, 87962, 37246195, 37561968
181, 1, 21
2, 111059, 37868057, 38154149
182, 1, 21
3, 79310, 37561968, 37813245
183, 1, 21
2, 106733, 38154149, 38404685
184, 1, 21
1, 85078, 38267733, 39035898
185, 1, 21
2, 43285, 38404685, 38665102
186, 1, 21
1, 28840, 39035898, 39291632
187, 1, 21
2, 25981, 38665102, 38923090
188, 1, 21
1, 31724, 39291632, 39606021
189, 1, 21
2, 30307, 38923090, 39241437
190, 1, 21
1, 23072, 39606021, 39857550
191, 1, 21
1, 27398, 39857550, 40188591
192, 1, 21
2, 33216, 39241437, 39633866
193, 1, 21
1, 28840, 40188591, 40449467
194, 1, 21
1, 30282, 40449467, 40709097
195, 1, 21
2, 88012, 39633866, 40397976
196, 1, 21
1, 37492, 40709097, 41031081
197, 1, 21
3, 24514, 37813245, 40101532
198, 1, 21
1, 24514, 41031081, 41281838
199, 1, 21
2, 54871, 40397976, 40724972
200, 1, 21
3, 77868, 40101532, 40414698
201, 2, 21
2, 76451, 40724972, 40975989
1, 20188, 41281838, 41546012
202, 1, 21
2, 95172, 40975989, 41226702
203, 1, 21
1, 21630, 41546012, 41806358
204, 1, 21
3, 93730, 40414698, 40731087
205, 1, 21
2, 112526, 41226702, 41480013
206, 1, 21
3, 83636, 40731087, 40984576
207, 1, 21
1, 37492, 41806358, 42128323
208, 1, 21
2, 139924, 41480013, 41793336
209, 1, 21
3, 105266, 40984576, 41300466
210, 1, 21
1, 46144, 42128323, 42525644
211, 1, 21
2, 171648, 41793336, 42188744
212, 1, 21
3, 111034, 41300466, 41693550
213, 1, 21
2, 86545, 42188744, 42440348
214, 1, 21
1, 56238, 42525644, 43047688
215, 1, 21
3, 95172, 41693550, 42009254
216, 1, 21
2, 106758, 42440348, 42695662
217, 1, 21
1, 28840, 43047688, 43304773
218, 1, 21
2, 112501, 42695662, 42946374
219, 1, 21
3, 128338, 42009254, 42402410
220, 1, 21
1, 37492, 43304773, 43628375
221, 1, 21
2, 112526, 42946374, 43197029
222, 1, 21
1, 44702, 43628375, 44026060
223, 1, 21
2, 118269, 43197029, 43500265
224, 1, 21
3, 168714, 42402410, 42961382
225, 1, 21
1, 25956, 44026060, 44278910
226, 1, 21
2, 95222, 43500265, 43825361
227, 1, 21
2, 23072, 43825361, 44083570
228, 1, 21
1, 38934, 44278910, 44678595
229, 1, 21
1, 24514, 44678595, 44939009
230, 1, 21
2, 31774, 44083570, 44404214
231, 1, 21
1, 25956, 44939009, 45211736
232, 1, 21
2, 34633, 44404214, 44823458
233, 1, 21
1, 20188, 45211736, 45471981
234, 1, 21
2, 27423, 44823458, 45143936
235, 1, 21
1, 25956, 45471981, 45791873
236, 1, 21
1, 17304, 45791873, 46044478
237, 1, 21
2, 28890, 45143936, 45562297
238, 1, 21
1, 21630, 46044478, 46327038
239, 1, 21
1, 31724, 46327038, 46650946
240, 1, 21
2, 51962, 45562297, 46116813
241, 1, 21
1, 30282, 46650946, 46911122
242, 1, 21
2, 36075, 46116813, 46439945
243, 1, 21
1, 44702, 46911122, 47305073
244, 1, 21
2, 46169, 46439945, 46834975
245, 1, 21
1, 72100, 47305073, 47925479
246, 1, 21
2, 90871, 46834975, 47606914
247, 2, 21
2, 60564, 47606914, 48167091
1, 90846, 47925479, 48737196
248, 2, 21
2, 28840, 48167091, 48493616
1, 28840, 48737196, 49064140
249, 2, 21
2, 17304, 48493616, 48771884
1, 17304, 49064140, 49341533
250, 2, 21
2, 27398, 48771884, 49028071
1, 27398, 49341533, 49597743
251, 2, 21
2, 28840, 49028071, 49350838
1, 28840, 49597743, 49920697
252, 2, 21
2, 17304, 49350838, 49605378
1, 17304, 49920697, 50175041
253, 2, 21
2, 17304, 49605378, 49873939
1, 17304, 50175041, 50443576
254, 2, 21
2, 25956, 49873939, 50126374
1, 25956, 50443576, 50696051
255, 2, 21
2, 23072, 50126374, 50439144
1, 23072, 50696051, 51008690
256, 2, 21
2, 50470, 50439144, 50930468
1, 50470, 51008690, 51501005
257, 2, 21
2, 30282, 50930468, 51189296
1, 30282, 51501005, 51758591
258, 2, 21
2, 37492, 51189296, 51502511
1, 37492, 51758591, 52073030
259, 2, 21
2, 57680, 51502511, 51997761
1, 57680, 52073030, 52567167
260, 1, 21
3, 54796, 42961382, 52860722
261, 1, 21
2, 253817, 51997761, 53612607
262, 1, 21
3, 85078, 52860722, 53113228
263, 1, 21
2, 113943, 53612607, 53864110
264, 1, 21
3, 98056, 53113228, 53426162
265, 1, 21
2, 105291, 53864110, 54115827
266, 1, 21
2, 116802, 54115827, 54367403
267, 1, 21
3, 131222, 53426162, 53819469
268, 1, 21
3, 89404, 53819469, 54071605
269, 1, 21
2, 148576, 54367403, 54681264
270, 1, 21
3, 136990, 54071605, 54463099
271, 1, 21
2, 181717, 54681264, 55076075
272, 1, 21
3, 76426, 54463099, 54715321
273, 1, 21
2, 108175, 55076075, 55326233
274, 1, 21
3, 85078, 54715321, 54967012
275, 1, 21
2, 168739, 55326233, 55720432
276, 1, 21
3, 74984, 54967012, 55217993
277, 1, 21
3, 105266, 55217993, 55530719
278, 1, 21
2, 279798, 55720432, 56332516
279, 1, 21
3, 86520, 55530719, 55781618
280, 1, 21
3, 105266, 55781618, 56097093
281, 1, 21
3, 165830, 56097093, 56585921
282, 1, 21
3, 102382, 56585921, 56901543
283, 1, 21
3, 95172, 56901543, 57218229
284, 1, 21
3, 70658, 57218229, 57473354
285, 1, 21
3, 86520, 57473354, 57726540
286, 1, 21
3, 106708, 57726540, 58039208
287, 1, 21
2, 1065838, 56332516, 58920057
288, 1, 21
2, 36050, 58920057, 59244074
289, 1, 21
2, 43260, 59244074, 59641974
290, 1, 21
2, 86520, 59641974, 60415530
291, 1, 21
1, 1160810, 52567167, 62573969
292, 1, 21
1, 34608, 62573969, 62904123
293, 1, 21
1, 34608, 62904123, 63226709
294, 1, 21
1, 41818, 63226709, 63627958
295, 1, 21
1, 82194, 63627958, 64400604
