0, 1, 21
1, 211974, 5180297, 7183233
1, 1, 21
2, 213441, 4617317, 6628937
2, 2, 21
2, 222068, 6628937, 14746285
1, 223510, 7183233, 15312820
3, 1, 21
2, 243698, 14746285, 16750844
4, 1, 21
1, 224952, 15312820, 17319701
5, 1, 21
3, 276864, 16031051, 18032971
6, 1, 21
2, 517728, 16750844, 18752110
7, 1, 21
1, 259560, 17319701, 19390754
8, 1, 21
3, 266770, 18032971, 20037105
9, 1, 21
2, 726818, 18752110, 20755749
10, 1, 21
1, 462882, 19390754, 21395183
11, 1, 21
2, 594129, 20755749, 22764627
12, 1, 21
1, 461440, 21395183, 23396051
13, 1, 21
2, 494631, 22764627, 24769035
14, 1, 21
1, 498932, 23396051, 25396409
15, 1, 21
3, 144200, 20037105, 26981799
16, 1, 21
2, 833526, 24769035, 27810464
17, 1, 21
3, 266770, 26981799, 28985624
18, 1, 21
2, 746981, 27810464, 29812587
19, 1, 21
1, 1387204, 25396409, 31443621
20, 1, 21
3, 295610, 28985624, 30988970
21, 1, 21
2, 533590, 29812587, 31815321
22, 1, 21
1, 190344, 31443621, 33448297
23, 1, 21
2, 219209, 31815321, 33821400
24, 1, 21
3, 115360, 30988970, 34008316
25, 1, 21
1, 167272, 33448297, 35462240
26, 1, 21
2, 493214, 33821400, 35822930
27, 1, 21
3, 559496, 34008316, 36008901
28, 1, 21
1, 203322, 35462240, 37484759
29, 1, 21
2, 798918, 35822930, 37823137
30, 1, 21
2, 200438, 37823137, 39849420
31, 1, 21
3, 323008, 36008901, 39323111
32, 1, 21
2, 790241, 39849420, 41850242
33, 1, 21
3, 911344, 39323111, 42332176
34, 1, 21
2, 546543, 41850242, 43867088
35, 1, 21
1, 726768, 37484759, 44538495
36, 1, 21
2, 191811, 43867088, 45874664
37, 1, 21
1, 197554, 44538495, 46562847
38, 1, 21
1, 206206, 46562847, 48607980
39, 1, 21
1, 175924, 48607980, 50609656
40, 1, 21
1, 236488, 50609656, 52614738
41, 1, 21
3, 7210, 42332176, 52098051
42, 1, 21
2, 820623, 45874664, 52937344
43, 1, 21
3, 697928, 52098051, 54099053
44, 1, 21
2, 1851553, 52937344, 56945471
45, 1, 21
2, 493164, 56945471, 58947863
46, 1, 21
1, 1147832, 52614738, 62622138
