0, 2, 21
2, 72100, 4559126, 5305050
1, 72104, 5134513, 5882772
1, 2, 21
2, 144200, 5305050, 6597592
1, 144204, 5882772, 7175709
2, 2, 21
2, 144200, 6597592, 7884112
1, 144204, 7175709, 8462215
3, 2, 21
2, 217742, 7884112, 15945697
1, 217746, 8462215, 16523259
4, 2, 21
2, 85078, 15945697, 16603307
1, 72104, 16523259, 17180715
5, 2, 21
2, 82194, 16603307, 16913273
1, 36054, 17180715, 17490873
6, 2, 21
2, 43260, 16913273, 17073792
1, 18750, 17490873, 17651195
7, 2, 21
2, 23072, 17073792, 17161340
1, 10098, 17651195, 17738939
8, 2, 21
2, 340312, 17161340, 18563572
1, 152856, 17738939, 19141148
9, 2, 21
2, 265328, 18563572, 19228432
1, 167276, 19141148, 19805998
10, 2, 21
2, 132664, 19228432, 19549861
1, 83640, 19805998, 20127370
11, 2, 21
2, 69216, 19549861, 19718129
1, 41822, 20127370, 20295713
12, 2, 21
2, 487396, 19718129, 21165766
1, 312918, 20295713, 21743289
13, 2, 21
2, 217742, 21165766, 21807776
1, 164392, 21743289, 22385487
14, 2, 21
2, 85078, 21807776, 22248837
1, 85082, 22385487, 22826361
15, 2, 21
2, 44702, 22248837, 22421228
1, 44706, 22826361, 22998768
16, 2, 21
2, 23072, 22421228, 22516687
1, 24518, 22998768, 23094448
17, 2, 21
2, 328776, 22516687, 24000373
1, 327338, 23094448, 24578122
18, 2, 21
2, 328776, 24000373, 25221031
1, 328780, 24578122, 25798689
19, 2, 21
2, 164388, 25221031, 25839760
1, 164392, 25798689, 26417431
20, 2, 21
2, 327334, 25839760, 27083089
1, 327338, 26417431, 27660717
21, 2, 21
2, 448462, 27083089, 28390821
1, 320128, 27660717, 28968522
22, 2, 21
2, 255234, 28390821, 29029359
1, 162950, 28968522, 29607188
23, 2, 21
2, 124012, 29029359, 29337566
1, 80756, 29607188, 29915351
24, 2, 21
2, 377804, 29337566, 30554364
1, 197558, 29915351, 31132243
25, 2, 21
2, 162946, 30554364, 31165951
1, 72104, 31132243, 31743899
26, 2, 21
2, 80752, 31165951, 31472120
1, 36054, 31743899, 32049558
27, 2, 21
2, 240814, 31472120, 33331994
1, 144204, 32049558, 33909292
28, 2, 21
2, 72100, 33331994, 34280492
1, 72104, 33909292, 34857809
29, 2, 21
2, 103824, 34280492, 34586487
1, 36054, 34857809, 35164425
30, 2, 21
2, 79310, 34586487, 34757475
1, 18750, 35164425, 35334513
31, 2, 21
2, 38934, 34757475, 34841963
1, 10098, 35334513, 35419854
32, 2, 21
2, 8652, 34841963, 34890348
1, 5772, 35419854, 35468185
33, 2, 21
2, 555170, 34890348, 36375433
1, 144204, 35468185, 36953116
34, 2, 21
2, 262444, 36375433, 37029028
1, 72104, 36953116, 37605920
35, 2, 21
2, 141316, 37029028, 37354513
1, 36054, 37605920, 37931469
36, 2, 21
2, 155736, 37354513, 38803484
1, 144204, 37931469, 39381036
37, 2, 21
2, 72100, 38803484, 39424451
1, 72104, 39381036, 40002188
38, 2, 21
2, 526330, 39424451, 40868253
1, 144204, 40002188, 41445420
39, 2, 21
2, 263886, 40868253, 41536850
1, 72104, 41445420, 42114042
40, 2, 21
2, 135548, 41536850, 41849165
1, 36054, 42114042, 42426664
41, 2, 21
2, 73542, 41849165, 42009960
1, 18750, 42426664, 42587476
42, 2, 21
2, 334544, 42009960, 43409249
1, 144204, 42587476, 43986785
43, 2, 21
2, 72100, 43409249, 44360231
1, 72104, 43986785, 44937824
44, 2, 21
2, 36050, 44360231, 44812410
1, 36054, 44937824, 45389996
45, 2, 21
2, 144200, 44812410, 46072406
1, 144204, 45389996, 46650022
46, 2, 21
2, 72100, 46072406, 46675521
1, 72104, 46650022, 47252810
47, 2, 21
2, 144200, 46675521, 48263602
1, 144204, 47252810, 48841170
48, 2, 21
2, 144200, 48263602, 49927891
1, 144204, 48841170, 50505324
49, 2, 21
2, 144200, 49927891, 51147584
1, 144204, 50505324, 51725112
50, 2, 21
2, 72100, 51147584, 51760781
1, 72104, 51725112, 52335630
51, 2, 21
2, 350406, 51760781, 52995255
1, 144204, 52335630, 53572660
52, 2, 21
2, 295610, 52995255, 53600791
1, 72104, 53572660, 54177641
53, 2, 21
2, 145642, 53600791, 53905878
1, 36054, 54177641, 54483536
54, 2, 21
2, 562380, 53905878, 55140316
1, 144204, 54483536, 55717308
55, 2, 21
2, 532098, 55140316, 56351921
1, 144204, 55717308, 56929330
56, 2, 21
2, 526330, 56351921, 57577128
1, 144204, 56929330, 58154954
57, 2, 21
2, 144200, 57577128, 58884634
1, 144204, 58154954, 59462221
58, 2, 21
2, 72100, 58884634, 59528185
1, 72104, 59462221, 60105727
59, 2, 21
2, 144200, 59528185, 60779644
1, 144204, 60105727, 61357542
60, 2, 21
2, 144200, 60779644, 62141759
1, 144204, 61357542, 62719801
61, 2, 21
2, 144200, 62141759, 63471986
1, 144204, 62719801, 64050011
