0, 2, 21
2, 213416, 4463016, 6474160
1, 213416, 5067837, 7078705
1, 2, 21
2, 222068, 6474160, 14588424
1, 222068, 7078705, 15192959
2, 1, 21
2, 242256, 14588424, 16589183
3, 1, 21
1, 224952, 15192959, 17199700
4, 1, 21
3, 279748, 15899024, 17903151
5, 1, 21
2, 509076, 16589183, 18590324
6, 1, 21
1, 233604, 17199700, 19204685
7, 1, 21
3, 266770, 17903151, 19906581
8, 1, 21
2, 722492, 18590324, 20592438
9, 1, 21
1, 464324, 19204685, 21210581
10, 1, 21
2, 595571, 20592438, 22596481
11, 1, 21
1, 462882, 21210581, 23225519
12, 1, 21
2, 490305, 22596481, 24598187
13, 1, 21
1, 493164, 23225519, 25225932
14, 1, 21
2, 533565, 24598187, 26599097
15, 1, 21
1, 533540, 25225932, 27227344
16, 1, 21
3, 141316, 19906581, 26833098
17, 1, 21
2, 664812, 26599097, 28602550
18, 1, 21
1, 503258, 27227344, 29232893
19, 1, 21
3, 276864, 26833098, 28833800
20, 1, 21
2, 661928, 28602550, 30603804
21, 1, 21
1, 369152, 29232893, 31237512
22, 1, 21
3, 294168, 28833800, 30837615
23, 2, 21
2, 423998, 30603804, 32662381
1, 194670, 31237512, 33266951
24, 1, 21
3, 106708, 30837615, 33800088
25, 1, 21
2, 259585, 32662381, 34663134
26, 1, 21
1, 164388, 33266951, 35271617
27, 1, 21
3, 576800, 33800088, 35801539
28, 1, 21
2, 770078, 34663134, 36665098
29, 1, 21
1, 203322, 35271617, 37283938
30, 1, 21
2, 423973, 36665098, 38667462
31, 1, 21
1, 206206, 37283938, 39295695
32, 1, 21
3, 305704, 35801539, 39029738
33, 1, 21
2, 526380, 38667462, 40671526
34, 1, 21
1, 209090, 39295695, 41298128
35, 1, 21
3, 595546, 39029738, 41030644
36, 1, 21
2, 823432, 40671526, 42676464
37, 1, 21
1, 222068, 41298128, 43307150
38, 1, 21
2, 165855, 42676464, 44684317
39, 1, 21
1, 165830, 43307150, 45315858
40, 1, 21
2, 232187, 44684317, 46685291
41, 1, 21
1, 232162, 45315858, 47317428
42, 1, 21
2, 167297, 46685291, 48694522
43, 1, 21
1, 167272, 47317428, 49325732
44, 1, 21
2, 211999, 48694522, 50700091
45, 1, 21
1, 211974, 49325732, 51328991
46, 1, 21
3, 323008, 41030644, 51788594
47, 1, 21
2, 346130, 50700091, 52701344
48, 1, 21
1, 235046, 51328991, 53334404
49, 1, 21
3, 697928, 51788594, 53790421
50, 1, 21
2, 937350, 52701344, 54705217
51, 1, 21
1, 235046, 53334404, 55342010
52, 1, 21
3, 684950, 53790421, 55792726
53, 1, 21
2, 914278, 54705217, 56705535
54, 1, 21
1, 237930, 55342010, 57347207
55, 1, 21
2, 465791, 56705535, 58714169
56, 1, 21
1, 227836, 57347207, 59359832
57, 1, 21
2, 229303, 58714169, 60725540
58, 1, 21
1, 229278, 59359832, 61372331
59, 1, 21
2, 213441, 60725540, 62730427
60, 1, 21
1, 213416, 61372331, 63376343
