0, 2, 21
2, 72100, 5539667, 6293426
1, 72104, 6097322, 6850668
1, 2, 21
2, 144200, 6293426, 7591131
1, 144204, 6850668, 8148743
2, 2, 21
2, 144200, 7591131, 8899928
1, 144204, 8148743, 9457533
3, 2, 21
2, 217742, 8899928, 16974509
1, 217746, 9457533, 17531985
4, 2, 21
2, 87962, 16974509, 17641794
1, 72104, 17531985, 18199337
5, 2, 21
2, 82194, 17641794, 17961760
1, 36054, 18199337, 18519140
6, 2, 21
2, 43260, 17961760, 18122595
1, 18750, 18519140, 18680175
7, 2, 21
2, 23072, 18122595, 18211161
1, 10098, 18680175, 18768183
8, 2, 21
2, 344638, 18211161, 19619056
1, 144204, 18768183, 20174137
9, 2, 21
2, 278306, 19619056, 20308798
1, 72104, 20174137, 20866283
10, 2, 21
2, 138432, 20308798, 20653555
1, 36054, 20866283, 21210456
11, 2, 21
2, 72100, 20653555, 20831082
1, 18750, 21210456, 21388474
12, 2, 21
2, 497490, 20831082, 22323392
1, 144204, 21388474, 22880529
13, 2, 21
2, 186018, 22323392, 22970248
1, 72104, 22880529, 23526589
14, 2, 21
2, 89404, 22970248, 23429403
1, 36054, 23526589, 23986260
15, 2, 21
2, 44702, 23429403, 23619769
1, 18750, 23986260, 24176888
16, 2, 21
2, 17304, 23619769, 23725030
1, 10098, 24176888, 24281773
17, 2, 21
2, 341754, 23725030, 25347346
1, 144204, 24281773, 25904303
18, 2, 21
2, 334544, 25347346, 26695319
1, 144204, 25904303, 27251650
19, 2, 21
2, 160062, 26695319, 27321201
1, 72104, 27251650, 27877741
20, 2, 21
2, 325892, 27321201, 28585341
1, 144204, 27877741, 29142420
21, 2, 21
2, 493164, 28585341, 29905756
1, 144204, 29142420, 30462567
22, 2, 21
2, 252350, 29905756, 30548542
1, 72104, 30462567, 31105687
23, 2, 21
2, 125454, 30548542, 30863229
1, 36054, 31105687, 31420427
24, 2, 21
2, 366268, 30863229, 32106566
1, 144204, 31420427, 32662372
25, 2, 21
2, 162946, 32106566, 32723306
1, 72104, 32662372, 33279974
26, 2, 21
2, 72100, 32723306, 33030027
1, 36054, 33279974, 33587260
27, 2, 21
2, 197554, 33030027, 34891121
1, 144204, 33587260, 35447847
28, 2, 21
2, 149968, 34891121, 35839550
1, 72104, 35447847, 36396903
29, 2, 21
2, 122570, 35839550, 36146787
1, 36054, 36396903, 36703470
30, 2, 21
2, 63448, 36146787, 36317119
1, 18750, 36703470, 36873546
31, 2, 21
2, 30282, 36317119, 36401634
1, 10098, 36873546, 36958938
32, 2, 21
2, 12978, 36401634, 36450708
1, 5772, 36958938, 37007222
33, 2, 21
2, 584010, 36450708, 37936146
1, 144204, 37007222, 38493503
34, 2, 21
2, 269654, 37936146, 38596566
1, 72104, 38493503, 39152904
35, 2, 21
2, 44702, 38596566, 38923577
1, 36054, 39152904, 39480503
36, 2, 21
2, 144200, 38923577, 40373772
1, 144204, 39480503, 40930998
37, 2, 21
2, 124012, 40373772, 40995561
1, 72104, 40930998, 41552903
38, 2, 21
2, 565264, 40995561, 42440610
1, 144204, 41552903, 42997120
39, 2, 21
2, 281190, 42440610, 43109858
1, 72104, 42997120, 43666355
40, 2, 21
2, 139874, 43109858, 43422710
1, 36054, 43666355, 43979049
41, 2, 21
2, 63448, 43422710, 43582498
1, 18750, 43979049, 44139816
42, 2, 21
2, 232162, 43582498, 44982133
1, 144204, 44139816, 45539527
43, 2, 21
2, 72100, 44982133, 45933722
1, 72104, 45539527, 46490974
44, 2, 21
2, 36050, 45933722, 46385756
1, 36054, 46490974, 46943094
45, 2, 21
2, 144200, 46385756, 47650455
1, 144204, 46943094, 48207927
46, 2, 21
2, 72100, 47650455, 48254118
1, 72104, 48207927, 48811098
47, 2, 21
2, 144200, 48254118, 49846243
1, 144204, 48811098, 50401798
48, 2, 21
2, 144200, 49846243, 51515280
1, 144204, 50401798, 52072685
49, 2, 21
2, 145642, 51515280, 52749720
1, 144204, 52072685, 53293840
50, 2, 21
2, 70658, 52749720, 53348711
1, 70662, 53293840, 53904933
51, 2, 21
2, 477302, 53348711, 54586953
1, 144204, 53904933, 55144140
52, 2, 21
2, 291284, 54586953, 55191796
1, 72104, 55144140, 55749037
53, 2, 21
2, 141316, 55191796, 55498566
1, 36054, 55749037, 56055483
54, 2, 21
2, 569590, 55498566, 56732733
1, 144204, 56055483, 57289112
55, 2, 21
2, 547960, 56732733, 57943973
1, 144204, 57289112, 58501304
56, 2, 21
2, 385014, 57943973, 59169901
1, 144204, 58501304, 59727444
57, 2, 21
2, 144200, 59169901, 60478395
1, 144204, 59727444, 61035857
58, 2, 21
2, 72100, 60478395, 61121999
1, 72104, 61035857, 61679603
59, 2, 21
2, 144200, 61121999, 62374729
1, 144204, 61679603, 62932240
60, 2, 21
2, 144200, 62374729, 63737518
1, 144204, 62932240, 64294996
61, 2, 21
2, 144200, 63737518, 65068258
1, 144204, 64294996, 65625271
