0, 2, 21
2, 27398, 5565990, 5820593
1, 27398, 6128160, 6382673
1, 2, 21
2, 27398, 5820593, 6125440
1, 27398, 6382673, 6687448
2, 2, 21
2, 25956, 6125440, 6387209
1, 25956, 6687448, 6948998
3, 2, 21
2, 28840, 6387209, 6639849
1, 28840, 6948998, 7201907
4, 2, 21
2, 28840, 6639849, 6896525
1, 28840, 7201907, 7458291
5, 2, 21
2, 28840, 6896525, 7152861
1, 28840, 7458291, 7714949
6, 2, 21
2, 27398, 7152861, 7412402
1, 27398, 7714949, 7965270
7, 2, 21
2, 28840, 7412402, 7665340
1, 28840, 7965270, 8227428
8, 2, 21
2, 27398, 7665340, 7918265
1, 27398, 8227428, 8479731
9, 2, 21
2, 28840, 7918265, 8181411
1, 28840, 8479731, 8743442
10, 2, 21
2, 28840, 8181411, 8442224
1, 28840, 8743442, 9004023
11, 2, 21
2, 30282, 8442224, 8703098
1, 30282, 9004023, 9264772
12, 2, 21
2, 28840, 8703098, 8964057
1, 28840, 9264772, 9526077
13, 2, 21
2, 28840, 8964057, 9228385
1, 28840, 9526077, 9789872
14, 2, 21
2, 28840, 9228385, 9488053
1, 28840, 9789872, 10049827
15, 2, 21
2, 10094, 9488053, 15695292
1, 10094, 10049827, 16257154
16, 2, 21
2, 27398, 15695292, 15952606
1, 27398, 16257154, 16514464
17, 2, 21
2, 27398, 15952606, 16202671
1, 27398, 16514464, 16764748
18, 2, 21
2, 30282, 16202671, 16458943
1, 30282, 16764748, 17020909
19, 2, 21
2, 30282, 16458943, 16718961
1, 30282, 17020909, 17280822
20, 2, 21
2, 28840, 16718961, 16971301
1, 28840, 17280822, 17533027
21, 2, 21
2, 28840, 16971301, 17235794
1, 28840, 17533027, 17797762
22, 2, 21
2, 27398, 17235794, 17491795
1, 27398, 17797762, 18053723
23, 1, 21
2, 63448, 17491795, 17749357
24, 1, 21
1, 30282, 18053723, 18315027
25, 1, 21
3, 38934, 16984308, 17235492
26, 1, 21
2, 67824, 17749357, 18001717
27, 1, 21
1, 30282, 18315027, 18577139
28, 1, 21
3, 38934, 17235492, 17493620
29, 1, 21
2, 66382, 18001717, 18263357
30, 1, 21
1, 30282, 18577139, 18838242
31, 1, 21
3, 36050, 17493620, 17748237
32, 1, 21
2, 60614, 18263357, 18530613
33, 1, 21
1, 28840, 18838242, 19094946
34, 1, 21
3, 28840, 17748237, 18056382
35, 1, 21
2, 40426, 18530613, 18788503
36, 1, 21
1, 18746, 19094946, 19352241
37, 1, 21
3, 30282, 18056382, 18312702
38, 1, 21
2, 63498, 18788503, 19039882
39, 1, 21
1, 24514, 19352241, 19607018
40, 1, 21
3, 40376, 18312702, 18568376
41, 1, 21
2, 67824, 19039882, 19299285
42, 1, 21
1, 27398, 19607018, 19861316
43, 1, 21
3, 40376, 18568376, 18826927
44, 1, 21
2, 69241, 19299285, 19549494
45, 1, 21
1, 27398, 19861316, 20113831
46, 1, 21
3, 40376, 18826927, 19084792
47, 1, 21
4, 40376, 18431780, 18688930
48, 1, 21
2, 105341, 19549494, 19803034
49, 1, 21
1, 28840, 20113831, 20369967
50, 1, 21
3, 38934, 19084792, 19345599
51, 1, 21
4, 36050, 18688930, 18944025
52, 1, 21
2, 101015, 19803034, 20057155
53, 1, 21
1, 30282, 20369967, 20631695
54, 1, 21
3, 36050, 19345599, 19597264
55, 1, 21
4, 40376, 18944025, 19200970
56, 1, 21
2, 102457, 20057155, 20308291
57, 1, 21
1, 25956, 20631695, 20890693
58, 1, 21
3, 37492, 19597264, 19853815
59, 1, 21
4, 38934, 19200970, 19453119
60, 1, 21
2, 105341, 20308291, 20560964
61, 1, 21
1, 28840, 20890693, 21151320
62, 1, 21
3, 38934, 19853815, 20108635
63, 1, 21
4, 37492, 19453119, 19704292
64, 1, 21
2, 102457, 20560964, 20811690
65, 1, 21
1, 28840, 21151320, 21409293
66, 1, 21
3, 37492, 20108635, 20360526
67, 2, 21
2, 82244, 20811690, 21068310
4, 27398, 19704292, 19969656
68, 1, 21
1, 28840, 21409293, 21662903
69, 1, 21
3, 23072, 20360526, 20616919
70, 1, 21
2, 60614, 21068310, 21320922
71, 1, 21
4, 18746, 19969656, 20236388
72, 1, 21
1, 21630, 21662903, 21916684
73, 1, 21
3, 20188, 20616919, 20875060
74, 1, 21
2, 77943, 21320922, 21572846
75, 1, 21
4, 31724, 20236388, 20494625
76, 1, 21
1, 18746, 21916684, 22172958
77, 1, 21
3, 31724, 20875060, 21133775
78, 1, 21
2, 93805, 21572846, 21825247
79, 1, 21
4, 38934, 20494625, 20747359
80, 1, 21
1, 24514, 22172958, 22427187
81, 1, 21
3, 38934, 21133775, 21391403
82, 1, 21
2, 108225, 21825247, 22078574
83, 1, 21
4, 37492, 20747359, 20997744
84, 1, 21
1, 30282, 22427187, 22684403
85, 1, 21
3, 37492, 21391403, 21647848
86, 1, 21
2, 103899, 22078574, 22332219
87, 1, 21
4, 37492, 20997744, 21247910
88, 1, 21
1, 28840, 22684403, 22941688
89, 1, 21
3, 37492, 21647848, 21904275
90, 1, 21
2, 96689, 22332219, 22584683
91, 1, 21
4, 37492, 21247910, 21503606
92, 1, 21
1, 27398, 22941688, 23194576
93, 1, 21
2, 56288, 22584683, 22842098
94, 1, 21
4, 27398, 21503606, 21762711
95, 1, 21
1, 30282, 23194576, 23458094
96, 1, 21
2, 50520, 22842098, 23093821
97, 1, 21
4, 33166, 21762711, 22013393
98, 1, 21
1, 18746, 23458094, 23725905
99, 1, 21
2, 62056, 23093821, 23348862
100, 1, 21
4, 37492, 22013393, 22268788
101, 1, 21
1, 25956, 23725905, 23985842
102, 1, 21
2, 47636, 23348862, 23603743
103, 1, 21
4, 18746, 22268788, 22522812
104, 1, 21
1, 27398, 23985842, 24260197
105, 2, 21
2, 46194, 23603743, 23877050
4, 28840, 22522812, 22777093
106, 1, 21
1, 15862, 24260197, 24520959
107, 2, 21
2, 53379, 23877050, 24130954
4, 30282, 22777093, 23032393
108, 1, 21
1, 21630, 24520959, 24778533
109, 2, 21
2, 60589, 24130954, 24388578
4, 37492, 23032393, 23289832
110, 1, 21
1, 25956, 24778533, 25030840
111, 2, 21
2, 64915, 24388578, 24644756
4, 37492, 23289832, 23546294
112, 1, 21
1, 25956, 25030840, 25293814
113, 2, 21
2, 63473, 24644756, 24897991
4, 37492, 23546294, 23799493
114, 1, 21
1, 27398, 25293814, 25547002
115, 1, 21
2, 64915, 24897991, 25148482
116, 1, 21
4, 37492, 23799493, 24055103
117, 1, 21
1, 30282, 25547002, 25808357
118, 1, 21
2, 66382, 25148482, 25402422
119, 1, 21
4, 36050, 24055103, 24307975
120, 1, 21
1, 30282, 25808357, 26062591
121, 1, 21
2, 69266, 25402422, 25655802
122, 1, 21
4, 40376, 24307975, 24567949
123, 1, 21
1, 30282, 26062591, 26324590
124, 1, 21
2, 67824, 25655802, 25906640
125, 1, 21
4, 40376, 24567949, 24826390
126, 1, 21
1, 30282, 26324590, 26582444
127, 1, 21
2, 70708, 25906640, 26161016
128, 1, 21
4, 40376, 24826390, 25081166
129, 1, 21
1, 30282, 26582444, 26838398
130, 1, 21
2, 67824, 26161016, 26412316
131, 1, 21
4, 37492, 25081166, 25332286
132, 1, 21
1, 30282, 26838398, 27094339
133, 1, 21
2, 66382, 26412316, 26668294
134, 1, 21
4, 37492, 25332286, 25588638
135, 1, 21
1, 28840, 27094339, 27356395
136, 1, 21
2, 64940, 26668294, 26919150
137, 1, 21
4, 36050, 25588638, 25843291
138, 1, 21
1, 28840, 27356395, 27616602
139, 1, 21
2, 63498, 26919150, 27172824
140, 1, 21
4, 37492, 25843291, 26095798
141, 1, 21
1, 27398, 27616602, 27874414
142, 1, 21
2, 66382, 27172824, 27428450
143, 1, 21
4, 38934, 26095798, 26352477
144, 1, 21
1, 28840, 27874414, 28128025
145, 1, 21
2, 67824, 27428450, 27682762
146, 1, 21
4, 37492, 26352477, 26605724
147, 1, 21
1, 28840, 28128025, 28384641
148, 1, 21
2, 64940, 27682762, 27934902
149, 1, 21
4, 37492, 26605724, 26861470
150, 1, 21
1, 30282, 28384641, 28644061
151, 1, 21
2, 67824, 27934902, 28194094
152, 1, 21
4, 37492, 26861470, 27121613
153, 1, 21
1, 28840, 28644061, 28894947
154, 1, 21
2, 63498, 28194094, 28445764
155, 1, 21
3, 15862, 21904275, 27933151
156, 1, 21
4, 36050, 27121613, 27383298
157, 1, 21
1, 27398, 28894947, 29146708
158, 1, 21
2, 95247, 28445764, 28703151
159, 1, 21
3, 36050, 27933151, 28196053
160, 1, 21
4, 34608, 27383298, 27642428
161, 1, 21
1, 27398, 29146708, 29397052
162, 1, 21
2, 80827, 28703151, 28955245
163, 1, 21
4, 30282, 27642428, 27897695
164, 1, 21
3, 27398, 28196053, 28454314
165, 1, 21
1, 28840, 29397052, 29648189
166, 1, 21
2, 102457, 28955245, 29206633
167, 1, 21
3, 38934, 28454314, 28705538
168, 1, 21
4, 38934, 27897695, 28155539
169, 1, 21
1, 23072, 29648189, 29907400
170, 1, 21
2, 93805, 29206633, 29456860
171, 1, 21
3, 33166, 28705538, 28957810
172, 1, 21
4, 34608, 28155539, 28412796
173, 1, 21
1, 28840, 29907400, 30169068
174, 1, 21
2, 99573, 29456860, 29711120
175, 1, 21
3, 40376, 28957810, 29216686
176, 1, 21
4, 36050, 28412796, 28666097
177, 1, 21
1, 27398, 30169068, 30432686
178, 1, 21
2, 98131, 29711120, 29961174
179, 1, 21
3, 37492, 29216686, 29473185
180, 1, 21
4, 37492, 28666097, 28919895
181, 1, 21
1, 27398, 30432686, 30691007
182, 1, 21
2, 102457, 29961174, 30214645
183, 1, 21
3, 37492, 29473185, 29730879
184, 1, 21
4, 37492, 28919895, 29180694
185, 1, 21
1, 30282, 30691007, 30948631
186, 1, 21
2, 101015, 30214645, 30465418
187, 1, 21
3, 36050, 29730879, 29988541
188, 1, 21
4, 36050, 29180694, 29437968
189, 1, 21
1, 28840, 30948631, 31208362
190, 1, 21
2, 80827, 30465418, 30717263
191, 1, 21
3, 37492, 29988541, 30238944
192, 1, 21
1, 30282, 31208362, 31464449
193, 1, 21
2, 69266, 30717263, 30974346
194, 1, 21
3, 37492, 30238944, 30490944
195, 1, 21
1, 30282, 31464449, 31718476
196, 1, 21
2, 66382, 30974346, 31230283
197, 1, 21
3, 37492, 30490944, 30752112
198, 1, 21
1, 28840, 31718476, 31970733
199, 1, 21
2, 64940, 31230283, 31481101
200, 1, 21
3, 38934, 30752112, 31008527
201, 1, 21
1, 30282, 31970733, 32228518
202, 1, 21
2, 66382, 31481101, 31735298
203, 1, 21
3, 37492, 31008527, 31267521
204, 1, 21
1, 30282, 32228518, 32486675
205, 1, 21
2, 67824, 31735298, 31988685
206, 1, 21
3, 38934, 31267521, 31524327
207, 1, 21
1, 30282, 32486675, 32747906
208, 1, 21
2, 66382, 31988685, 32239300
209, 1, 21
3, 36050, 31524327, 31780008
210, 1, 21
1, 28840, 32747906, 33000962
211, 1, 21
2, 66382, 32239300, 32493130
212, 1, 21
3, 38934, 31780008, 32030682
213, 1, 21
1, 28840, 33000962, 33256001
214, 1, 21
2, 63498, 32493130, 32743843
215, 1, 21
3, 31724, 32030682, 32303919
216, 1, 21
1, 30282, 33256001, 33510750
217, 1, 21
2, 60614, 32743843, 32998207
218, 1, 21
3, 36050, 32303919, 32557958
219, 1, 21
1, 28840, 33510750, 33770973
220, 1, 21
2, 57730, 32998207, 33259637
221, 1, 21
3, 15862, 32557958, 32813648
222, 1, 21
1, 27398, 33770973, 34028767
223, 1, 21
2, 33216, 33259637, 33521931
224, 2, 21
2, 17304, 33521931, 33777457
1, 23072, 34028767, 34339308
225, 2, 21
2, 5768, 33777457, 34065972
1, 5768, 34339308, 34614711
226, 1, 21
1, 18746, 34614711, 34875417
227, 1, 21
2, 20213, 34065972, 34325038
228, 2, 21
2, 12978, 34325038, 34576940
1, 14420, 34875417, 35138048
229, 2, 21
2, 21630, 34576940, 34830252
1, 21630, 35138048, 35391548
230, 2, 21
2, 14420, 34830252, 35081913
1, 14420, 35391548, 35643236
231, 2, 21
2, 18746, 35081913, 35342394
1, 18746, 35643236, 35904257
232, 1, 21
3, 4326, 32813648, 34876250
233, 1, 21
2, 79335, 35342394, 35592795
234, 1, 21
1, 23072, 35904257, 36154454
235, 1, 21
3, 83636, 34876250, 35129498
236, 1, 21
2, 121178, 35592795, 35845205
237, 1, 21
1, 30282, 36154454, 36410472
238, 1, 21
3, 80752, 35129498, 35432643
239, 1, 21
2, 77918, 35845205, 36098322
240, 1, 21
1, 28840, 36410472, 36668012
241, 1, 21
3, 67774, 35432643, 35685164
242, 1, 21
2, 79360, 36098322, 36351372
243, 1, 21
1, 30282, 36668012, 36992538
244, 1, 21
3, 28840, 35685164, 35942660
245, 1, 21
2, 66382, 36351372, 36602222
246, 1, 21
1, 25956, 36992538, 37248810
247, 1, 21
3, 82194, 35942660, 36196313
248, 1, 21
2, 106758, 36602222, 36854128
249, 1, 21
1, 12978, 37248810, 37502634
250, 1, 21
3, 90846, 36196313, 36450614
251, 1, 21
2, 112526, 36854128, 37107345
252, 1, 21
1, 28840, 37502634, 37758157
253, 1, 21
3, 86520, 36450614, 36702765
254, 1, 21
2, 112526, 37107345, 37359535
255, 1, 21
1, 30282, 37758157, 38014351
256, 1, 21
3, 80752, 36702765, 36953448
257, 1, 21
2, 112526, 37359535, 37613001
258, 1, 21
1, 28840, 38014351, 38270694
259, 1, 21
3, 74984, 36953448, 37206428
260, 1, 21
2, 105316, 37613001, 37869694
261, 1, 21
1, 28840, 38270694, 38525602
262, 1, 21
3, 70658, 37206428, 37459363
263, 1, 21
2, 93780, 37869694, 38120014
264, 1, 21
1, 27398, 38525602, 38776939
265, 1, 21
3, 79310, 37459363, 37709478
266, 1, 21
2, 109642, 38120014, 38371638
267, 1, 21
1, 27398, 38776939, 39032466
268, 1, 21
2, 47611, 38371638, 38630544
269, 1, 21
1, 30282, 39032466, 39294468
270, 1, 21
2, 30307, 38630544, 38894359
271, 1, 21
1, 28840, 39294468, 39547904
272, 1, 21
2, 25981, 38894359, 39154575
273, 1, 21
1, 25956, 39547904, 39811364
274, 1, 21
2, 24539, 39154575, 39416642
275, 1, 21
1, 23072, 39811364, 40063195
276, 1, 21
2, 24539, 39416642, 39670388
277, 1, 21
1, 21630, 40063195, 40321555
278, 1, 21
2, 21655, 39670388, 39928917
279, 1, 21
1, 25956, 40321555, 40583294
280, 1, 21
2, 28865, 39928917, 40184108
281, 1, 21
1, 30282, 40583294, 40842899
282, 1, 21
2, 30307, 40184108, 40440956
283, 1, 21
1, 30282, 40842899, 41099650
284, 1, 21
3, 56238, 37709478, 40104717
285, 1, 21
2, 44752, 40440956, 40694215
286, 1, 21
1, 27398, 41099650, 41352321
287, 1, 21
2, 87987, 40694215, 40953721
288, 1, 21
3, 77868, 40104717, 40418265
289, 1, 21
1, 21630, 41352321, 41649214
290, 1, 21
2, 90896, 40953721, 41203917
291, 1, 21
3, 74984, 40418265, 40671639
292, 1, 21
1, 28840, 41649214, 41977387
293, 1, 21
2, 105316, 41203917, 41455809
294, 1, 21
3, 83636, 40671639, 40925372
295, 1, 21
1, 30282, 41977387, 42239864
296, 1, 21
2, 108200, 41455809, 41709638
297, 1, 21
3, 82194, 40925372, 41179617
298, 1, 21
1, 30282, 42239864, 42496285
299, 1, 21
2, 112526, 41709638, 41961880
300, 1, 21
3, 82194, 41179617, 41430404
301, 1, 21
1, 28840, 42496285, 42746336
302, 1, 21
2, 102432, 41961880, 42211986
303, 1, 21
3, 70658, 41430404, 41699567
304, 1, 21
1, 30282, 42746336, 43004805
305, 1, 21
2, 95222, 42211986, 42464497
306, 1, 21
3, 76426, 41699567, 41953409
307, 1, 21
1, 24514, 43004805, 43256379
308, 1, 21
2, 103874, 42464497, 42718810
309, 1, 21
3, 79310, 41953409, 42205821
310, 1, 21
1, 28840, 43256379, 43513723
311, 1, 21
2, 115410, 42718810, 42973411
312, 1, 21
3, 83636, 42205821, 42455862
313, 1, 21
1, 28840, 43513723, 43764422
314, 1, 21
2, 111084, 42973411, 43223916
315, 1, 21
3, 82194, 42455862, 42708990
316, 1, 21
1, 30282, 43764422, 44023159
317, 1, 21
2, 95222, 43223916, 43474888
318, 1, 21
3, 67774, 42708990, 42960621
319, 1, 21
1, 27398, 44023159, 44274143
320, 1, 21
2, 96664, 43474888, 43736569
321, 1, 21
1, 25956, 44274143, 44526955
322, 1, 21
2, 25981, 43736569, 43991389
323, 1, 21
1, 27398, 44526955, 44784248
324, 1, 21
2, 25981, 43991389, 44257109
325, 1, 21
1, 20188, 44784248, 45039609
326, 1, 21
2, 23097, 44257109, 44515118
327, 1, 21
1, 28840, 45039609, 45302085
328, 1, 21
2, 27423, 44515118, 44767399
329, 2, 21
2, 18746, 44767399, 45041979
1, 21630, 45302085, 45603550
330, 2, 21
2, 20188, 45041979, 45293033
1, 20188, 45603550, 45854801
331, 2, 21
2, 23072, 45293033, 45564660
1, 23072, 45854801, 46126481
332, 2, 21
2, 17304, 45564660, 45823977
1, 17304, 46126481, 46385882
333, 2, 21
2, 18746, 45823977, 46080037
1, 18746, 46385882, 46641952
334, 2, 21
2, 28840, 46080037, 46337122
1, 28840, 46641952, 46898260
335, 1, 21
1, 28840, 46898260, 47148623
336, 1, 21
2, 30307, 46337122, 46598357
337, 1, 21
1, 28840, 47148623, 47405360
338, 1, 21
2, 28865, 46598357, 46855154
339, 1, 21
1, 30282, 47405360, 47665533
340, 1, 21
2, 30307, 46855154, 47115359
341, 1, 21
1, 30282, 47665533, 47925056
342, 1, 21
2, 30307, 47115359, 47378805
343, 1, 21
1, 30282, 47925056, 48184062
344, 1, 21
2, 30307, 47378805, 47633477
345, 1, 21
1, 30282, 48184062, 48436401
346, 1, 21
2, 30307, 47633477, 47885578
347, 1, 21
1, 30282, 48436401, 48695491
348, 1, 21
2, 30307, 47885578, 48153083
349, 1, 21
1, 24514, 48695491, 48947414
350, 1, 21
2, 25981, 48153083, 48409447
351, 1, 21
1, 23072, 48947414, 49199967
352, 1, 21
2, 23097, 48409447, 48665151
353, 2, 21
2, 15862, 48665151, 48916653
1, 18746, 49199967, 49478356
354, 2, 21
2, 24514, 48916653, 49169829
1, 24514, 49478356, 49731768
355, 2, 21
2, 24514, 49169829, 49434931
1, 24514, 49731768, 49996843
356, 2, 21
2, 21630, 49434931, 49702176
1, 21630, 49996843, 50264038
357, 2, 21
2, 15862, 49702176, 49955983
1, 15862, 50264038, 50517876
358, 2, 21
2, 21630, 49955983, 50214840
1, 21630, 50517876, 50776723
359, 2, 21
2, 23072, 50214840, 50497850
1, 23072, 50776723, 51059775
360, 2, 21
2, 23072, 50497850, 50758172
1, 23072, 51059775, 51319484
361, 2, 21
2, 24514, 50758172, 51016154
1, 24514, 51319484, 51578091
362, 2, 21
2, 30282, 51016154, 51273304
1, 30282, 51578091, 51835257
363, 2, 21
2, 30282, 51273304, 51528398
1, 30282, 51835257, 52090261
364, 2, 21
2, 30282, 51528398, 51782321
1, 30282, 52090261, 52344271
365, 2, 21
2, 30282, 51782321, 52037416
1, 30282, 52344271, 52598603
366, 2, 21
2, 30282, 52037416, 52295178
1, 30282, 52598603, 52856387
367, 2, 21
2, 30282, 52295178, 52553470
1, 30282, 52856387, 53115347
368, 2, 21
2, 30282, 52553470, 52810063
1, 30282, 53115347, 53371373
369, 2, 21
2, 30282, 52810063, 53063882
1, 30282, 53371373, 53625800
370, 2, 21
2, 28840, 53063882, 53317068
1, 28840, 53625800, 53878929
371, 1, 21
3, 57680, 42960621, 52867984
372, 1, 21
2, 83661, 53317068, 53568174
373, 1, 21
1, 30282, 53878929, 54136853
374, 1, 21
3, 85078, 52867984, 53119891
375, 1, 21
2, 111084, 53568174, 53821228
376, 1, 21
1, 30282, 54136853, 54397440
377, 1, 21
3, 82194, 53119891, 53373755
378, 1, 21
2, 111084, 53821228, 54071656
379, 1, 21
1, 30282, 54397440, 54654129
380, 1, 21
3, 85078, 53373755, 53626623
381, 1, 21
2, 121178, 54071656, 54322448
382, 1, 21
1, 30282, 54654129, 54914061
383, 1, 21
3, 93730, 53626623, 53879636
384, 1, 21
2, 122620, 54322448, 54572452
385, 1, 21
1, 30282, 54914061, 55169570
386, 1, 21
3, 90846, 53879636, 54132941
387, 1, 21
2, 121178, 54572452, 54823822
388, 1, 21
1, 30282, 55169570, 55423019
389, 1, 21
3, 95172, 54132941, 54384225
390, 1, 21
2, 112526, 54823822, 55074136
391, 1, 21
1, 30282, 55423019, 55678920
392, 1, 21
3, 85078, 54384225, 54644744
393, 1, 21
2, 121178, 55074136, 55324196
394, 1, 21
1, 30282, 55678920, 55932359
395, 1, 21
3, 90846, 54644744, 54898401
396, 1, 21
2, 115410, 55324196, 55578103
397, 1, 21
1, 30282, 55932359, 56190617
398, 1, 21
3, 85078, 54898401, 55151121
399, 1, 21
2, 116852, 55578103, 55830542
400, 1, 21
1, 30282, 56190617, 56452130
401, 1, 21
3, 89404, 55151121, 55402192
402, 1, 21
2, 118294, 55830542, 56081789
403, 1, 21
1, 28840, 56452130, 56710459
404, 1, 21
3, 87962, 55402192, 55653508
405, 1, 21
2, 113968, 56081789, 56333819
406, 1, 21
1, 30282, 56710459, 56962430
407, 1, 21
3, 86520, 55653508, 55906322
408, 1, 21
2, 116852, 56333819, 56586035
409, 1, 21
1, 30282, 56962430, 57216449
410, 1, 21
3, 85078, 55906322, 56159510
411, 1, 21
2, 116852, 56586035, 56839119
412, 1, 21
1, 30282, 57216449, 57468664
413, 1, 21
3, 87962, 56159510, 56411812
414, 1, 21
2, 119736, 56839119, 57093342
415, 1, 21
1, 30282, 57468664, 57724635
416, 1, 21
3, 82194, 56411812, 56663058
417, 1, 21
2, 111084, 57093342, 57344574
418, 1, 21
1, 30282, 57724635, 57978776
419, 1, 21
3, 83636, 56663058, 56914245
420, 1, 21
2, 111084, 57344574, 57595464
421, 1, 21
1, 30282, 57978776, 58234237
422, 1, 21
3, 79310, 56914245, 57166790
423, 1, 21
2, 112526, 57595464, 57846701
424, 1, 21
1, 30282, 58234237, 58494582
425, 1, 21
3, 87962, 57166790, 57419508
426, 1, 21
2, 118294, 57846701, 58098995
427, 1, 21
1, 30282, 58494582, 58751390
428, 1, 21
3, 89404, 57419508, 57671885
429, 1, 21
2, 119736, 58098995, 58353160
430, 1, 21
1, 30282, 58751390, 59002256
431, 1, 21
2, 57705, 58353160, 58608804
432, 1, 21
1, 30282, 59002256, 59255388
433, 1, 21
2, 30307, 58608804, 58867997
434, 1, 21
1, 28840, 59255388, 59515337
435, 1, 21
2, 27423, 58867997, 59125321
436, 1, 21
1, 28840, 59515337, 59776177
437, 1, 21
2, 28865, 59125321, 59384637
438, 1, 21
1, 28840, 59776177, 60036693
439, 1, 21
2, 28865, 59384637, 59645822
440, 1, 21
1, 27398, 60036693, 60290948
441, 1, 21
2, 27423, 59645822, 59899534
442, 1, 21
1, 28840, 60290948, 60552803
443, 1, 21
2, 28865, 59899534, 60154254
444, 1, 21
1, 28840, 60552803, 60809318
445, 1, 21
2, 28865, 60154254, 60415804
446, 1, 21
1, 28840, 60809318, 61069758
447, 1, 21
2, 28865, 60415804, 60669708
448, 1, 21
1, 28840, 61069758, 61322194
449, 1, 21
2, 28865, 60669708, 60923980
450, 1, 21
1, 28840, 61322194, 61574643
451, 1, 21
2, 28865, 60923980, 61177847
452, 1, 21
1, 28840, 61574643, 61825111
453, 1, 21
2, 30307, 61177847, 61438028
454, 1, 21
1, 28840, 61825111, 62078630
455, 1, 21
2, 28865, 61438028, 61689997
456, 1, 21
1, 30282, 62078630, 62336542
457, 1, 21
2, 30307, 61689997, 61946652
458, 1, 21
1, 28840, 62336542, 62586613
459, 1, 21
2, 28865, 61946652, 62206470
460, 1, 21
1, 28840, 62586613, 62844355
461, 1, 21
2, 27423, 62206470, 62462788
462, 1, 21
1, 25956, 62844355, 63097471
463, 1, 21
2, 27423, 62462788, 62722765
464, 1, 21
1, 27398, 63097471, 63354228
465, 1, 21
2, 27423, 62722765, 62983611
466, 1, 21
1, 27398, 63354228, 63616588
467, 1, 21
2, 27423, 62983611, 63239814
468, 1, 21
1, 27398, 63616588, 63877791
469, 1, 21
2, 25981, 63239814, 63492621
470, 1, 21
1, 27398, 63877791, 64134677
471, 1, 21
2, 27423, 63492621, 63748895
472, 1, 21
1, 27398, 64134677, 64394723
473, 1, 21
2, 27423, 63748895, 64001244
474, 1, 21
1, 28840, 64394723, 64655974
475, 1, 21
2, 27423, 64001244, 64256486
476, 1, 21
1, 27398, 64655974, 64909106
477, 1, 21
2, 28865, 64256486, 64514703
478, 1, 21
1, 27398, 64909106, 65160503
479, 1, 21
2, 27423, 64514703, 64770430
480, 1, 21
1, 28840, 65160503, 65417569
481, 1, 21
2, 30307, 64770430, 65030895
482, 1, 21
1, 28840, 65417569, 65673258
483, 1, 21
2, 27423, 65030895, 65283749
484, 1, 21
1, 28840, 65673258, 65934974
485, 1, 21
2, 28865, 65283749, 65539207
486, 1, 21
1, 28840, 65934974, 66193123
487, 1, 21
2, 28865, 65539207, 65800551
488, 1, 21
1, 28840, 66193123, 66450742
489, 1, 21
2, 27423, 65800551, 66051493
