0, 2, 21
2, 210532, 5505258, 7506100
1, 210532, 6082925, 8083711
1, 2, 21
2, 222068, 7506100, 9512059
1, 222068, 8083711, 10086151
2, 2, 21
2, 2884, 9512059, 15652210
1, 2884, 10086151, 16229667
3, 1, 21
2, 245140, 15652210, 17658750
4, 1, 21
1, 224952, 16229667, 18242701
5, 1, 21
3, 278306, 16956941, 18965555
6, 1, 21
2, 507634, 17658750, 19659794
7, 1, 21
1, 210532, 18242701, 20246859
8, 1, 21
4, 266770, 18410318, 20412349
9, 1, 21
3, 263886, 18965555, 20967756
10, 1, 21
2, 703771, 19659794, 21661863
11, 1, 21
1, 191786, 20246859, 22249743
12, 1, 21
4, 265328, 20412349, 22451692
13, 1, 21
2, 599922, 21661863, 23665981
14, 1, 21
1, 206206, 22249743, 24259607
15, 1, 21
4, 252350, 22451692, 24453143
16, 1, 21
2, 462932, 23665981, 25668628
17, 1, 21
1, 263886, 24259607, 26761553
18, 1, 21
4, 301378, 24453143, 26460595
19, 1, 21
2, 526380, 25668628, 27672136
20, 1, 21
1, 226394, 26761553, 28772636
21, 1, 21
3, 145642, 20967756, 28012888
22, 1, 21
4, 272538, 26460595, 28465963
23, 1, 21
2, 640323, 27672136, 29676724
24, 1, 21
3, 279748, 28012888, 30016561
25, 1, 21
1, 271096, 28772636, 31273948
26, 1, 21
2, 679232, 29676724, 31678824
27, 1, 21
3, 297052, 30016561, 32022997
28, 1, 21
2, 462907, 31678824, 33686449
29, 1, 21
1, 383572, 31273948, 35198036
30, 1, 21
3, 100940, 32022997, 34951078
31, 1, 21
2, 184626, 33686449, 35690674
32, 1, 21
1, 181692, 35198036, 37209384
33, 1, 21
3, 569590, 34951078, 36954353
34, 1, 21
2, 767194, 35690674, 37690858
35, 1, 21
1, 207648, 37209384, 39211546
36, 1, 21
2, 473001, 37690858, 39697033
37, 1, 21
3, 312914, 36954353, 40319696
38, 1, 21
1, 255234, 39211546, 41747499
39, 1, 21
2, 432650, 39697033, 41698572
40, 1, 21
3, 591220, 40319696, 42323919
41, 1, 21
2, 834943, 41698572, 43704788
42, 1, 21
1, 281190, 41747499, 44309998
43, 1, 21
2, 255259, 43704788, 45716255
44, 1, 21
1, 178808, 44309998, 46323726
45, 1, 21
1, 214858, 46323726, 48330642
46, 1, 21
2, 271146, 45716255, 48216699
47, 1, 21
1, 191786, 48330642, 50363575
48, 1, 21
2, 274005, 48216699, 51345154
49, 1, 21
1, 249466, 50363575, 52871366
50, 1, 21
3, 327334, 42323919, 53099983
51, 1, 21
2, 305754, 51345154, 53736285
52, 1, 21
1, 235046, 52871366, 54881002
53, 1, 21
3, 696486, 53099983, 55100886
54, 1, 21
2, 931582, 53736285, 55736739
55, 1, 21
1, 295610, 54881002, 57392126
56, 1, 21
3, 846454, 55100886, 57601247
57, 1, 21
2, 1143556, 55736739, 58237716
58, 1, 21
2, 386456, 58237716, 60250017
59, 1, 21
1, 447020, 57392126, 61303070
60, 1, 21
2, 227861, 60250017, 62257378
61, 1, 21
2, 268212, 62257378, 64764285
