0, 2, 21
2, 72100, 5514786, 6263756
1, 72104, 6081263, 6829842
1, 2, 21
2, 144200, 6263756, 7558703
1, 144204, 6829842, 8124869
2, 2, 21
2, 144200, 7558703, 8847593
1, 144204, 8124869, 9413561
3, 2, 21
2, 217742, 8847593, 16911124
1, 217746, 9413561, 17477250
4, 2, 21
2, 87962, 16911124, 17568130
1, 72104, 17477250, 18134658
5, 2, 21
2, 82194, 17568130, 17879283
1, 36054, 18134658, 18445241
6, 2, 21
2, 43260, 17879283, 18039550
1, 18750, 18445241, 18605732
7, 2, 21
2, 23072, 18039550, 18127540
1, 10098, 18605732, 18693553
8, 2, 21
2, 346080, 18127540, 19531634
1, 144204, 18693553, 20097123
9, 2, 21
2, 262444, 19531634, 20200385
1, 72104, 20097123, 20765348
10, 2, 21
2, 131222, 20200385, 20522003
1, 36054, 20765348, 21088103
11, 2, 21
2, 67774, 20522003, 20689990
1, 18750, 21088103, 21256285
12, 2, 21
2, 481628, 20689990, 22139904
1, 144204, 21256285, 22705425
13, 2, 21
2, 207648, 22139904, 22783000
1, 72104, 22705425, 23348642
14, 2, 21
2, 80752, 22783000, 23225517
1, 36054, 23348642, 23790454
15, 2, 21
2, 40376, 23225517, 23396716
1, 18750, 23790454, 23963047
16, 2, 21
2, 25956, 23396716, 23492617
1, 10098, 23963047, 24058735
17, 2, 21
2, 324450, 23492617, 24976861
1, 144204, 24058735, 25543202
18, 2, 21
2, 327334, 24976861, 26199795
1, 144204, 25543202, 26765262
19, 2, 21
2, 165830, 26199795, 26817645
1, 72104, 26765262, 27383990
20, 2, 21
2, 324450, 26817645, 28061115
1, 144204, 27383990, 28627483
21, 2, 21
2, 442694, 28061115, 29366430
1, 144204, 28627483, 29932012
22, 2, 21
2, 253792, 29366430, 30005359
1, 72104, 29932012, 30570830
23, 2, 21
2, 124012, 30005359, 30312418
1, 36054, 30570830, 30878752
24, 2, 21
2, 412412, 30312418, 31530310
1, 144204, 30878752, 32096149
25, 2, 21
2, 162946, 31530310, 32142253
1, 72104, 32096149, 32708232
26, 2, 21
2, 80752, 32142253, 32447461
1, 36054, 32708232, 33013914
27, 2, 21
2, 239372, 32447461, 34309976
1, 144204, 33013914, 34874080
28, 2, 21
2, 72100, 34309976, 35257498
1, 72104, 34874080, 35823241
29, 2, 21
2, 109592, 35257498, 35563992
1, 36054, 35823241, 36129859
30, 2, 21
2, 80752, 35563992, 35733915
1, 18750, 36129859, 36299971
31, 2, 21
2, 37492, 35733915, 35819211
1, 10098, 36299971, 36385384
32, 2, 21
2, 7210, 35819211, 35871444
1, 5772, 36385384, 36433767
33, 2, 21
2, 560938, 35871444, 37352952
1, 144204, 36433767, 37918650
34, 2, 21
2, 262444, 37352952, 38003963
1, 72104, 37918650, 38570206
35, 2, 21
2, 141316, 38003963, 38331046
1, 36054, 38570206, 38897217
36, 2, 21
2, 149968, 38331046, 39780685
1, 144204, 38897217, 40347277
37, 2, 21
2, 72100, 39780685, 40402800
1, 72104, 40347277, 40968671
38, 2, 21
2, 529214, 40402800, 41846140
1, 144204, 40968671, 42412551
39, 2, 21
2, 268212, 41846140, 42514696
1, 72104, 42412551, 43081167
40, 2, 21
2, 135548, 42514696, 42827319
1, 36054, 43081167, 43393714
41, 2, 21
2, 72100, 42827319, 42988362
1, 18750, 43393714, 43554668
42, 2, 21
2, 328776, 42988362, 44387306
1, 144204, 43554668, 44953844
43, 2, 21
2, 72100, 44387306, 45338712
1, 72104, 44953844, 45905230
44, 2, 21
2, 36050, 45338712, 45790833
1, 36054, 45905230, 46357336
45, 2, 21
2, 144200, 45790833, 47052316
1, 144204, 46357336, 47618550
46, 2, 21
2, 72100, 47052316, 47656479
1, 72104, 47618550, 48221920
47, 2, 21
2, 144200, 47656479, 49246039
1, 144204, 48221920, 49811695
48, 2, 21
2, 144200, 49246039, 50910543
1, 144204, 49811695, 51477053
49, 2, 21
2, 144200, 50910543, 52131779
1, 144204, 51477053, 52697565
50, 2, 21
2, 72100, 52131779, 52742489
1, 72104, 52697565, 53308288
51, 2, 21
2, 356174, 52742489, 53980487
1, 144204, 53308288, 54546735
52, 2, 21
2, 295610, 53980487, 54585486
1, 72104, 54546735, 55151328
53, 2, 21
2, 147084, 54585486, 54891889
1, 36054, 55151328, 55457979
54, 2, 21
2, 573916, 54891889, 56133533
1, 144204, 55457979, 56699570
55, 2, 21
2, 556612, 56133533, 57354023
1, 144204, 56699570, 57920143
56, 2, 21
2, 484512, 57354023, 58600516
1, 144204, 57920143, 59166809
57, 2, 21
2, 144200, 58600516, 59907707
1, 144204, 59166809, 60474282
58, 2, 21
2, 72100, 59907707, 60551421
1, 72104, 60474282, 61118075
59, 2, 21
2, 144200, 60551421, 61805341
1, 144204, 61118075, 62372087
60, 2, 21
2, 144200, 61805341, 63234596
1, 144204, 62372087, 63801320
61, 2, 21
2, 144200, 63234596, 64564377
1, 144204, 63801320, 65131142
