0, 2, 21
2, 211974, 5589753, 7591320
1, 211974, 6151869, 8152783
1, 1, 21
1, 222068, 8152783, 10152893
2, 2, 21
2, 223535, 7591320, 15721783
1, 1442, 10152893, 16283188
3, 1, 21
2, 236488, 15721783, 17729361
4, 1, 21
1, 224952, 16283188, 18293404
5, 1, 21
3, 276864, 17081428, 19082906
6, 1, 21
2, 509076, 17729361, 19729623
7, 1, 21
1, 211974, 18293404, 20299068
8, 1, 21
4, 268212, 18464549, 20501720
9, 1, 21
3, 259560, 19082906, 21087875
10, 1, 21
2, 718191, 19729623, 21729630
11, 1, 21
1, 198996, 20299068, 22301426
12, 1, 21
4, 268212, 20501720, 22508745
13, 1, 21
2, 599922, 21729630, 23736273
14, 1, 21
1, 200438, 22301426, 24314543
15, 1, 21
4, 275422, 22508745, 24516038
16, 1, 21
2, 487446, 23736273, 25744764
17, 1, 21
1, 204764, 24314543, 26322504
18, 1, 21
4, 294168, 24516038, 26518038
19, 1, 21
2, 529264, 25744764, 27753819
20, 1, 21
1, 233604, 26322504, 28328354
21, 1, 21
3, 151410, 21087875, 28089181
22, 1, 21
4, 276864, 26518038, 28525913
23, 1, 21
2, 647533, 27753819, 29756438
24, 1, 21
1, 226394, 28328354, 30338608
25, 1, 21
3, 279748, 28089181, 30091527
26, 1, 21
2, 664812, 29756438, 31764127
27, 1, 21
1, 230720, 30338608, 32338799
28, 1, 21
3, 295610, 30091527, 32092109
29, 2, 21
2, 447070, 31764127, 33791823
1, 211974, 32338799, 34352745
30, 1, 21
3, 102382, 32092109, 35028104
31, 1, 21
2, 209115, 33791823, 35794052
32, 1, 21
1, 145642, 34352745, 36359447
33, 1, 21
3, 573916, 35028104, 37029294
34, 1, 21
2, 774404, 35794052, 37795425
35, 1, 21
1, 201880, 36359447, 38363636
36, 2, 21
2, 451371, 37795425, 39806668
1, 204764, 38363636, 40368012
37, 1, 21
3, 308588, 37029294, 40267454
38, 1, 21
2, 487421, 39806668, 41807409
39, 1, 21
1, 206206, 40368012, 42371016
40, 1, 21
3, 594104, 40267454, 42270667
41, 1, 21
2, 836410, 41807409, 43807679
42, 1, 21
1, 220626, 42371016, 44374712
43, 1, 21
2, 193253, 43807679, 45809475
44, 1, 21
1, 173040, 44374712, 46385983
45, 1, 21
2, 220651, 45809475, 47818259
46, 1, 21
1, 220626, 46385983, 48391798
47, 2, 21
2, 181717, 47818259, 49831883
1, 180250, 48391798, 50392004
48, 2, 21
2, 197554, 49831883, 51841681
1, 197554, 50392004, 52402559
49, 1, 21
3, 324450, 42270667, 53042977
50, 1, 21
2, 310055, 51841681, 53842369
51, 1, 21
1, 235046, 52402559, 54412887
52, 1, 21
3, 695044, 53042977, 55045460
53, 1, 21
2, 933024, 53842369, 55845068
54, 1, 21
1, 236488, 54412887, 56419733
55, 1, 21
3, 682066, 55045460, 57047467
56, 1, 21
2, 912836, 55845068, 57845113
57, 1, 21
1, 236488, 56419733, 58429696
58, 1, 21
2, 506167, 57845113, 59846465
59, 1, 21
1, 227836, 58429696, 60433779
60, 1, 21
2, 226419, 59846465, 61852496
61, 1, 21
1, 226394, 60433779, 62438750
62, 1, 21
2, 214883, 61852496, 63862847
63, 1, 21
1, 214858, 62438750, 64449076
64, 1, 21
2, 222093, 63862847, 65873133
65, 1, 21
1, 222068, 64449076, 66459682
