0, 1, 21
1, 53354, 5158933, 5659094
1, 1, 21
2, 54821, 4581809, 5145621
2, 1, 21
1, 47586, 5659094, 6162648
3, 1, 21
2, 53379, 5145621, 5646169
4, 1, 21
1, 57680, 6162648, 6669690
5, 1, 21
2, 57705, 5646169, 6155063
6, 1, 21
1, 54796, 6669690, 7178126
7, 1, 21
2, 54821, 6155063, 6661034
8, 1, 21
1, 56238, 7178126, 7687905
9, 1, 21
2, 56263, 6661034, 7173259
10, 1, 21
2, 57680, 7173259, 7682215
11, 1, 21
1, 112476, 7687905, 8689091
12, 1, 21
2, 56263, 7682215, 8186557
13, 2, 21
2, 44702, 8186557, 14711045
1, 53354, 8689091, 15291794
14, 2, 21
2, 54796, 14711045, 15217508
1, 54796, 15291794, 15798273
15, 2, 21
2, 115360, 15217508, 16217805
1, 115360, 15798273, 16798858
16, 1, 21
2, 79310, 16217805, 16732485
17, 1, 21
3, 77868, 16008248, 16517008
18, 1, 21
2, 132689, 16732485, 17237703
19, 1, 21
3, 64890, 16517008, 17081187
20, 1, 21
2, 105291, 17237703, 17740978
21, 1, 21
1, 168714, 16798858, 18370531
22, 1, 21
3, 69216, 17081187, 17585904
23, 1, 21
2, 119736, 17740978, 18241824
24, 1, 21
3, 79310, 17585904, 18093507
25, 1, 21
2, 165855, 18241824, 18742672
26, 1, 21
1, 145642, 18370531, 19376833
27, 1, 21
3, 73542, 18093507, 18596064
28, 1, 21
2, 200488, 18742672, 19244896
29, 1, 21
1, 129780, 19376833, 19877616
30, 1, 21
3, 76426, 18596064, 19103499
31, 1, 21
1, 132664, 19877616, 20379010
32, 1, 21
3, 62006, 19103499, 19604191
33, 1, 21
2, 367810, 19244896, 20249154
34, 1, 21
1, 96614, 20379010, 20889028
35, 1, 21
3, 47586, 19604191, 20105290
36, 1, 21
1, 108150, 20889028, 21394661
37, 1, 21
3, 74984, 20105290, 20605860
38, 1, 21
2, 360600, 20249154, 21249517
39, 1, 21
1, 135548, 21394661, 21903606
40, 1, 21
2, 184601, 21249517, 21750922
41, 1, 21
1, 122570, 21903606, 22406842
42, 1, 21
2, 103849, 21750922, 22254478
43, 1, 21
1, 111034, 22406842, 22912983
44, 1, 21
2, 96639, 22254478, 22762776
45, 1, 21
1, 95172, 22912983, 23424434
46, 1, 21
2, 108175, 22762776, 23271017
47, 1, 21
1, 111034, 23424434, 23924598
48, 1, 21
2, 128363, 23271017, 23772225
49, 1, 21
1, 129780, 23924598, 24430863
50, 1, 21
1, 266770, 24430863, 25433525
51, 1, 21
3, 62006, 20605860, 26950722
52, 1, 21
2, 1093111, 23772225, 27787191
53, 1, 21
2, 184576, 27787191, 28296046
54, 1, 21
3, 134106, 26950722, 27960098
55, 1, 21
2, 197579, 28296046, 28801367
56, 1, 21
2, 376362, 28801367, 29802003
57, 1, 21
1, 1258866, 25433525, 30492829
58, 1, 21
2, 135573, 29802003, 30306736
59, 1, 21
1, 60564, 30492829, 31003626
60, 1, 21
3, 511910, 27960098, 31480481
61, 1, 21
2, 509076, 30306736, 32331187
62, 1, 21
2, 25956, 32331187, 32843396
63, 1, 21
1, 246582, 31003626, 33525994
64, 1, 21
1, 36050, 33525994, 34061346
65, 1, 21
2, 67824, 32843396, 33844965
66, 1, 21
3, 31724, 31480481, 33875430
67, 1, 21
1, 82194, 34061346, 35072189
68, 1, 21
2, 242306, 33844965, 34869113
69, 1, 21
1, 60564, 35072189, 35594735
70, 1, 21
3, 164388, 33875430, 34431918
71, 1, 21
2, 151460, 34869113, 35369763
72, 1, 21
3, 96614, 34431918, 34942095
73, 1, 21
1, 43260, 35594735, 36115743
74, 1, 21
2, 171648, 35369763, 35870887
75, 1, 21
3, 171598, 34942095, 35444944
76, 1, 21
2, 230745, 35870887, 36371120
77, 1, 21
1, 105266, 36115743, 37126145
78, 1, 21
2, 210557, 36371120, 36872485
79, 1, 21
3, 312914, 35444944, 36450955
80, 1, 21
2, 286983, 36872485, 37874986
81, 1, 21
2, 47586, 37874986, 38378839
82, 1, 21
1, 209090, 37126145, 39163110
83, 1, 21
2, 49053, 38378839, 38880925
84, 1, 21
1, 57680, 39163110, 39671361
85, 1, 21
2, 60589, 38880925, 39399516
86, 1, 21
3, 136990, 36450955, 39104192
87, 1, 21
2, 116827, 39399516, 39900534
88, 1, 21
1, 100940, 39671361, 40744502
89, 1, 21
2, 178833, 39900534, 40400651
90, 1, 21
1, 59122, 40744502, 41250912
91, 1, 21
3, 294168, 39104192, 40106534
92, 1, 21
2, 222118, 40400651, 40901838
93, 1, 21
2, 196112, 40901838, 41404315
94, 1, 21
1, 111034, 41250912, 42255270
95, 1, 21
3, 302820, 40106534, 41109920
96, 1, 21
2, 216350, 41404315, 41907953
97, 1, 21
1, 59122, 42255270, 42762515
98, 1, 21
3, 164388, 41109920, 41610166
99, 1, 21
1, 53354, 42762515, 43266564
100, 1, 21
2, 360575, 41907953, 42911848
101, 1, 21
1, 47586, 43266564, 43774147
102, 1, 21
2, 47611, 42911848, 43420317
103, 1, 21
1, 51912, 43774147, 44288393
104, 1, 21
1, 44702, 44288393, 44889858
105, 1, 21
2, 77918, 43420317, 44422896
106, 1, 21
1, 34608, 44889858, 45390242
107, 1, 21
1, 57680, 45390242, 45899496
108, 1, 21
1, 224952, 45899496, 47922597
109, 1, 21
1, 40376, 47922597, 48432003
110, 1, 21
1, 47586, 48432003, 48936678
111, 1, 21
1, 33166, 48936678, 49442624
112, 1, 21
1, 43260, 49442624, 49954131
113, 1, 21
1, 51912, 49954131, 50461531
114, 1, 21
2, 549602, 44422896, 50065119
115, 1, 21
1, 60564, 50461531, 50973535
116, 1, 21
1, 118244, 50973535, 51974679
117, 1, 21
3, 157178, 41610166, 51863631
118, 1, 21
2, 349039, 50065119, 52594922
119, 1, 21
3, 165830, 51863631, 52364825
120, 1, 21
2, 222093, 52594922, 53098880
121, 1, 21
2, 243698, 53098880, 53599654
122, 1, 21
2, 235046, 53599654, 54100952
123, 1, 21
2, 468650, 54100952, 55102484
124, 1, 21
2, 1097362, 55102484, 57610002
125, 1, 21
2, 54796, 57610002, 58113583
126, 1, 21
1, 1153600, 51974679, 61986108
