0, 2, 21
2, 72100, 4531257, 5275970
1, 72104, 5655306, 6400538
1, 2, 21
2, 144200, 5275970, 6567822
1, 144204, 6400538, 7692719
2, 2, 21
2, 144200, 6567822, 7854657
1, 144204, 7692719, 8979251
3, 2, 21
2, 217742, 7854657, 15916010
1, 217746, 8979251, 17040707
4, 2, 21
2, 80752, 15916010, 16573128
1, 72104, 17040707, 17697533
5, 2, 21
2, 82194, 16573128, 16883366
1, 36054, 17697533, 18007901
6, 2, 21
2, 43260, 16883366, 17043721
1, 18750, 18007901, 18168289
7, 2, 21
2, 23072, 17043721, 17131313
1, 10098, 18168289, 18256106
8, 2, 21
2, 333102, 17131313, 18534109
1, 147088, 18256106, 19658849
9, 2, 21
2, 269654, 18534109, 19198909
1, 173044, 19658849, 20323720
10, 2, 21
2, 135548, 19198909, 19520137
1, 86524, 20323720, 20644957
11, 2, 21
2, 69216, 19520137, 19688400
1, 43264, 20644957, 20813229
12, 2, 21
2, 496048, 19688400, 21135956
1, 321570, 20813229, 22260787
13, 2, 21
2, 222068, 21135956, 21778150
1, 160066, 22260787, 22902978
14, 2, 21
2, 95172, 21778150, 22219227
1, 95176, 22902978, 23343837
15, 2, 21
2, 41818, 22219227, 22391968
1, 41822, 23343837, 23516194
16, 2, 21
2, 14420, 22391968, 22487782
1, 14424, 23516194, 23611966
17, 2, 21
2, 338870, 22487782, 23972238
1, 338874, 23611966, 25095384
18, 2, 21
2, 328776, 23972238, 25191538
1, 328780, 25095384, 26315945
19, 2, 21
2, 164388, 25191538, 25809823
1, 164392, 26315945, 26933982
20, 2, 21
2, 327334, 25809823, 27053629
1, 327338, 26933982, 28177785
21, 2, 21
2, 441252, 27053629, 28357915
1, 323012, 28177785, 29482384
22, 2, 21
2, 255234, 28357915, 28996540
1, 162950, 29482384, 30120968
23, 2, 21
2, 124012, 28996540, 29305293
1, 79314, 30120968, 30429279
24, 2, 21
2, 357616, 29305293, 30521635
1, 178812, 30429279, 31645753
25, 2, 21
2, 161504, 30521635, 31133318
1, 72104, 31645753, 32257620
26, 2, 21
2, 80752, 31133318, 31438850
1, 36054, 32257620, 32563168
27, 2, 21
2, 252350, 31438850, 33298235
1, 144204, 32563168, 34422520
28, 2, 21
2, 72100, 33298235, 34246715
1, 72104, 34422520, 35370772
29, 2, 21
2, 80752, 34246715, 34553111
1, 36054, 35370772, 35677271
30, 2, 21
2, 76426, 34553111, 34723486
1, 18750, 35677271, 35847277
31, 2, 21
2, 38934, 34723486, 34808079
1, 10098, 35847277, 35932656
32, 2, 21
2, 23072, 34808079, 34856309
1, 5772, 35932656, 35980913
33, 2, 21
2, 543634, 34856309, 36341774
1, 144204, 35980913, 37465547
34, 2, 21
2, 266770, 36341774, 36992589
1, 72104, 37465547, 38117066
35, 2, 21
2, 136990, 36992589, 37319448
1, 36054, 38117066, 38443940
36, 2, 21
2, 178808, 37319448, 38768701
1, 144204, 38443940, 39893411
37, 2, 21
2, 72100, 38768701, 39390146
1, 72104, 39893411, 40514737
38, 2, 21
2, 501816, 39390146, 40834035
1, 144204, 40514737, 41957969
39, 2, 21
2, 265328, 40834035, 41501841
1, 72104, 41957969, 42626345
40, 2, 21
2, 136990, 41501841, 41814214
1, 36054, 42626345, 42938779
41, 2, 21
2, 73542, 41814214, 41975106
1, 18750, 42938779, 43099559
42, 2, 21
2, 356174, 41975106, 43373578
1, 144204, 43099559, 44498227
43, 2, 21
2, 72100, 43373578, 44324916
1, 72104, 44498227, 45449008
44, 2, 21
2, 36050, 44324916, 44777029
1, 36054, 45449008, 45901093
45, 2, 21
2, 144200, 44777029, 46037032
1, 144204, 45901093, 47160856
46, 2, 21
2, 72100, 46037032, 46639939
1, 72104, 47160856, 47763701
47, 2, 21
2, 144200, 46639939, 48228090
1, 144204, 47763701, 49352054
48, 2, 21
2, 144200, 48228090, 49892129
1, 144204, 49352054, 51016121
49, 2, 21
2, 144200, 49892129, 51111363
1, 144204, 51016121, 52235225
50, 2, 21
2, 72100, 51111363, 51721192
1, 72104, 52235225, 52845235
51, 2, 21
2, 325892, 51721192, 52957560
1, 144204, 52845235, 54082086
52, 2, 21
2, 291284, 52957560, 53562015
1, 72104, 54082086, 54686528
53, 2, 21
2, 149968, 53562015, 53869236
1, 36054, 54686528, 54993331
54, 2, 21
2, 569590, 53869236, 55101573
1, 144204, 54993331, 56226072
55, 2, 21
2, 556612, 55101573, 56313116
1, 144204, 56226072, 57437719
56, 2, 21
2, 520562, 56313116, 57538529
1, 144204, 57437719, 58663232
57, 2, 21
2, 144200, 57538529, 58845801
1, 144204, 58663232, 59970582
58, 2, 21
2, 72100, 58845801, 59489278
1, 72104, 59970582, 60614047
59, 2, 21
2, 144200, 59489278, 60886935
1, 144204, 60614047, 62011663
60, 2, 21
2, 144200, 60886935, 62249496
1, 144204, 62011663, 63373832
61, 2, 21
2, 144200, 62249496, 63578261
1, 144204, 63373832, 64702984
