0, 2, 21
2, 54796, 4523538, 5079814
1, 54796, 5674202, 6233105
1, 2, 21
2, 53354, 5079814, 5582009
1, 53354, 6233105, 6735402
2, 2, 21
2, 57680, 5582009, 6091326
1, 57680, 6735402, 7244687
3, 2, 21
2, 54796, 6091326, 6595904
1, 54796, 7244687, 7749259
4, 2, 21
2, 56238, 6595904, 7107323
1, 56238, 7749259, 8260381
5, 2, 21
2, 57680, 7107323, 7618727
1, 57680, 8260381, 8772107
6, 2, 21
2, 56238, 7618727, 8123486
1, 56238, 8772107, 9276534
7, 2, 21
2, 44702, 8123486, 14647004
1, 44702, 9276534, 15800187
8, 2, 21
2, 54796, 14647004, 15153276
1, 54796, 15800187, 16306671
9, 2, 21
2, 59122, 15153276, 15656099
1, 59122, 16306671, 16809507
10, 2, 21
2, 57680, 15656099, 16168584
1, 57680, 16809507, 17321943
11, 1, 21
2, 79310, 16168584, 16675298
12, 1, 21
1, 56238, 17321943, 17830909
13, 1, 21
3, 77868, 15950457, 16457721
14, 1, 21
2, 134156, 16675298, 17181239
15, 1, 21
1, 59122, 17830909, 18336926
16, 1, 21
3, 64890, 16457721, 17023844
17, 1, 21
2, 103874, 17181239, 17684873
18, 1, 21
1, 51912, 18336926, 18876221
19, 1, 21
3, 69216, 17023844, 17526290
20, 1, 21
2, 122620, 17684873, 18190190
21, 1, 21
1, 51912, 18876221, 19385264
22, 1, 21
3, 79310, 17526290, 18032557
23, 1, 21
2, 154344, 18190190, 18695310
24, 1, 21
1, 82194, 19385264, 19886545
25, 1, 21
3, 73542, 18032557, 18535202
26, 1, 21
2, 201930, 18695310, 19197130
27, 1, 21
1, 128338, 19886545, 20390662
28, 1, 21
3, 76426, 18535202, 19042582
29, 1, 21
2, 210582, 19197130, 19698064
30, 1, 21
1, 134106, 20390662, 20895175
31, 1, 21
3, 62006, 19042582, 19543253
32, 1, 21
2, 164438, 19698064, 20210152
33, 1, 21
1, 102382, 20895175, 21407165
34, 1, 21
3, 47586, 19543253, 20044352
35, 1, 21
2, 151460, 20210152, 20711026
36, 1, 21
1, 102382, 21407165, 21911313
37, 1, 21
3, 74984, 20044352, 20544958
38, 1, 21
2, 207698, 20711026, 21216013
39, 1, 21
1, 135548, 21911313, 22420705
40, 1, 21
2, 178833, 21216013, 21719908
41, 1, 21
1, 132664, 22420705, 22924167
42, 1, 21
2, 102407, 21719908, 22223902
43, 1, 21
1, 102382, 22924167, 23429889
44, 1, 21
2, 96639, 22223902, 22728711
45, 1, 21
1, 93730, 23429889, 23930315
46, 1, 21
2, 106733, 22728711, 23231466
47, 1, 21
1, 108150, 23930315, 24431353
48, 1, 21
2, 129805, 23231466, 23738111
49, 1, 21
1, 128338, 24431353, 24931796
50, 1, 21
2, 134131, 23738111, 24242851
51, 1, 21
1, 132664, 24931796, 25432191
52, 1, 21
2, 134131, 24242851, 24747351
53, 1, 21
1, 134106, 25432191, 25937545
54, 1, 21
2, 139899, 24747351, 25255510
55, 1, 21
1, 139874, 25937545, 26443644
56, 1, 21
2, 134131, 25255510, 25758310
57, 1, 21
1, 134106, 26443644, 26952178
58, 1, 21
2, 129805, 25758310, 26261292
59, 1, 21
1, 131222, 26952178, 27457303
60, 1, 21
2, 134131, 26261292, 26762864
61, 1, 21
1, 134106, 27457303, 27963391
62, 1, 21
2, 131247, 26762864, 27265456
63, 1, 21
1, 132664, 27963391, 28468313
64, 1, 21
3, 62006, 20544958, 26893162
65, 1, 21
2, 170206, 27265456, 27767299
66, 1, 21
1, 126896, 28468313, 28975205
67, 1, 21
3, 62006, 26893162, 27396236
68, 1, 21
2, 184626, 27767299, 28268882
69, 1, 21
1, 121128, 28975205, 29480845
70, 1, 21
3, 72100, 27396236, 27902486
71, 1, 21
2, 199046, 28268882, 28772016
72, 1, 21
1, 126896, 29480845, 29981792
73, 1, 21
3, 76426, 27902486, 28408445
74, 1, 21
2, 204814, 28772016, 29275737
75, 1, 21
1, 131222, 29981792, 30484839
76, 1, 21
3, 72100, 28408445, 28911881
77, 1, 21
2, 178858, 29275737, 29776442
78, 1, 21
1, 100940, 30484839, 30995614
79, 1, 21
3, 73542, 28911881, 29413411
80, 1, 21
2, 132714, 29776442, 30280127
81, 1, 21
1, 60564, 30995614, 31505570
82, 1, 21
3, 74984, 29413411, 29918609
83, 1, 21
2, 134156, 30280127, 30780705
84, 1, 21
1, 59122, 31505570, 32007227
85, 1, 21
3, 74984, 29918609, 30420921
86, 1, 21
2, 132714, 30780705, 31285035
87, 1, 21
1, 59122, 32007227, 32510673
88, 1, 21
3, 73542, 30420921, 30922185
89, 1, 21
2, 131272, 31285035, 31789544
90, 1, 21
1, 59122, 32510673, 33023166
91, 1, 21
3, 64890, 30922185, 31427591
92, 1, 21
2, 105316, 31789544, 32298097
93, 1, 21
1, 49028, 33023166, 33576943
94, 1, 21
2, 24539, 32298097, 32799107
95, 1, 21
1, 21630, 33576943, 34088266
96, 1, 21
2, 31749, 32799107, 33302226
97, 1, 21
1, 34608, 34088266, 34589733
98, 1, 21
2, 36075, 33302226, 33811112
99, 1, 21
1, 37492, 34589733, 35141391
100, 1, 21
2, 43285, 33811112, 34311475
101, 1, 21
3, 33166, 31427591, 33831503
102, 1, 21
1, 53354, 35141391, 35647515
103, 1, 21
2, 197604, 34311475, 34811877
104, 1, 21
3, 164388, 33831503, 34388092
105, 1, 21
1, 57680, 35647515, 36150510
106, 1, 21
2, 152902, 34811877, 35316150
107, 1, 21
3, 96614, 34388092, 34897981
108, 1, 21
1, 34608, 36150510, 36657058
109, 1, 21
2, 171648, 35316150, 35817252
110, 1, 21
3, 171598, 34897981, 35400213
111, 1, 21
1, 54796, 36657058, 37164797
112, 1, 21
2, 230770, 35817252, 36317255
113, 1, 21
3, 165830, 35400213, 35900339
114, 1, 21
1, 57680, 37164797, 37670433
115, 1, 21
2, 210582, 36317255, 36817694
116, 1, 21
3, 147084, 35900339, 36406235
117, 1, 21
1, 56238, 37670433, 38178073
118, 1, 21
2, 204814, 36817694, 37322094
119, 1, 21
1, 57680, 38178073, 38693051
120, 1, 21
2, 83661, 37322094, 37823038
121, 1, 21
1, 49028, 38693051, 39194412
122, 1, 21
2, 47611, 37823038, 38327631
123, 1, 21
1, 44702, 39194412, 39697924
124, 1, 21
2, 50495, 38327631, 38839432
125, 1, 21
1, 57680, 39697924, 40201490
126, 1, 21
2, 59147, 38839432, 39344318
127, 1, 21
1, 54796, 40201490, 40707395
128, 1, 21
3, 136990, 36406235, 39059093
129, 1, 21
2, 115410, 39344318, 39846372
130, 1, 21
1, 38934, 40707395, 41211499
131, 1, 21
3, 134106, 39059093, 39561087
132, 1, 21
2, 181742, 39846372, 40348255
133, 1, 21
1, 59122, 41211499, 41717887
134, 1, 21
3, 160062, 39561087, 40061233
135, 1, 21
2, 222118, 40348255, 40850868
136, 1, 21
1, 59122, 41717887, 42225580
137, 1, 21
3, 165830, 40061233, 40562120
138, 1, 21
2, 194720, 40850868, 41354256
139, 1, 21
1, 53354, 42225580, 42734556
140, 1, 21
3, 136990, 40562120, 41064316
141, 1, 21
2, 217792, 41354256, 41855439
142, 1, 21
1, 59122, 42734556, 43243468
143, 1, 21
3, 165830, 41064316, 41568064
144, 1, 21
2, 216350, 41855439, 42357456
145, 1, 21
1, 53354, 43243468, 43746022
146, 1, 21
2, 142783, 42357456, 42862927
147, 1, 21
1, 47586, 43746022, 44256320
148, 1, 21
2, 47611, 42862927, 43367135
149, 1, 21
1, 51912, 44256320, 44834446
150, 1, 21
2, 38959, 43367135, 43882662
151, 1, 21
1, 43260, 44834446, 45357334
152, 1, 21
2, 40401, 43882662, 44421569
153, 1, 21
1, 34608, 45357334, 45857801
154, 1, 21
2, 46169, 44421569, 44928073
155, 1, 21
1, 57680, 45857801, 46366911
156, 1, 21
2, 57705, 44928073, 45433909
157, 1, 21
1, 57680, 46366911, 46870923
158, 1, 21
2, 59147, 45433909, 45937841
159, 1, 21
1, 59122, 46870923, 47378092
160, 1, 21
2, 59147, 45937841, 46440581
161, 1, 21
1, 60564, 47378092, 47888592
162, 1, 21
2, 54821, 46440581, 46943135
163, 1, 21
1, 47586, 47888592, 48389562
164, 1, 21
2, 44727, 46943135, 47452744
165, 1, 21
1, 40376, 48389562, 48898880
166, 1, 21
2, 43285, 47452744, 47955051
167, 1, 21
1, 47586, 48898880, 49403448
168, 1, 21
2, 40401, 47955051, 48460731
169, 1, 21
1, 33166, 49403448, 49909373
170, 1, 21
2, 41843, 48460731, 48965717
171, 1, 21
1, 43260, 49909373, 50420846
172, 1, 21
2, 38959, 48965717, 49469717
173, 1, 21
1, 51912, 50420846, 50928032
174, 1, 21
2, 57705, 49469717, 49970882
175, 1, 21
1, 59122, 50928032, 51428143
176, 1, 21
2, 60589, 49970882, 50479372
177, 1, 21
1, 60564, 51428143, 51938272
178, 1, 21
2, 59147, 50479372, 50983348
179, 1, 21
1, 59122, 51938272, 52441326
180, 1, 21
2, 60589, 50983348, 51494202
181, 1, 21
1, 59122, 52441326, 52945365
182, 1, 21
2, 59147, 51494202, 52000827
183, 1, 21
1, 59122, 52945365, 53450743
184, 1, 21
3, 155736, 41568064, 51817482
185, 1, 21
2, 96664, 52000827, 52501676
186, 1, 21
1, 59122, 53450743, 53959231
187, 1, 21
3, 165830, 51817482, 52318227
188, 1, 21
2, 222118, 52501676, 53005827
189, 1, 21
1, 60564, 53959231, 54469101
190, 1, 21
3, 177366, 52318227, 52820482
191, 1, 21
2, 243748, 53005827, 53508772
192, 1, 21
1, 60564, 54469101, 54979958
193, 1, 21
3, 186018, 52820482, 53324855
194, 1, 21
2, 239422, 53508772, 54009930
195, 1, 21
1, 60564, 54979958, 55490272
196, 1, 21
3, 171598, 53324855, 53825995
197, 1, 21
2, 232212, 54009930, 54512195
198, 1, 21
1, 57680, 55490272, 55997482
199, 1, 21
3, 174482, 53825995, 54329775
200, 1, 21
2, 235096, 54512195, 55014362
201, 1, 21
1, 60564, 55997482, 56503765
202, 1, 21
3, 174482, 54329775, 54831712
203, 1, 21
2, 230770, 55014362, 55517962
204, 1, 21
1, 60564, 56503765, 57012266
205, 1, 21
3, 171598, 54831712, 55334850
206, 1, 21
2, 235096, 55517962, 56018017
207, 1, 21
1, 60564, 57012266, 57522186
208, 1, 21
3, 167272, 55334850, 55838274
209, 1, 21
2, 222118, 56018017, 56518328
210, 1, 21
1, 59122, 57522186, 58025978
211, 1, 21
3, 164388, 55838274, 56339345
212, 1, 21
2, 227886, 56518328, 57020742
213, 1, 21
1, 60564, 58025978, 58530663
214, 1, 21
2, 196137, 57020742, 57532862
215, 1, 21
1, 56238, 58530663, 59039114
216, 1, 21
2, 56263, 57532862, 58045234
217, 1, 21
1, 54796, 59039114, 59547076
218, 1, 21
2, 54821, 58045234, 58548310
219, 1, 21
1, 56238, 59547076, 60047719
220, 1, 21
2, 56263, 58548310, 59050748
221, 1, 21
1, 56238, 60047719, 60548492
222, 1, 21
2, 57705, 59050748, 59558590
223, 1, 21
1, 57680, 60548492, 61051292
224, 1, 21
2, 57705, 59558590, 60059957
225, 1, 21
1, 59122, 61051292, 61562386
226, 1, 21
2, 59147, 60059957, 60568604
227, 1, 21
1, 57680, 61562386, 62069290
228, 1, 21
2, 54821, 60568604, 61070932
229, 1, 21
1, 53354, 62069290, 62578865
230, 1, 21
2, 54821, 61070932, 61585036
231, 1, 21
1, 53354, 62578865, 63087703
232, 1, 21
2, 53379, 61585036, 62097875
233, 1, 21
1, 53354, 63087703, 63592087
234, 1, 21
2, 54821, 62097875, 62609886
235, 1, 21
1, 54796, 63592087, 64092233
236, 1, 21
2, 56263, 62609886, 63118606
237, 1, 21
1, 54796, 64092233, 64593023
238, 1, 21
2, 56263, 63118606, 63621079
239, 1, 21
1, 56238, 64593023, 65096078
240, 1, 21
2, 56263, 63621079, 64131722
241, 1, 21
1, 56238, 65096078, 65600965
242, 1, 21
2, 54821, 64131722, 64633108
