0, 2, 21
2, 100940, 5675062, 6676642
1, 100940, 6246127, 7247045
1, 2, 21
2, 111034, 6676642, 7680905
1, 111034, 7247045, 8251267
2, 2, 21
2, 139874, 7680905, 8933834
1, 139874, 8251267, 9504235
3, 2, 21
2, 83636, 8933834, 15813515
1, 83636, 9504235, 16384130
4, 2, 21
2, 113918, 15813515, 16826293
1, 113918, 16384130, 17396379
5, 1, 21
2, 128338, 16826293, 17829790
6, 1, 21
1, 112476, 17396379, 18407731
7, 1, 21
3, 141316, 17132199, 18139687
8, 1, 21
2, 242306, 17829790, 18835757
9, 1, 21
1, 129780, 18407731, 19662398
10, 1, 21
3, 136990, 18139687, 19146711
11, 1, 21
2, 272588, 18835757, 19839384
12, 1, 21
1, 112476, 19662398, 20671460
13, 1, 21
4, 151410, 18520027, 19526984
14, 1, 21
3, 149968, 19146711, 20152712
15, 1, 21
2, 406719, 19839384, 20840012
16, 1, 21
1, 109592, 20671460, 21673083
17, 1, 21
4, 115360, 19526984, 20531041
18, 1, 21
3, 118244, 20152712, 21160337
19, 1, 21
2, 312989, 20840012, 21840236
20, 1, 21
1, 93730, 21673083, 22685486
21, 1, 21
4, 141316, 20531041, 21533472
22, 1, 21
2, 390832, 21840236, 22841829
23, 1, 21
1, 109592, 22685486, 23762772
24, 1, 21
4, 124012, 21533472, 22573081
25, 1, 21
2, 204814, 22841829, 23847167
26, 1, 21
1, 89404, 23762772, 24781582
27, 1, 21
4, 126896, 22573081, 23574313
28, 1, 21
2, 222118, 23847167, 24851177
29, 1, 21
1, 105266, 24781582, 25792483
30, 1, 21
4, 147084, 23574313, 24583422
31, 1, 21
2, 263936, 24851177, 25853615
32, 1, 21
1, 116802, 25792483, 26797550
33, 1, 21
4, 154294, 24583422, 25589963
34, 1, 21
2, 336036, 25853615, 27104796
35, 1, 21
1, 144200, 26797550, 28054912
36, 1, 21
4, 148526, 25589963, 26597478
37, 1, 21
2, 395158, 27104796, 28667731
38, 1, 21
3, 141316, 21160337, 28094519
39, 1, 21
4, 138432, 26597478, 27598031
40, 1, 21
1, 216300, 28054912, 30019058
41, 1, 21
3, 132664, 28094519, 29108224
42, 1, 21
2, 447120, 28667731, 29865356
43, 1, 21
4, 165830, 27598031, 28848602
44, 1, 21
3, 135548, 29108224, 30116961
45, 1, 21
1, 174482, 30019058, 31539882
46, 1, 21
2, 457189, 29865356, 31120041
47, 1, 21
3, 147084, 30116961, 31121864
48, 1, 21
2, 266795, 31120041, 32126585
49, 1, 21
1, 148526, 31539882, 32795118
50, 1, 21
3, 184576, 31121864, 32375094
51, 1, 21
2, 320174, 32126585, 33383941
52, 1, 21
1, 165830, 32795118, 34372777
53, 1, 21
2, 87987, 33383941, 34442810
54, 1, 21
1, 57680, 34372777, 35380577
55, 1, 21
2, 70683, 34442810, 35452849
56, 1, 21
3, 77868, 32375094, 35150370
57, 1, 21
1, 85078, 35380577, 36388004
58, 1, 21
2, 315848, 35452849, 36454826
59, 1, 21
3, 250908, 35150370, 36152988
60, 1, 21
1, 95172, 36388004, 37422058
61, 1, 21
2, 367760, 36454826, 37457889
62, 1, 21
3, 324450, 36152988, 37154831
63, 1, 21
1, 134106, 37422058, 38633219
64, 1, 21
2, 413904, 37457889, 38459236
65, 1, 21
3, 301378, 37154831, 38155435
66, 1, 21
1, 134106, 38633219, 39893356
67, 1, 21
2, 203372, 38459236, 39477763
68, 1, 21
1, 100940, 39893356, 40902172
69, 1, 21
2, 103849, 39477763, 40478275
70, 1, 21
3, 5768, 38155435, 40389018
71, 1, 21
2, 226419, 40478275, 41480669
72, 1, 21
1, 122570, 40902172, 42163459
73, 1, 21
3, 294168, 40389018, 41391664
74, 1, 21
2, 442744, 41480669, 42480843
75, 1, 21
3, 385014, 41391664, 42644561
76, 1, 21
1, 222068, 42163459, 44126865
77, 1, 21
2, 511960, 42480843, 43731199
78, 1, 21
2, 209090, 43731199, 45073170
79, 1, 21
1, 147084, 44126865, 45684625
80, 1, 21
1, 76426, 45684625, 46684946
81, 1, 21
2, 103874, 45073170, 46331289
82, 1, 21
1, 113918, 46684946, 47685241
83, 1, 21
2, 115385, 46331289, 47334850
84, 1, 21
1, 142758, 47685241, 48945449
85, 1, 21
2, 135573, 47334850, 48589950
86, 1, 21
1, 86520, 48945449, 49946114
87, 1, 21
2, 87987, 48589950, 49599425
88, 1, 21
1, 98056, 49946114, 51204240
89, 1, 21
2, 98081, 49599425, 50871016
90, 1, 21
1, 111034, 51204240, 52212289
91, 1, 21
1, 118244, 52212289, 53213746
92, 1, 21
2, 230770, 50871016, 52825124
93, 1, 21
3, 239372, 42644561, 53149605
94, 1, 21
1, 145642, 53213746, 54468380
95, 1, 21
2, 282682, 52825124, 54134369
96, 1, 21
3, 334544, 53149605, 54151527
97, 1, 21
2, 462907, 54134369, 55137184
98, 1, 21
1, 232162, 54468380, 56432094
99, 1, 21
3, 410970, 54151527, 55404192
100, 1, 21
2, 435534, 55137184, 56138833
101, 1, 21
2, 461440, 56138833, 57138851
102, 1, 21
3, 532098, 55404192, 56968137
103, 1, 21
2, 442719, 57138851, 58140778
104, 1, 21
2, 385014, 58140778, 59147728
105, 1, 21
2, 111034, 59147728, 60148707
106, 1, 21
2, 142758, 60148707, 61407155
107, 1, 21
2, 173040, 61407155, 62973492
108, 1, 21
1, 1127644, 56432094, 66443726
109, 1, 21
2, 333127, 62973492, 66034910
