0, 2, 21
2, 72100, 5600617, 6354929
1, 72104, 6178210, 6932348
1, 2, 21
2, 144200, 6354929, 7647563
1, 144204, 6932348, 8224966
2, 2, 21
2, 144200, 7647563, 8935005
1, 144204, 8224966, 9512485
3, 2, 21
2, 217742, 8935005, 16996290
1, 217746, 9512485, 17573849
4, 2, 21
2, 79310, 16996290, 17653667
1, 72104, 17573849, 18231052
5, 2, 21
2, 82194, 17653667, 17964266
1, 36054, 18231052, 18541701
6, 2, 21
2, 43260, 17964266, 18124548
1, 18750, 18541701, 18702104
7, 2, 21
2, 23072, 18124548, 18212115
1, 10098, 18702104, 18789778
8, 2, 21
2, 330218, 18212115, 19615198
1, 144204, 18789778, 20192690
9, 2, 21
2, 263886, 19615198, 20280353
1, 72104, 20192690, 20857720
10, 2, 21
2, 132664, 20280353, 20602273
1, 36054, 20857720, 21179319
11, 2, 21
2, 63448, 20602273, 20771207
1, 18750, 21179319, 21347538
12, 2, 21
2, 472976, 20771207, 22217804
1, 144204, 21347538, 22795270
13, 2, 21
2, 220626, 22217804, 22860417
1, 72104, 22795270, 23437891
14, 2, 21
2, 87962, 22860417, 23301871
1, 36054, 23437891, 23878878
15, 2, 21
2, 38934, 23301871, 23474457
1, 18750, 23878878, 24051453
16, 2, 21
2, 24514, 23474457, 23571982
1, 10098, 24051453, 24147944
17, 2, 21
2, 305704, 23571982, 25055233
1, 144204, 24147944, 25631757
18, 2, 21
2, 305704, 25055233, 26277854
1, 144204, 25631757, 26854853
19, 2, 21
2, 168714, 26277854, 26896997
1, 72104, 26854853, 27474083
20, 2, 21
2, 324450, 26896997, 28140586
1, 144204, 27474083, 28717755
21, 2, 21
2, 426832, 28140586, 29445268
1, 144204, 28717755, 30022390
22, 2, 21
2, 235046, 29445268, 30083843
1, 72104, 30022390, 30661029
23, 2, 21
2, 111034, 30083843, 30392570
1, 36054, 30661029, 30969690
24, 2, 21
2, 477302, 30392570, 31611048
1, 144204, 30969690, 32187394
25, 2, 21
2, 158620, 31611048, 32222827
1, 72104, 32187394, 32799865
26, 2, 21
2, 79310, 32222827, 32529271
1, 36054, 32799865, 33105642
27, 2, 21
2, 284074, 32529271, 34389375
1, 144204, 33105642, 34965991
28, 2, 21
2, 72100, 34389375, 35337973
1, 72104, 34965991, 35914554
29, 2, 21
2, 36050, 35337973, 35644812
1, 36054, 35914554, 36221312
30, 2, 21
2, 36050, 35644812, 35815086
1, 18750, 36221312, 36391366
31, 2, 21
2, 36050, 35815086, 35899446
1, 10098, 36391366, 36476841
32, 2, 21
2, 23072, 35899446, 35948973
1, 5772, 36476841, 36525109
33, 2, 21
2, 545076, 35948973, 37433011
1, 144204, 36525109, 38010262
34, 2, 21
2, 275422, 37433011, 38084769
1, 72104, 38010262, 38661820
35, 2, 21
2, 126896, 38084769, 38411798
1, 36054, 38661820, 38988955
36, 2, 21
2, 266770, 38411798, 39861843
1, 144204, 38988955, 40438800
37, 2, 21
2, 72100, 39861843, 40482977
1, 72104, 40438800, 41060350
38, 2, 21
2, 403760, 40482977, 41926955
1, 144204, 41060350, 42504109
39, 2, 21
2, 281190, 41926955, 42596352
1, 72104, 42504109, 43172835
40, 2, 21
2, 119686, 42596352, 42907911
1, 36054, 43172835, 43485168
41, 2, 21
2, 67774, 42907911, 43068641
1, 18750, 43485168, 43645892
42, 2, 21
2, 461440, 43068641, 44468282
1, 144204, 43645892, 45045038
43, 2, 21
2, 72100, 44468282, 45418952
1, 72104, 45045038, 45996194
44, 2, 21
2, 36050, 45418952, 45871587
1, 36054, 45996194, 46448299
45, 2, 21
2, 144200, 45871587, 47131843
1, 144204, 46448299, 47708476
46, 2, 21
2, 72100, 47131843, 47735071
1, 72104, 47708476, 48311574
47, 2, 21
2, 144200, 47735071, 49323032
1, 144204, 48311574, 49900378
48, 2, 21
2, 144200, 49323032, 50987302
1, 144204, 49900378, 51564634
49, 2, 21
2, 144200, 50987302, 52206708
1, 144204, 51564634, 52784079
50, 2, 21
2, 72100, 52206708, 52816787
1, 72104, 52784079, 53394118
51, 2, 21
2, 210532, 52816787, 54053876
1, 144204, 53394118, 54631196
52, 2, 21
2, 268212, 54053876, 54660382
1, 72104, 54631196, 55235921
53, 2, 21
2, 149968, 54660382, 54965103
1, 36054, 55235921, 55542351
54, 2, 21
2, 576800, 54965103, 56198364
1, 144204, 55542351, 56775506
55, 2, 21
2, 563822, 56198364, 57410483
1, 144204, 56775506, 57987657
56, 2, 21
2, 552286, 57410483, 58636095
1, 144204, 57987657, 59213326
57, 2, 21
2, 233604, 58636095, 59943613
1, 144204, 59213326, 60521152
58, 2, 21
2, 72100, 59943613, 60587372
1, 72104, 60521152, 61164823
59, 2, 21
2, 144200, 60587372, 61839613
1, 144204, 61164823, 62417090
60, 2, 21
2, 144200, 61839613, 63201853
1, 144204, 62417090, 63779177
61, 2, 21
2, 144200, 63201853, 64531064
1, 144204, 63779177, 65108617
