0, 2, 21
2, 102382, 5601826, 6614291
1, 102382, 6159897, 7172042
1, 2, 21
2, 111034, 6614291, 7618112
1, 111034, 7172042, 8175925
2, 2, 21
2, 111034, 7618112, 8620761
1, 111034, 8175925, 9178614
3, 2, 21
2, 111034, 8620761, 15738377
1, 111034, 9178614, 16295968
4, 2, 21
2, 113918, 15738377, 16748269
1, 113918, 16295968, 17305896
5, 2, 21
2, 138432, 16748269, 17757408
1, 112476, 17305896, 18315401
6, 1, 21
3, 141316, 17021454, 18021490
7, 1, 21
2, 239397, 17757408, 18761143
8, 1, 21
1, 112476, 18315401, 19373586
9, 1, 21
3, 138432, 18021490, 19027522
10, 1, 21
2, 281240, 18761143, 19764256
11, 1, 21
1, 108150, 19373586, 20384046
12, 1, 21
4, 154294, 18445027, 19448204
13, 1, 21
3, 149968, 19027522, 20034307
14, 1, 21
2, 412487, 19764256, 20767508
15, 1, 21
1, 111034, 20384046, 21393483
16, 1, 21
3, 118244, 20034307, 21041574
17, 1, 21
4, 113918, 19448204, 20493834
18, 1, 21
2, 312989, 20767508, 21767932
19, 1, 21
1, 92288, 21393483, 22397605
20, 1, 21
4, 151410, 20493834, 21498669
21, 1, 21
2, 385064, 21767932, 22777482
22, 1, 21
1, 115360, 22397605, 23410446
23, 1, 21
4, 118244, 21498669, 22507536
24, 1, 21
2, 200488, 22777482, 23784778
25, 1, 21
1, 86520, 23410446, 24428695
26, 1, 21
4, 128338, 22507536, 23511211
27, 1, 21
2, 233654, 23784778, 24786341
28, 1, 21
1, 102382, 24428695, 25428792
29, 1, 21
4, 148526, 23511211, 24516706
30, 1, 21
2, 265378, 24786341, 25786984
31, 1, 21
1, 118244, 25428792, 26438862
32, 1, 21
4, 154294, 24516706, 25520711
33, 1, 21
2, 271146, 25786984, 26794640
34, 1, 21
1, 116802, 26438862, 27441804
35, 1, 21
4, 148526, 25520711, 26528275
36, 1, 21
2, 259610, 26794640, 27799639
37, 1, 21
1, 113918, 27441804, 28453651
38, 1, 21
3, 139874, 21041574, 27959350
39, 1, 21
4, 144200, 26528275, 27536568
40, 1, 21
2, 297127, 27799639, 28803678
41, 1, 21
1, 118244, 28453651, 29460388
42, 1, 21
3, 134106, 27959350, 28970675
43, 1, 21
4, 135548, 27536568, 28543004
44, 1, 21
2, 380763, 28803678, 29804870
45, 1, 21
1, 105266, 29460388, 30463719
46, 1, 21
3, 147084, 28970675, 29976059
47, 1, 21
2, 380738, 29804870, 30805681
48, 1, 21
1, 118244, 30463719, 31471157
49, 1, 21
3, 148526, 29976059, 30976171
50, 1, 21
2, 266820, 30805681, 31812893
51, 1, 21
1, 118244, 31471157, 32471209
52, 1, 21
3, 148526, 30976171, 31982737
53, 1, 21
2, 263936, 31812893, 32814569
54, 1, 21
1, 118244, 32471209, 33472189
55, 1, 21
2, 139899, 32814569, 33843546
56, 1, 21
1, 72100, 33472189, 34478073
57, 1, 21
2, 66357, 33843546, 34845765
58, 1, 21
1, 67774, 34478073, 35501433
59, 1, 21
3, 99498, 31982737, 34902717
60, 1, 21
2, 227886, 34845765, 35846611
61, 1, 21
1, 100940, 35501433, 36503329
62, 1, 21
3, 250908, 34902717, 35903869
63, 1, 21
2, 323058, 35846611, 36847244
64, 1, 21
1, 87962, 36503329, 37508330
65, 1, 21
3, 325892, 35903869, 36904761
66, 1, 21
2, 442744, 36847244, 37847620
67, 1, 21
1, 113918, 37508330, 38515547
68, 1, 21
3, 302820, 36904761, 37906237
69, 1, 21
2, 298544, 37847620, 38850526
70, 1, 21
1, 109592, 38515547, 39516918
71, 1, 21
2, 96639, 38850526, 39860481
72, 1, 21
1, 96614, 39516918, 40520712
73, 1, 21
3, 2884, 37906237, 40131508
74, 1, 21
2, 160112, 39860481, 40862147
75, 1, 21
1, 102382, 40520712, 41526220
76, 1, 21
3, 294168, 40131508, 41134033
77, 1, 21
2, 398042, 40862147, 41863000
78, 1, 21
1, 106708, 41526220, 42531372
79, 1, 21
3, 301378, 41134033, 42134163
80, 1, 21
2, 415346, 41863000, 42868034
81, 1, 21
1, 111034, 42531372, 43541222
82, 1, 21
3, 320124, 42134163, 43138080
83, 1, 21
2, 374970, 42868034, 43877210
84, 1, 21
1, 109592, 43541222, 44546165
85, 1, 21
2, 90871, 43877210, 44899631
86, 1, 21
1, 89404, 44546165, 45576984
87, 1, 21
2, 77893, 44899631, 45912210
88, 1, 21
1, 80752, 45576984, 46589535
89, 1, 21
2, 115385, 45912210, 46922237
90, 1, 21
1, 115360, 46589535, 47589844
91, 1, 21
2, 118269, 46922237, 47927093
92, 1, 21
1, 116802, 47589844, 48601925
93, 1, 21
2, 87987, 47927093, 48938101
94, 1, 21
1, 87962, 48601925, 49610147
95, 1, 21
2, 80777, 48938101, 49950171
96, 1, 21
1, 80752, 49610147, 50616271
97, 1, 21
2, 93755, 49950171, 50954702
98, 1, 21
1, 95172, 50616271, 51624623
99, 1, 21
2, 118269, 50954702, 51954844
100, 1, 21
1, 119686, 51624623, 52634259
101, 1, 21
2, 118269, 51954844, 52962188
102, 1, 21
1, 118244, 52634259, 53643657
103, 1, 21
3, 2884, 43138080, 52891890
104, 1, 21
2, 284124, 52962188, 53962513
105, 1, 21
1, 118244, 53643657, 54655407
106, 1, 21
3, 343196, 52891890, 53895117
107, 1, 21
2, 481678, 53962513, 54965570
108, 1, 21
1, 119686, 54655407, 55662952
109, 1, 21
3, 356174, 53895117, 54897824
110, 1, 21
2, 460048, 54965570, 55965804
111, 1, 21
1, 116802, 55662952, 56668598
112, 1, 21
3, 347522, 54897824, 55900049
113, 1, 21
2, 461490, 55965804, 56966453
114, 1, 21
1, 119686, 56668598, 57672286
115, 1, 21
3, 337428, 55900049, 56903176
116, 1, 21
2, 445628, 56966453, 57966504
117, 1, 21
1, 118244, 57672286, 58673207
118, 1, 21
3, 340312, 56903176, 57903272
119, 1, 21
2, 297102, 57966504, 58967294
120, 1, 21
1, 115360, 58673207, 59685816
121, 1, 21
2, 111059, 58967294, 59972502
122, 1, 21
1, 111034, 59685816, 60687974
123, 1, 21
2, 113943, 59972502, 60983430
124, 1, 21
1, 113918, 60687974, 61688230
125, 1, 21
2, 115385, 60983430, 61985936
126, 1, 21
1, 115360, 61688230, 62697736
127, 1, 21
2, 106733, 61985936, 62992483
128, 1, 21
1, 105266, 62697736, 63706741
129, 1, 21
2, 106733, 62992483, 63993966
130, 1, 21
1, 108150, 63706741, 64709424
131, 1, 21
2, 111059, 63993966, 64994725
132, 1, 21
1, 111034, 64709424, 65709692
