0, 14938, 2, 17, 1674931013.833698
4,  12600, 3977195, 4078746
1,  12600, 6670776, 6772225
1, 29093, 2, 17, 1674931013.834279
4,  12600, 3978070, 4079372
2,  12600, 6086349, 6187662
2, 18672, 2, 17, 1674931013.8347635
4,  12600, 3979064, 4080390
3,  12600, 5043268, 5144492
3, 14938, 2, 17, 1674931013.9458733
4,  14000, 4078746, 4191299
1,  14000, 6772225, 6884806
4, 29093, 2, 17, 1674931013.9475436
4,  14000, 4079372, 4192328
2,  14000, 6187662, 6300603
5, 18672, 2, 17, 1674931013.9488177
4,  14000, 4080390, 4192964
3,  14000, 5144492, 5257039
6, 14938, 2, 17, 1674931014.0814352
4,  16800, 4191299, 4326628
1,  16800, 6884806, 7020109
7, 29093, 2, 17, 1674931014.0835671
4,  16800, 4192328, 4328180
2,  16800, 6300603, 6435661
8, 18672, 2, 17, 1674931014.0843494
4,  16800, 4192964, 4328790
3,  16800, 5257039, 5392129
9, 14938, 2, 17, 1674931014.2276099
4,  18200, 4326628, 4472980
1,  18200, 7020109, 7166430
10, 29093, 2, 17, 1674931014.228453
4,  18200, 4328180, 4473997
2,  18200, 6435661, 6581923
11, 18672, 2, 17, 1674931014.2288313
4,  18200, 4328790, 4474175
3,  18200, 5392129, 5538356
12, 14938, 2, 17, 1674931014.4079602
4,  22400, 4472980, 4653321
1,  22400, 7166430, 7346747
13, 29093, 2, 17, 1674931014.4194844
4,  23800, 4473997, 4664949
2,  23800, 6581923, 6773204
14, 18672, 2, 17, 1674931014.4201307
4,  23800, 4474175, 4665711
3,  23800, 5538356, 5729682
15, 14938, 2, 17, 1674931014.6676233
4,  32200, 4653321, 4912917
1,  32200, 7346747, 7606544
16, 29093, 2, 17, 1674931014.6785254
4,  32200, 4664949, 4923772
2,  32200, 6773204, 7032076
17, 18672, 2, 17, 1674931014.6789432
4,  32200, 4665711, 4924443
3,  32200, 5729682, 5988555
18, 26266, 2, 17, 1674931014.739246
4,  477400, 4884565, 4984663
1,  477400, 7578113, 7678196
19, 14938, 2, 17, 1674931015.0417125
4,  46200, 4912917, 5287109
1,  46200, 7606544, 7980579
20, 29093, 2, 17, 1674931015.0954046
4,  51800, 4923772, 5340674
2,  51800, 7032076, 7448828
21, 18672, 2, 17, 1674931015.0960739
4,  51800, 4924443, 5341641
3,  51800, 5988555, 6405091
22, 21913, 2, 17, 1674931016.762999
4,  450800, 6908060, 7008296
1,  450800, 9601662, 9701802
23, 6051, 2, 17, 1674931016.7904897
4,  326200, 6935757, 7035905
2,  326200, 9044079, 9144242
24, 18672, 1, 17, 1674931018.813579
4,  462000, 5341641, 9059088
25, 18672, 1, 17, 1674931018.9148605
4,  12600, 9059088, 9160400
26, 18672, 1, 17, 1674931019.0277739
4,  14000, 9160400, 9273314
27, 18672, 1, 17, 1674931019.1636753
4,  16800, 9273314, 9409181
28, 18672, 1, 17, 1674931019.3100445
4,  18200, 9409181, 9555587
29, 18672, 1, 17, 1674931019.5013924
4,  23800, 9555587, 9746921
30, 18672, 1, 17, 1674931019.7613113
4,  32200, 9746921, 10006675
31, 42982, 1, 17, 1674931019.783719
4,  400400, 9928732, 10028752
32, 42982, 1, 17, 1674931019.7842295
2,  401800, 12037070, 12137488
33, 14938, 2, 17, 1674931020.0422153
4,  621600, 5287109, 10287403
1,  621600, 7980579, 12980839
34, 18672, 1, 17, 1674931020.09934
3,  621600, 6405091, 11408962
35, 29093, 2, 17, 1674931020.0998106
4,  621600, 5340674, 10345039
2,  621600, 7448828, 12453343
36, 18672, 1, 17, 1674931020.1786962
4,  51825, 10006675, 10423494
37, 9376, 2, 17, 1674931021.7892466
4,  287000, 11934405, 12034723
2,  287000, 14042749, 14143030
38, 23644, 1, 17, 1674931022.801724
4,  422800, 12947072, 13047078
39, 23644, 1, 17, 1674931022.8027487
1,  424200, 15640694, 15740992
40, 14938, 1, 17, 1674931023.4689956
4,  424200, 10287403, 13714186
41, 29093, 1, 17, 1674931023.469613
4,  417200, 10345039, 13714397
42, 14938, 1, 17, 1674931023.5705903
4,  14000, 13714186, 13816000
43, 29093, 1, 17, 1674931023.5803125
4,  15400, 13714397, 13825568
44, 14938, 1, 17, 1674931023.6717699
4,  12600, 13816000, 13917288
45, 29093, 1, 17, 1674931023.6816185
4,  12600, 13825568, 13926828
46, 14938, 1, 17, 1674931023.786376
4,  14000, 13917288, 14031531
47, 13215, 2, 17, 1674931023.802729
4,  425600, 13948018, 14048180
1,  425600, 16641524, 16741675
48, 29093, 1, 17, 1674931023.8048406
4,  15400, 13926828, 14050528
49, 14938, 1, 17, 1674931023.921717
4,  16800, 14031531, 14167171
50, 29093, 1, 17, 1674931023.9404037
4,  16800, 14050528, 14185770
51, 18672, 1, 17, 1674931024.0097182
4,  474600, 10423494, 14254927
52, 14938, 1, 17, 1674931024.0680919
4,  18200, 14167171, 14313579
53, 29093, 1, 17, 1674931024.1092007
4,  21000, 14185770, 14354630
54, 18672, 1, 17, 1674931024.11049
4,  12600, 14254927, 14356096
55, 18672, 1, 17, 1674931024.2232156
4,  14000, 14356096, 14468714
56, 14938, 1, 17, 1674931024.259246
4,  23800, 14313579, 14504784
57, 29093, 1, 17, 1674931024.3124456
4,  25200, 14354630, 14557447
58, 18672, 1, 17, 1674931024.3589733
4,  16800, 14468714, 14603814
59, 18672, 1, 17, 1674931024.5046842
4,  18200, 14603814, 14750123
60, 14938, 1, 17, 1674931024.5184891
4,  32200, 14504784, 14763783
61, 29093, 1, 17, 1674931024.5710685
4,  32200, 14557447, 14816452
62, 18672, 1, 17, 1674931024.6960168
4,  23800, 14750123, 14941440
63, 17062, 2, 17, 1674931024.801402
4,  390600, 14946388, 15046498
2,  390600, 17054546, 17154744
64, 14938, 1, 17, 1674931024.9349217
4,  51800, 14763783, 15180125
65, 18672, 1, 17, 1674931024.9553392
4,  32200, 14941440, 15200690
66, 29093, 1, 17, 1674931024.9914565
4,  51800, 14816452, 15236940
67, 14938, 1, 17, 1674931025.047072
1,  621600, 12980839, 17986164
68, 18672, 1, 17, 1674931025.1018014
3,  620200, 11408962, 16411343
69, 29093, 1, 17, 1674931025.1041813
2,  621600, 12453343, 17457729
70, 18672, 1, 17, 1674931025.3720822
4,  51825, 15200690, 15617450
71, 7669, 2, 17, 1674931026.823825
4,  333200, 16969071, 17069132
3,  333200, 18033379, 18133425
72, 45273, 2, 17, 1674931028.8173184
4,  450800, 18962372, 19062609
1,  450800, 21655820, 21756127
73, 14938, 1, 17, 1674931029.9362273
4,  621625, 15180125, 20181607
74, 29093, 1, 17, 1674931030.001465
4,  623025, 15236940, 20246728
75, 14938, 1, 17, 1674931030.0485663
1,  621600, 17986164, 22987637
76, 18672, 1, 17, 1674931030.102631
3,  621600, 16411343, 21412302
77, 29093, 1, 17, 1674931030.1138806
2,  623000, 17457729, 22467765
78, 18672, 1, 17, 1674931030.3734035
4,  621625, 15617450, 20618499
79, 57114, 2, 17, 1674931030.845387
4,  315000, 20990398, 21090582
1,  315000, 23683957, 23784159
80, 40627, 1, 17, 1674931031.8423226
3,  288400, 23052140, 23152173
81, 40627, 1, 17, 1674931031.8426628
4,  289825, 21988038, 22088328
82, 62179, 1, 17, 1674931034.8338327
2,  368200, 27087337, 27187376
83, 62179, 1, 17, 1674931034.8343518
4,  369625, 24979095, 25079376
84, 14938, 1, 17, 1674931034.937737
4,  621625, 20181607, 25182936
85, 29093, 1, 17, 1674931035.002334
4,  621625, 20246728, 25247782
86, 14938, 1, 17, 1674931035.049944
1,  621600, 22987637, 27989075
87, 18672, 1, 17, 1674931035.1134124
3,  623000, 21412302, 26423139
88, 29093, 1, 17, 1674931035.114839
2,  621600, 22467765, 27468630
89, 18672, 1, 17, 1674931035.3838625
4,  623025, 20618499, 25629260
90, 7782, 2, 17, 1674931036.8257625
4,  292600, 26970829, 27071117
2,  292600, 29079191, 29179479
91, 14938, 1, 17, 1674931039.9436743
4,  623025, 25182936, 30189160
92, 29093, 1, 17, 1674931040.0096126
4,  623025, 25247782, 30255175
93, 14938, 1, 17, 1674931040.056178
1,  623000, 27989075, 32995217
94, 18672, 1, 17, 1674931040.1206598
3,  623000, 26423139, 31430478
95, 29093, 1, 17, 1674931040.122096
2,  623000, 27468630, 32476084
96, 18672, 1, 17, 1674931040.391173
4,  623025, 25629260, 30636568
97, 28511, 2, 17, 1674931040.8321168
4,  317800, 30977085, 31077405
1,  317800, 33670706, 33771050
98, 64294, 2, 17, 1674931040.8481965
4,  309400, 30993349, 31093648
2,  309400, 33101679, 33201957
99, 16693, 1, 17, 1674931042.8735461
3,  457800, 34083272, 34183282
100, 16693, 1, 17, 1674931042.8738801
4,  459225, 33019081, 33119356
101, 18672, 1, 17, 1674931042.9490178
3,  351400, 31430478, 34258706
102, 18672, 1, 17, 1674931043.0504174
3,  12600, 34258706, 34360009
103, 18672, 1, 17, 1674931043.1629276
3,  14000, 34360009, 34472536
104, 18672, 1, 17, 1674931043.2982187
3,  16800, 34472536, 34607583
105, 18672, 1, 17, 1674931043.4445112
3,  18200, 34607583, 34753910
106, 18672, 1, 17, 1674931043.6358092
3,  23800, 34753910, 34945211
107, 18672, 1, 17, 1674931043.8941927
3,  32200, 34945211, 35203998
108, 18672, 1, 17, 1674931044.310845
3,  51800, 35203998, 35620393
109, 2393, 2, 17, 1674931044.8714266
4,  320600, 35016800, 35116896
1,  320600, 37710312, 37810491
110, 14938, 1, 17, 1674931044.9543285
4,  623025, 30189160, 35199758
111, 29093, 1, 17, 1674931045.020706
4,  623025, 30255175, 35265962
112, 14938, 1, 17, 1674931045.0670333
1,  623000, 32995217, 38005977
113, 29093, 1, 17, 1674931045.1330805
2,  623000, 32476084, 37486481
114, 18672, 1, 17, 1674931045.3919876
4,  621800, 30636568, 35637274
115, 5168, 2, 17, 1674931045.8865852
4,  266000, 36031837, 36131981
3,  266000, 37096099, 37196257
116, 10035, 1, 17, 1674931047.8795574
3,  249200, 39089226, 39189249
117, 10035, 1, 17, 1674931047.879909
4,  250625, 38025023, 38125514
118, 52150, 2, 17, 1674931048.9033573
4,  365400, 39048081, 39148301
3,  365400, 40112294, 40212565
119, 38774, 2, 17, 1674931048.943467
4,  343000, 39088845, 39188935
3,  343000, 40153147, 40253200
120, 18672, 1, 17, 1674931049.3167744
3,  621600, 35620393, 40625944
121, 14938, 1, 17, 1674931049.964742
4,  623025, 35199758, 40209781
122, 29093, 1, 17, 1674931050.0316424
4,  623025, 35265962, 40277015
123, 14938, 1, 17, 1674931050.0766292
1,  623000, 38005977, 43015743
124, 29093, 1, 17, 1674931050.1330423
2,  621600, 37486481, 42486764
125, 18672, 1, 17, 1674931050.3975892
4,  621625, 35637274, 40642717
126, 30816, 2, 17, 1674931050.894305
4,  259000, 41039382, 41139694
2,  259000, 43147693, 43248008
127, 18672, 1, 17, 1674931054.32571
3,  623000, 40625944, 45635463
128, 49779, 2, 17, 1674931054.9303548
4,  351400, 45075483, 45175756
3,  351400, 46139752, 46240055
129, 14938, 1, 17, 1674931054.9727027
4,  623025, 40209781, 45218223
130, 29093, 1, 17, 1674931055.0407012
4,  623025, 40277015, 45286241
131, 14938, 1, 17, 1674931055.0854347
1,  623000, 43015743, 48024350
132, 29093, 1, 17, 1674931055.1420145
2,  623000, 42486764, 47495796
133, 18672, 1, 17, 1674931055.4083235
4,  623025, 40642717, 45653776
134, 44464, 2, 17, 1674931058.0069077
4,  407400, 48152246, 48252412
3,  407400, 49216500, 49316722
135, 18672, 1, 17, 1674931059.3265903
3,  621600, 45635463, 50636222
136, 14938, 1, 17, 1674931059.978759
4,  623025, 45218223, 50224271
137, 29093, 1, 17, 1674931060.0464077
4,  623025, 45286241, 50291809
138, 14938, 1, 17, 1674931060.0912945
1,  623000, 48024350, 53030356
139, 29093, 1, 17, 1674931060.1476595
2,  623000, 47495796, 52501303
140, 18672, 1, 17, 1674931060.4181244
4,  623025, 45653776, 50663238
141, 49632, 2, 17, 1674931060.9410264
4,  480200, 51086181, 51186377
2,  480200, 53194578, 53294756
142, 19299, 1, 17, 1674931061.9234912
2,  408800, 54177394, 54277401
143, 44579, 1, 17, 1674931061.9237964
2,  459200, 54177416, 54277588
144, 19299, 1, 17, 1674931061.9240775
4,  410225, 52069304, 52169327
145, 44579, 1, 17, 1674931061.9243593
4,  460625, 52069325, 52169475
146, 47388, 2, 17, 1674931062.92168
4,  322000, 53066761, 53166791
1,  322000, 55760390, 55860431
147, 55007, 2, 17, 1674931062.934119
4,  392000, 53078876, 53179169
1,  392000, 55772543, 55872755
148, 63669, 2, 17, 1674931062.942192
4,  466200, 53087112, 53187393
3,  466200, 54151350, 54251575
149, 18672, 1, 17, 1674931064.336646
3,  623000, 50636222, 55645987
150, 14938, 1, 17, 1674931064.979667
4,  621625, 50224271, 55224542
151, 29093, 1, 17, 1674931065.0482538
4,  621625, 50291809, 55293811
152, 14938, 1, 17, 1674931065.0918274
1,  621600, 53030356, 58030610
153, 29093, 1, 17, 1674931065.149777
2,  621600, 52501303, 57503462
154, 18672, 1, 17, 1674931065.4286954
4,  623025, 50663238, 55674119
155, 18672, 1, 17, 1674931069.3374274
3,  621600, 55645987, 60646772
156, 14938, 1, 17, 1674931069.9791353
4,  621625, 55224542, 60224594
157, 29093, 1, 17, 1674931070.0585508
4,  623025, 55293811, 60303717
158, 14938, 1, 17, 1674931070.0919898
1,  621600, 58030610, 63030755
159, 29093, 1, 17, 1674931070.1595109
2,  623000, 57503462, 62513309
160, 18672, 1, 17, 1674931070.4301102
4,  621625, 55674119, 60675058
161, 31731, 2, 17, 1674931073.9698284
4,  257600, 64115055, 64215273
3,  257600, 65179362, 65279524
162, 29238, 2, 17, 1674931073.97756
4,  352800, 64122934, 64223119
3,  352800, 65187266, 65287365
163, 18672, 1, 17, 1674931074.3397682
3,  621600, 60646772, 65649565
164, 14938, 1, 17, 1674931074.989178
4,  623025, 60224594, 65234667
165, 29093, 1, 17, 1674931075.068065
4,  623025, 60303717, 65313329
166, 14938, 1, 17, 1674931075.1020703
1,  623000, 63030755, 68040836
167, 29093, 1, 17, 1674931075.1713767
2,  623000, 62513309, 67522979
168, 18672, 1, 17, 1674931075.4309998
4,  621625, 60675058, 65676461
169, 29093, 1, 17, 1674931077.498041
4,  302425, 65313329, 67743485
170, 29093, 1, 17, 1674931077.5993986
4,  12600, 67743485, 67844800
171, 29093, 1, 17, 1674931077.7121754
4,  14000, 67844800, 67957338
172, 29093, 1, 17, 1674931077.8470197
4,  16800, 67957338, 68092335
173, 29093, 1, 17, 1674931077.9933956
4,  18200, 68092335, 68238556
174, 29093, 1, 17, 1674931078.1848392
4,  23800, 68238556, 68429868
175, 29093, 1, 17, 1674931078.4433894
4,  32200, 68429868, 68688767
176, 29093, 1, 17, 1674931078.8596015
4,  51800, 68688767, 69105130
177, 18672, 1, 17, 1674931079.346043
3,  623000, 65649565, 70655643
178, 33754, 2, 17, 1674931079.9572432
4,  254800, 70102554, 70202668
1,  254800, 72796120, 72896264
179, 14938, 1, 17, 1674931079.9969423
4,  623025, 65234667, 70242446
180, 14938, 1, 17, 1674931080.109779
1,  623000, 68040836, 73048529
181, 29093, 1, 17, 1674931080.1762893
2,  623000, 67522979, 72530010
182, 18672, 1, 17, 1674931080.4374087
4,  623025, 65676461, 70682887
183, 29093, 1, 17, 1674931083.462155
2,  408800, 72530010, 75815432
184, 29093, 1, 17, 1674931083.5635805
2,  12600, 75815432, 75916763
185, 29093, 1, 17, 1674931083.6870422
2,  15400, 75916763, 76040444
186, 29093, 1, 17, 1674931083.8219633
2,  16800, 76040444, 76175631
187, 29093, 1, 17, 1674931083.86735
4,  623125, 69105130, 74112955
188, 38117, 2, 17, 1674931083.90494
4,  368200, 74049748, 74150174
2,  368200, 76158110, 76258481
189, 58844, 2, 17, 1674931083.9784782
4,  435400, 74123399, 74223711
1,  435400, 76817039, 76917315
190, 29093, 1, 17, 1674931083.992199
2,  21000, 76175631, 76345868
191, 29093, 1, 17, 1674931084.2058992
2,  26600, 76345868, 76559522
192, 18672, 1, 17, 1674931084.3519979
3,  623000, 70655643, 75661713
193, 29093, 1, 17, 1674931084.4647436
2,  32200, 76559522, 76818232
194, 29093, 1, 17, 1674931084.9372065
2,  58800, 76818232, 77290508
195, 35359, 2, 17, 1674931084.9585412
4,  250600, 75103721, 75203754
1,  250600, 77797339, 77897375
196, 14938, 1, 17, 1674931085.0054579
4,  623025, 70242446, 75250708
197, 14938, 1, 17, 1674931085.118315
1,  623000, 73048529, 78056801
198, 18672, 1, 17, 1674931085.4434264
4,  623025, 70682887, 75688791
199, 29093, 1, 17, 1674931088.8752968
4,  623100, 74112955, 79120744
200, 18672, 1, 17, 1674931089.3601778
3,  623000, 75661713, 80669074
201, 61808, 2, 17, 1674931089.9223924
4,  399000, 80067387, 80167683
3,  399000, 81131637, 81231929
202, 29093, 1, 17, 1674931089.9451249
2,  623000, 77290508, 82298762
203, 14938, 1, 17, 1674931090.0140874
4,  623025, 75250708, 80259228
204, 14938, 1, 17, 1674931090.1263475
1,  623000, 78056801, 83065372
205, 18672, 1, 17, 1674931090.4534347
4,  623025, 75688791, 80698972
206, 29093, 1, 17, 1674931093.8753645
4,  621625, 79120744, 84120779
207, 29093, 1, 17, 1674931094.2243838
4,  43400, 84120779, 84469804
208, 29093, 1, 17, 1674931094.3263223
4,  12600, 84469804, 84571293
209, 18672, 1, 17, 1674931094.3605406
3,  621600, 80669074, 85669206
210, 29093, 1, 17, 1674931094.438564
4,  14000, 84571293, 84683990
211, 29093, 1, 17, 1674931094.5740173
4,  16800, 84683990, 84819160
212, 29093, 1, 17, 1674931094.7203584
4,  18200, 84819160, 84965613
213, 29093, 1, 17, 1674931094.901454
4,  22400, 84965613, 85146706
214, 29093, 1, 17, 1674931094.9478161
2,  621600, 82298762, 87301483
215, 51237, 2, 17, 1674931094.971375
4,  427000, 85116295, 85216609
2,  427000, 87224608, 87324848
216, 14938, 1, 17, 1674931095.0245583
4,  623025, 80259228, 85269708
217, 14938, 1, 17, 1674931095.1370833
1,  623000, 83065372, 88075858
218, 29093, 1, 17, 1674931095.163411
4,  32225, 85146706, 85408371
219, 18672, 1, 17, 1674931095.4643784
4,  623025, 80698972, 85708903
220, 29093, 1, 17, 1674931095.5344725
4,  46200, 85408371, 85779643
221, 156, 2, 17, 1674931096.0326407
4,  345800, 86177280, 86277669
1,  345800, 88870858, 88971237
222, 18672, 1, 17, 1674931099.360856
3,  621600, 85669206, 90670223
223, 29093, 1, 17, 1674931099.9573038
2,  623000, 87301483, 92310998
224, 14938, 1, 17, 1674931100.0270998
4,  621625, 85269708, 90272270
225, 12022, 2, 17, 1674931100.034203
4,  338800, 90179199, 90279378
3,  338800, 91243373, 91343577
226, 60441, 2, 17, 1674931100.037452
4,  294000, 90182572, 90282716
1,  294000, 92876185, 92976317
227, 14938, 1, 17, 1674931100.1397831
1,  621600, 88075858, 93078618
228, 18672, 1, 17, 1674931100.4661944
4,  621625, 85708903, 90711295
229, 29093, 1, 17, 1674931100.543166
4,  623025, 85779643, 90788356
230, 42101, 2, 17, 1674931103.032864
4,  488600, 93178081, 93278313
3,  488600, 94242365, 94342617
231, 18672, 1, 17, 1674931104.3628306
3,  621600, 90670223, 95672391
232, 29093, 1, 17, 1674931104.9681544
2,  623000, 92310998, 97321936
233, 14938, 1, 17, 1674931105.0359871
4,  623025, 90272270, 95281360
234, 14938, 1, 17, 1674931105.1490042
1,  623000, 93078618, 98087359
235, 18672, 1, 17, 1674931105.477174
4,  623025, 90711295, 95722302
236, 29093, 1, 17, 1674931105.5537329
4,  623025, 90788356, 95799191
237, 40224, 2, 17, 1674931107.0102217
4,  371000, 97155072, 97255328
2,  371000, 99263312, 99363675
238, 18672, 1, 17, 1674931109.371898
3,  623000, 95672391, 100681418
239, 29093, 1, 17, 1674931109.9686854
2,  621600, 97321936, 102322347
240, 14938, 1, 17, 1674931110.036351
4,  621625, 95281360, 100281763
241, 14938, 1, 17, 1674931110.1492162
1,  621600, 98087359, 103088327
242, 18672, 1, 17, 1674931110.4871416
4,  623025, 95722302, 100732153
243, 29093, 1, 17, 1674931110.5543063
4,  621625, 95799191, 100799563
244, 11621, 2, 17, 1674931110.9685838
4,  369600, 101113329, 101213403
2,  369600, 103221402, 103321719
