0, 2, 21
2, 27398, 5530209, 5785655
1, 27398, 6092467, 6347522
1, 2, 21
2, 28840, 5785655, 6103895
1, 28840, 6347522, 6666332
2, 2, 21
2, 25956, 6103895, 6364790
1, 25956, 6666332, 6927314
3, 2, 21
2, 28840, 6364790, 6620390
1, 28840, 6927314, 7180273
4, 2, 21
2, 36050, 6620390, 6938322
1, 36050, 7180273, 7500554
5, 2, 21
2, 43260, 6938322, 7332975
1, 43260, 7500554, 7895507
6, 2, 21
2, 27398, 7332975, 7584706
1, 27398, 7895507, 8147355
7, 2, 21
2, 43260, 7584706, 7977292
1, 43260, 8147355, 8539182
8, 2, 21
2, 69216, 7977292, 8595460
1, 69216, 8539182, 9158155
9, 2, 21
2, 105266, 8595460, 15661163
1, 105266, 9158155, 16223458
10, 2, 21
2, 27398, 15661163, 15918352
1, 27398, 16223458, 16480729
11, 2, 21
2, 36050, 15918352, 16240730
1, 36050, 16480729, 16803544
12, 2, 21
2, 46144, 16240730, 16633912
1, 46144, 16803544, 17196605
13, 2, 21
2, 85078, 16633912, 17401642
1, 85078, 17196605, 17964040
14, 1, 21
2, 60564, 17401642, 17714034
15, 1, 21
1, 36050, 17964040, 18281226
16, 1, 21
3, 38934, 16981746, 17232991
17, 1, 21
2, 66382, 17714034, 17967063
18, 1, 21
1, 37492, 18281226, 18603859
19, 1, 21
3, 37492, 17232991, 17483640
20, 1, 21
2, 83686, 17967063, 18288797
21, 1, 21
3, 36050, 17483640, 17735801
22, 1, 21
1, 46144, 18603859, 19000494
23, 1, 21
2, 62056, 18288797, 18550592
24, 1, 21
3, 30282, 17735801, 18053659
25, 1, 21
1, 25956, 19000494, 19318036
26, 1, 21
2, 36100, 18550592, 18802439
27, 1, 21
3, 40376, 18053659, 18375015
28, 1, 21
1, 24514, 19318036, 19573153
29, 1, 21
2, 66382, 18802439, 19056609
30, 1, 21
3, 40376, 18375015, 18630495
31, 1, 21
2, 64915, 19056609, 19308236
32, 1, 21
1, 33166, 19573153, 19890617
33, 1, 21
3, 38934, 18630495, 18883468
34, 1, 21
2, 98106, 19308236, 19623477
35, 1, 21
1, 44702, 19890617, 20288694
36, 1, 21
3, 46144, 18883468, 19199061
37, 1, 21
4, 36050, 18427668, 18678245
38, 1, 21
2, 98131, 19623477, 19876832
39, 1, 21
3, 34608, 19199061, 19454800
40, 1, 21
4, 44702, 18678245, 18997400
41, 1, 21
2, 95222, 19876832, 20130958
42, 1, 21
1, 62006, 20288694, 20862982
43, 1, 21
3, 46144, 19454800, 19769171
44, 1, 21
4, 40376, 18997400, 19255905
45, 1, 21
2, 131297, 20130958, 20444159
46, 1, 21
1, 28840, 20862982, 21121829
47, 1, 21
4, 47586, 19255905, 19575615
48, 1, 21
3, 73542, 19769171, 20258780
49, 1, 21
1, 36050, 21121829, 21441873
50, 1, 21
2, 199096, 20444159, 20934137
51, 1, 21
4, 37492, 19575615, 19837757
52, 1, 21
3, 37492, 20258780, 20600289
53, 1, 21
2, 69266, 20934137, 21187831
54, 1, 21
4, 21630, 19837757, 20091559
55, 1, 21
1, 38934, 21441873, 21842856
56, 1, 21
3, 17304, 20600289, 20850388
57, 1, 21
2, 57755, 21187831, 21437948
58, 1, 21
4, 23072, 20091559, 20349031
59, 1, 21
1, 17304, 21842856, 22095841
60, 1, 21
3, 31724, 20850388, 21126917
61, 1, 21
4, 31724, 20349031, 20606224
62, 1, 21
2, 108250, 21437948, 21754599
63, 1, 21
1, 24514, 22095841, 22352661
64, 1, 21
3, 37492, 21126917, 21382507
65, 1, 21
4, 38934, 20606224, 20860664
66, 1, 21
2, 102457, 21754599, 22011773
67, 1, 21
1, 30282, 22352661, 22613955
68, 1, 21
2, 100965, 22011773, 22262628
69, 1, 21
3, 46144, 21382507, 21696729
70, 1, 21
4, 44702, 20860664, 21180861
71, 1, 21
1, 28840, 22613955, 22869256
72, 1, 21
2, 157253, 22262628, 22659111
73, 1, 21
1, 44702, 22869256, 23269984
74, 1, 21
4, 73542, 21180861, 21675132
75, 1, 21
2, 54846, 22659111, 22910315
76, 1, 21
4, 23072, 21675132, 21934225
77, 1, 21
1, 36050, 23269984, 23690113
78, 1, 21
2, 49078, 22910315, 23161653
79, 1, 21
4, 37492, 21934225, 22190811
80, 1, 21
1, 25956, 23690113, 23943506
81, 1, 21
2, 63498, 23161653, 23419908
82, 1, 21
4, 30282, 22190811, 22453422
83, 1, 21
2, 50495, 23419908, 23737241
84, 1, 21
1, 30282, 23943506, 24312755
85, 1, 21
4, 23072, 22453422, 22710822
86, 1, 21
2, 53404, 23737241, 23994959
87, 1, 21
1, 23072, 24312755, 24563294
88, 1, 21
4, 24514, 22710822, 22966520
89, 1, 21
2, 50520, 23994959, 24245119
90, 1, 21
1, 20188, 24563294, 24820389
91, 1, 21
4, 47586, 22966520, 23283699
92, 1, 21
1, 30282, 24820389, 25080180
93, 1, 21
2, 98131, 24245119, 24640175
94, 1, 21
4, 34608, 23283699, 23539897
95, 1, 21
1, 30282, 25080180, 25395050
96, 1, 21
4, 53354, 23539897, 23941323
97, 1, 21
1, 36050, 25395050, 25745256
98, 1, 21
2, 145742, 24640175, 25250854
99, 1, 21
1, 34608, 25745256, 26068905
100, 1, 21
4, 86520, 23941323, 24560325
101, 1, 21
1, 40376, 26068905, 26467135
102, 1, 21
4, 76426, 24560325, 25144260
103, 1, 21
4, 37492, 25144260, 25462487
104, 1, 21
1, 83636, 26467135, 27232420
105, 1, 21
4, 37492, 25462487, 25717854
106, 1, 21
4, 46144, 25717854, 26031360
107, 1, 21
4, 54796, 26031360, 26422625
108, 1, 21
4, 139874, 26422625, 27385618
109, 1, 21
3, 54796, 21696729, 27993028
110, 1, 21
4, 40376, 27385618, 27707483
111, 1, 21
3, 36050, 27993028, 28256491
112, 1, 21
2, 934741, 25250854, 28868359
113, 1, 21
1, 253792, 27232420, 29539352
114, 1, 21
3, 27398, 28256491, 28511893
115, 1, 21
2, 83686, 28868359, 29120503
116, 1, 21
4, 38934, 27707483, 28021403
117, 1, 21
1, 31724, 29539352, 29872832
118, 1, 21
3, 38934, 28511893, 28763885
119, 1, 21
4, 27398, 28021403, 28279382
120, 1, 21
2, 108250, 29120503, 29434944
121, 1, 21
1, 20188, 29872832, 30126586
122, 1, 21
3, 33166, 28763885, 29017476
123, 1, 21
4, 36050, 28279382, 28535188
124, 1, 21
1, 24514, 30126586, 30379375
125, 1, 21
2, 148626, 29434944, 29828874
126, 1, 21
3, 40376, 29017476, 29280410
127, 1, 21
4, 38934, 28535188, 28851494
128, 1, 21
1, 30282, 30379375, 30702887
129, 1, 21
3, 47586, 29280410, 29602569
130, 1, 21
4, 34608, 28851494, 29105352
131, 1, 21
4, 36050, 29105352, 29355580
132, 1, 21
1, 40376, 30702887, 31088611
133, 1, 21
3, 54796, 29602569, 29998453
134, 1, 21
2, 291484, 29828874, 30598204
135, 1, 21
4, 46144, 29355580, 29674944
136, 1, 21
1, 36050, 31088611, 31402383
137, 1, 21
4, 31724, 29674944, 29930341
138, 1, 21
3, 74984, 29998453, 30550688
139, 1, 21
2, 204864, 30598204, 31144146
140, 1, 21
1, 46144, 31402383, 31793865
141, 1, 21
3, 34608, 30550688, 30807396
142, 1, 21
2, 64940, 31144146, 31399225
143, 1, 21
1, 36050, 31793865, 32128581
144, 1, 21
3, 44702, 30807396, 31124522
145, 1, 21
2, 76476, 31399225, 31714867
146, 1, 21
1, 34608, 32128581, 32448623
147, 1, 21
3, 57680, 31124522, 31518758
148, 1, 21
2, 102432, 31714867, 32113126
149, 1, 21
1, 43260, 32448623, 32839627
150, 1, 21
3, 112476, 31518758, 32287366
151, 1, 21
2, 199046, 32113126, 32883131
152, 1, 21
1, 87962, 32839627, 33607315
153, 1, 21
3, 36050, 32287366, 32599264
154, 1, 21
3, 33166, 32599264, 32942411
155, 1, 21
2, 164463, 32883131, 33698330
156, 1, 21
2, 34608, 33698330, 34037734
157, 1, 21
1, 111034, 33607315, 34698086
158, 2, 21
2, 8677, 34037734, 34411317
1, 5768, 34698086, 34973280
159, 1, 21
1, 18746, 34973280, 35233855
160, 1, 21
2, 24539, 34411317, 34738883
161, 1, 21
1, 14420, 35233855, 35496461
162, 1, 21
2, 21655, 34738883, 35085512
163, 1, 21
1, 21630, 35496461, 35749710
164, 1, 21
2, 17329, 35085512, 35374577
165, 1, 21
1, 14420, 35749710, 36001398
166, 1, 21
3, 5768, 32942411, 35039580
167, 1, 21
2, 50520, 35374577, 35690459
168, 1, 21
1, 18746, 36001398, 36262314
169, 1, 21
3, 83636, 35039580, 35293170
170, 1, 21
2, 109642, 35690459, 35945099
171, 1, 21
1, 23072, 36262314, 36513076
172, 1, 21
3, 85078, 35293170, 35608356
173, 1, 21
2, 92338, 35945099, 36197201
174, 1, 21
1, 30282, 36513076, 36768924
175, 1, 21
3, 66332, 35608356, 35858376
176, 1, 21
2, 89454, 36197201, 36450621
177, 1, 21
1, 36050, 36768924, 37086711
178, 1, 21
3, 27398, 35858376, 36114800
179, 1, 21
2, 62056, 36450621, 36706637
180, 1, 21
1, 36050, 37086711, 37486982
181, 1, 21
3, 80752, 36114800, 36367462
182, 1, 21
2, 100990, 36706637, 36957993
183, 1, 21
3, 89404, 36367462, 36618043
184, 1, 21
2, 103849, 36957993, 37208800
185, 1, 21
1, 20188, 37486982, 37778591
186, 1, 21
3, 83636, 36618043, 36870602
187, 1, 21
2, 108200, 37208800, 37460236
188, 1, 21
1, 24514, 37778591, 38031576
189, 1, 21
3, 74984, 36870602, 37124570
190, 1, 21
2, 103874, 37460236, 37711907
191, 1, 21
1, 30282, 38031576, 38286684
192, 1, 21
3, 70658, 37124570, 37382905
193, 1, 21
2, 124062, 37711907, 38026897
194, 1, 21
1, 37492, 38286684, 38608277
195, 1, 21
3, 85078, 37382905, 37698340
196, 1, 21
2, 92338, 38026897, 38289171
197, 1, 21
3, 73542, 37698340, 37948848
198, 1, 21
1, 53354, 38608277, 39097941
199, 1, 21
2, 109642, 38289171, 38543414
200, 1, 21
2, 79310, 38543414, 38804878
201, 1, 21
2, 30282, 38804878, 39063682
202, 1, 21
1, 62006, 39097941, 39653369
203, 1, 21
2, 28865, 39063682, 39318155
204, 1, 21
1, 34608, 39653369, 39980242
205, 1, 21
1, 25956, 39980242, 40241383
206, 1, 21
2, 38984, 39318155, 39729455
207, 1, 21
1, 24514, 40241383, 40498872
208, 1, 21
1, 27398, 40498872, 40821573
209, 1, 21
2, 56288, 39729455, 40342565
210, 1, 21
1, 28840, 40821573, 41077880
211, 1, 21
1, 30282, 41077880, 41337325
212, 1, 21
3, 62006, 37948848, 40384179
213, 1, 21
1, 37492, 41337325, 41660868
214, 1, 21
2, 147184, 40342565, 41149712
215, 1, 21
3, 70658, 40384179, 40636961
216, 1, 21
1, 23072, 41660868, 41913656
217, 1, 21
2, 63498, 41149712, 41403261
218, 1, 21
3, 43260, 40636961, 40888443
219, 1, 21
1, 20188, 41913656, 42164572
220, 1, 21
2, 93780, 41403261, 41657335
221, 1, 21
3, 66332, 40888443, 41139964
222, 1, 21
1, 21630, 42164572, 42425350
223, 1, 21
3, 76426, 41139964, 41393590
224, 1, 21
2, 121203, 41657335, 41972460
225, 1, 21
1, 37492, 42425350, 42743423
226, 1, 21
2, 112501, 41972460, 42227587
227, 1, 21
3, 102382, 41393590, 41706705
228, 1, 21
2, 138457, 42227587, 42542207
229, 1, 21
1, 57680, 42743423, 43238685
230, 1, 21
3, 112476, 41706705, 42106687
231, 1, 21
2, 88012, 42542207, 42792292
232, 1, 21
3, 73542, 42106687, 42361010
233, 1, 21
1, 40376, 43238685, 43626948
234, 1, 21
2, 126946, 42792292, 43106905
235, 1, 21
3, 76426, 42361010, 42613110
236, 1, 21
1, 28840, 43626948, 43884197
237, 1, 21
2, 137040, 43106905, 43416932
238, 1, 21
3, 83636, 42613110, 42864377
239, 1, 21
1, 37492, 43884197, 44208533
240, 1, 21
2, 134156, 43416932, 43729794
241, 1, 21
3, 119686, 42864377, 43255556
242, 1, 21
2, 96639, 43729794, 43981415
243, 1, 21
1, 44702, 44208533, 44608142
244, 1, 21
3, 74984, 43255556, 43509221
245, 1, 21
2, 85128, 43981415, 44296701
246, 1, 21
1, 31724, 44608142, 44911786
247, 1, 21
2, 27423, 44296701, 44552231
248, 1, 21
1, 30282, 44911786, 45234369
249, 1, 21
2, 27423, 44552231, 44873290
250, 1, 21
1, 24514, 45234369, 45488495
251, 1, 21
1, 24514, 45488495, 45743738
252, 1, 21
2, 46194, 44873290, 45399506
253, 1, 21
1, 20188, 45743738, 46013226
254, 1, 21
1, 27398, 46013226, 46335492
255, 1, 21
1, 15862, 46335492, 46587353
256, 1, 21
1, 21630, 46587353, 46848150
257, 1, 21
1, 27398, 46848150, 47160870
258, 1, 21
2, 116927, 45399506, 46770838
259, 1, 21
1, 30282, 47160870, 47421203
260, 1, 21
2, 36075, 46770838, 47094689
261, 1, 21
1, 36050, 47421203, 47742824
262, 1, 21
2, 30307, 47094689, 47352341
263, 2, 21
2, 37492, 47352341, 47673446
1, 57680, 47742824, 48235194
264, 1, 21
2, 57680, 47673446, 48163506
265, 1, 21
1, 121128, 48235194, 49308746
266, 1, 21
2, 70683, 48163506, 48842014
267, 1, 21
1, 28840, 49308746, 49635598
268, 1, 21
2, 28865, 48842014, 49174937
269, 1, 21
1, 17304, 49635598, 49912970
270, 1, 21
2, 18771, 49174937, 49432586
271, 1, 21
1, 27398, 49912970, 50171134
272, 1, 21
2, 25981, 49432586, 49696295
273, 1, 21
1, 28840, 50171134, 50494769
274, 1, 21
2, 24539, 49696295, 49963168
275, 1, 21
2, 17304, 49963168, 50255925
276, 1, 21
1, 24514, 50494769, 50878404
277, 1, 21
2, 20213, 50255925, 50517930
278, 1, 21
1, 21630, 50878404, 51135862
279, 1, 21
2, 25981, 50517930, 50780104
280, 1, 21
1, 27398, 51135862, 51460045
281, 1, 21
2, 17329, 50780104, 51031449
282, 2, 21
2, 23072, 51031449, 51291130
1, 33166, 51460045, 51853594
283, 1, 21
2, 30282, 51291130, 51546730
284, 1, 21
1, 41818, 51853594, 52209817
285, 1, 21
2, 37517, 51546730, 51866071
286, 1, 21
1, 37492, 52209817, 52525696
287, 2, 21
2, 59147, 51866071, 52361408
1, 47586, 52525696, 52923892
288, 1, 21
1, 90846, 52923892, 53696847
289, 1, 21
3, 18746, 43509221, 53309161
290, 1, 21
2, 246632, 52361408, 54028501
291, 1, 21
3, 85078, 53309161, 53561132
292, 1, 21
2, 111059, 54028501, 54281862
293, 1, 21
3, 100940, 53561132, 53878317
294, 1, 21
2, 141341, 54281862, 54596209
295, 1, 21
3, 141316, 53878317, 54270801
296, 1, 21
2, 121153, 54596209, 54846798
297, 1, 21
3, 92288, 54270801, 54521101
298, 1, 21
2, 152877, 54846798, 55159601
299, 1, 21
3, 139874, 54521101, 54916500
300, 1, 21
2, 177391, 55159601, 55542215
301, 1, 21
3, 87962, 54916500, 55167181
302, 1, 21
2, 119711, 55542215, 55793917
303, 1, 21
3, 86520, 55167181, 55420971
304, 1, 21
2, 113943, 55793917, 56044441
305, 1, 21
3, 106708, 55420971, 55734025
306, 1, 21
2, 144225, 56044441, 56360249
307, 1, 21
2, 115360, 56360249, 56611577
308, 1, 21
3, 171598, 55734025, 56226283
309, 1, 21
2, 147109, 56611577, 56926259
310, 1, 21
2, 222068, 56926259, 57415572
311, 1, 21
2, 696486, 57415572, 59070835
312, 1, 21
2, 30282, 59070835, 59334083
313, 1, 21
2, 34608, 59334083, 59654107
314, 1, 21
2, 44702, 59654107, 60058386
315, 1, 21
2, 85078, 60058386, 60827282
316, 1, 21
1, 1146390, 53696847, 63708990
317, 1, 21
2, 519145, 60827282, 65531163
318, 2, 21
2, 27398, 65531163, 65785945
1, 285516, 63708990, 66348350
319, 2, 21
2, 36050, 65785945, 66107941
1, 36050, 66348350, 66669088
320, 2, 21
2, 43260, 66107941, 66503146
1, 43260, 66669088, 67064844
