0, 2, 21
2, 72100, 5493092, 6238771
1, 72104, 6049337, 6795043
1, 2, 21
2, 144200, 6238771, 7531114
1, 144204, 6795043, 8087428
2, 2, 21
2, 144200, 7531114, 8821245
1, 144204, 8087428, 9377524
3, 2, 21
2, 217742, 8821245, 16885676
1, 217746, 9377524, 17441937
4, 2, 21
2, 82194, 16885676, 17551230
1, 72104, 17441937, 18107349
5, 2, 21
2, 83636, 17551230, 17873276
1, 36054, 18107349, 18429689
6, 2, 21
2, 43260, 17873276, 18033751
1, 18750, 18429689, 18590151
7, 2, 21
2, 21630, 18033751, 18121781
1, 10098, 18590151, 18677954
8, 2, 21
2, 334544, 18121781, 19533927
1, 144204, 18677954, 20089957
9, 2, 21
2, 268212, 19533927, 20201196
1, 72104, 20089957, 20755778
10, 2, 21
2, 135548, 20201196, 20523877
1, 36054, 20755778, 21078105
11, 2, 21
2, 69216, 20523877, 20691855
1, 18750, 21078105, 21246528
12, 2, 21
2, 490280, 20691855, 22140246
1, 144204, 21246528, 22695770
13, 2, 21
2, 222068, 22140246, 22782492
1, 72104, 22695770, 23338495
14, 2, 21
2, 90846, 22782492, 23223800
1, 36054, 23338495, 23779724
15, 2, 21
2, 41818, 23223800, 23398473
1, 18750, 23779724, 23953162
16, 2, 21
2, 17304, 23398473, 23494348
1, 10098, 23953162, 24048756
17, 2, 21
2, 330218, 23494348, 24985697
1, 144204, 24048756, 25540683
18, 2, 21
2, 330218, 24985697, 26240543
1, 144204, 25540683, 26796520
19, 2, 21
2, 165830, 26240543, 26869879
1, 72104, 26796520, 27425754
20, 2, 21
2, 334544, 26869879, 28165503
1, 144204, 27425754, 28720884
21, 2, 21
2, 455672, 28165503, 29476913
1, 144204, 28720884, 30032493
22, 2, 21
2, 262444, 29476913, 30125104
1, 72104, 30032493, 30680812
23, 2, 21
2, 122570, 30125104, 30433904
1, 36054, 30680812, 30989448
24, 2, 21
2, 354732, 30433904, 31655453
1, 144204, 30989448, 32211487
25, 2, 21
2, 162946, 31655453, 32268244
1, 72104, 32211487, 32824398
26, 2, 21
2, 82194, 32268244, 32574048
1, 36054, 32824398, 33130085
27, 2, 21
2, 232162, 32574048, 34435052
1, 144204, 33130085, 34990414
28, 2, 21
2, 72100, 34435052, 35382782
1, 72104, 34990414, 35938903
29, 2, 21
2, 125454, 35382782, 35689482
1, 36054, 35938903, 36245468
30, 2, 21
2, 80752, 35689482, 35859484
1, 18750, 36245468, 36415554
31, 2, 21
2, 21630, 35859484, 35944779
1, 10098, 36415554, 36500933
32, 2, 21
2, 11536, 35944779, 35993084
1, 5772, 36500933, 36549240
33, 2, 21
2, 569590, 35993084, 37478468
1, 144204, 36549240, 38034263
34, 2, 21
2, 261002, 37478468, 38129414
1, 72104, 38034263, 38685556
35, 2, 21
2, 134106, 38129414, 38457387
1, 36054, 38685556, 39012777
36, 2, 21
2, 144200, 38457387, 39906663
1, 144204, 39012777, 40462922
37, 2, 21
2, 72100, 39906663, 40527914
1, 72104, 40462922, 41084072
38, 2, 21
2, 543634, 40527914, 41973223
1, 144204, 41084072, 42527838
39, 2, 21
2, 262444, 41973223, 42640548
1, 72104, 42527838, 43196447
40, 2, 21
2, 139874, 42640548, 42952963
1, 36054, 43196447, 43508939
41, 2, 21
2, 69216, 42952963, 43114763
1, 18750, 43508939, 43669822
42, 2, 21
2, 317240, 43114763, 44512952
1, 144204, 43669822, 45069198
43, 2, 21
2, 72100, 44512952, 45464176
1, 72104, 45069198, 46020320
44, 2, 21
2, 36050, 45464176, 45917107
1, 36054, 46020320, 46472553
45, 2, 21
2, 144200, 45917107, 47180433
1, 144204, 46472553, 47735746
46, 2, 21
2, 72100, 47180433, 47784798
1, 72104, 47735746, 48339958
47, 2, 21
2, 144200, 47784798, 49372970
1, 144204, 48339958, 49929166
48, 2, 21
2, 144200, 49372970, 51039139
1, 144204, 49929166, 51594088
49, 2, 21
2, 144200, 51039139, 52258491
1, 144204, 51594088, 52814528
50, 2, 21
2, 72100, 52258491, 52869636
1, 72104, 52814528, 53425146
51, 2, 21
2, 370594, 52869636, 54107573
1, 144204, 53425146, 54663594
52, 2, 21
2, 294168, 54107573, 54713585
1, 72104, 54663594, 55269333
53, 2, 21
2, 142758, 54713585, 55021317
1, 36054, 55269333, 55576392
54, 2, 21
2, 563822, 55021317, 56257915
1, 144204, 55576392, 56812535
55, 2, 21
2, 553728, 56257915, 57472158
1, 144204, 56812535, 58026467
56, 2, 21
2, 485954, 57472158, 58701137
1, 144204, 58026467, 59252196
57, 2, 21
2, 144200, 58701137, 60004278
1, 144204, 59252196, 60560207
58, 2, 21
2, 72100, 60004278, 60647841
1, 72104, 60560207, 61204064
59, 2, 21
2, 144200, 60647841, 61901086
1, 144204, 61204064, 62457351
60, 2, 21
2, 144200, 61901086, 63263991
1, 144204, 62457351, 63819958
61, 2, 21
2, 144200, 63263991, 64595361
1, 144204, 63819958, 65150886
