0, 2, 21
2, 27398, 5651421, 5906202
1, 27398, 6191185, 6445667
1, 2, 21
2, 27398, 5906202, 6214119
1, 27398, 6445667, 6753130
2, 1, 21
1, 24514, 6753130, 7003145
3, 1, 21
2, 25981, 6214119, 6475892
4, 1, 21
1, 28840, 7003145, 7256462
5, 1, 21
2, 28865, 6475892, 6729007
6, 1, 21
1, 28840, 7256462, 7513118
7, 1, 21
2, 28865, 6729007, 6985438
8, 1, 21
1, 28840, 7513118, 7766247
9, 1, 21
2, 28865, 6985438, 7242435
10, 1, 21
1, 27398, 7766247, 8020585
11, 1, 21
2, 27423, 7242435, 7493326
12, 1, 21
1, 27398, 8020585, 8270924
13, 1, 21
2, 28865, 7493326, 7755225
14, 1, 21
1, 27398, 8270924, 8523124
15, 1, 21
2, 27423, 7755225, 8007679
16, 1, 21
1, 28840, 8523124, 8781147
17, 1, 21
2, 28865, 8007679, 8268274
18, 1, 21
1, 28840, 8781147, 9040498
19, 1, 21
2, 28865, 8268274, 8528231
20, 1, 21
1, 28840, 9040498, 9292728
21, 1, 21
2, 30307, 8528231, 8788844
22, 1, 21
1, 28840, 9292728, 9552466
23, 1, 21
2, 28865, 8788844, 9050012
24, 1, 21
1, 28840, 9552466, 9811764
25, 1, 21
2, 28865, 9050012, 9313850
26, 1, 21
1, 27398, 9811764, 10065796
27, 1, 21
2, 28865, 9313850, 9574078
28, 2, 21
2, 10094, 9574078, 15781576
1, 15862, 10065796, 16321037
29, 2, 21
2, 27398, 15781576, 16038588
1, 27398, 16321037, 16578001
30, 2, 21
2, 28840, 16038588, 16300575
1, 28840, 16578001, 16839763
31, 2, 21
2, 30282, 16300575, 16556859
1, 30282, 16839763, 17095871
32, 2, 21
2, 30282, 16556859, 16816609
1, 30282, 17095871, 17355594
33, 2, 21
2, 28840, 16816609, 17068435
1, 28840, 17355594, 17607566
34, 2, 21
2, 27398, 17068435, 17320458
1, 27398, 17607566, 17859487
35, 2, 21
2, 27398, 17320458, 17576090
1, 27398, 17859487, 18115538
36, 2, 21
2, 63448, 17576090, 17837453
1, 30282, 18115538, 18376827
37, 1, 21
3, 38934, 17078556, 17329462
38, 1, 21
2, 67799, 17837453, 18096898
39, 1, 21
1, 30282, 18376827, 18637099
40, 1, 21
3, 38934, 17329462, 17586998
41, 1, 21
2, 64915, 18096898, 18350114
42, 1, 21
1, 30282, 18637099, 18895451
43, 1, 21
3, 36050, 17586998, 17841295
44, 1, 21
2, 60614, 18350114, 18602563
45, 1, 21
1, 30282, 18895451, 19154851
46, 1, 21
3, 28840, 17841295, 18149296
47, 1, 21
2, 37542, 18602563, 18854716
48, 1, 21
1, 18746, 19154851, 19411658
49, 1, 21
3, 28840, 18149296, 18399641
50, 1, 21
2, 63498, 18854716, 19111397
51, 1, 21
1, 24514, 19411658, 19666828
52, 1, 21
3, 40376, 18399641, 18655845
53, 1, 21
2, 67824, 19111397, 19367908
54, 1, 21
1, 27398, 19666828, 19923119
55, 1, 21
3, 38934, 18655845, 18907148
56, 1, 21
2, 66382, 19367908, 19618695
57, 1, 21
1, 28840, 19923119, 20178415
58, 1, 21
3, 40376, 18907148, 19163708
59, 1, 21
2, 102432, 19618695, 19870622
60, 1, 21
4, 40376, 18521946, 18777707
61, 1, 21
1, 28840, 20178415, 20435280
62, 1, 21
3, 38934, 19163708, 19422332
63, 1, 21
2, 101015, 19870622, 20120906
64, 1, 21
4, 36050, 18777707, 19030558
65, 1, 21
1, 28840, 20435280, 20687512
66, 1, 21
3, 36050, 19422332, 19675754
67, 1, 21
2, 101015, 20120906, 20372264
68, 1, 21
4, 40376, 19030558, 19283474
69, 1, 21
1, 25956, 20687512, 20946353
70, 1, 21
3, 37492, 19675754, 19928867
71, 1, 21
2, 103899, 20372264, 20622691
72, 1, 21
4, 38934, 19283474, 19535170
73, 1, 21
1, 28840, 20946353, 21203156
74, 1, 21
3, 38934, 19928867, 20183469
75, 1, 21
2, 103899, 20622691, 20874721
76, 1, 21
4, 37492, 19535170, 19789184
77, 1, 21
1, 28840, 21203156, 21460421
78, 1, 21
3, 38934, 20183469, 20442112
79, 1, 21
2, 85153, 20874721, 21132521
80, 1, 21
4, 25956, 19789184, 20041855
81, 1, 21
1, 28840, 21460421, 21712965
82, 1, 21
3, 24514, 20442112, 20706590
83, 1, 21
2, 63523, 21132521, 21388526
84, 1, 21
4, 18746, 20041855, 20307041
85, 1, 21
1, 21630, 21712965, 21968448
86, 1, 21
3, 20188, 20706590, 20965682
87, 1, 21
2, 80827, 21388526, 21640892
88, 1, 21
1, 18746, 21968448, 22221450
89, 1, 21
4, 30282, 20307041, 20569243
90, 1, 21
3, 31724, 20965682, 21224219
91, 1, 21
2, 86595, 21640892, 21892731
92, 1, 21
1, 24514, 22221450, 22475142
93, 1, 21
4, 38934, 20569243, 20824223
94, 1, 21
3, 38934, 21224219, 21481240
95, 1, 21
2, 106783, 21892731, 22144529
96, 1, 21
1, 30282, 22475142, 22733395
97, 1, 21
4, 38934, 20824223, 21084235
98, 1, 21
3, 37492, 21481240, 21737208
99, 1, 21
2, 102457, 22144529, 22397330
100, 1, 21
4, 37492, 21084235, 21335350
101, 1, 21
1, 28840, 22733395, 22992500
102, 1, 21
3, 37492, 21737208, 21993355
103, 1, 21
2, 99573, 22397330, 22650258
104, 1, 21
4, 37492, 21335350, 21588727
105, 1, 21
1, 28840, 22992500, 23253941
106, 1, 21
2, 62056, 22650258, 22913017
107, 1, 21
4, 25956, 21588727, 21841972
108, 1, 21
1, 28840, 23253941, 23505462
109, 1, 21
2, 46194, 22913017, 23164311
110, 1, 21
4, 33166, 21841972, 22093581
111, 1, 21
1, 17304, 23505462, 23758634
112, 1, 21
2, 63498, 23164311, 23430234
113, 1, 21
4, 37492, 22093581, 22348216
114, 1, 21
1, 25956, 23758634, 24016830
115, 1, 21
2, 51962, 23430234, 23683212
116, 1, 21
4, 21630, 22348216, 22620661
117, 1, 21
1, 27398, 24016830, 24284141
118, 1, 21
2, 43310, 23683212, 23933260
119, 1, 21
4, 28840, 22620661, 22874863
120, 1, 21
1, 15862, 24284141, 24539369
121, 1, 21
2, 49078, 23933260, 24190069
122, 1, 21
4, 28840, 22874863, 23127069
123, 1, 21
1, 21630, 24539369, 24790187
124, 1, 21
2, 62056, 24190069, 24441296
125, 1, 21
4, 36050, 23127069, 23377682
126, 1, 21
1, 27398, 24790187, 25043367
127, 1, 21
2, 64940, 24441296, 24698077
128, 1, 21
4, 37492, 23377682, 23631631
129, 1, 21
1, 27398, 25043367, 25299958
130, 1, 21
2, 64940, 24698077, 24951215
131, 1, 21
4, 37492, 23631631, 23884781
132, 1, 21
1, 28840, 25299958, 25558736
133, 1, 21
2, 64940, 24951215, 25202796
134, 1, 21
4, 36050, 23884781, 24143896
135, 1, 21
1, 30282, 25558736, 25814375
136, 1, 21
2, 66382, 25202796, 25457123
137, 1, 21
4, 37492, 24143896, 24401020
138, 1, 21
1, 30282, 25814375, 26070486
139, 1, 21
2, 66382, 25457123, 25708666
140, 1, 21
4, 38934, 24401020, 24656425
141, 1, 21
1, 28840, 26070486, 26330649
142, 1, 21
2, 66382, 25708666, 25958874
143, 1, 21
4, 38934, 24656425, 24907234
144, 1, 21
1, 28840, 26330649, 26588373
145, 1, 21
2, 69266, 25958874, 26212442
146, 1, 21
4, 40376, 24907234, 25162435
147, 1, 21
1, 28840, 26588373, 26845789
148, 1, 21
2, 66382, 26212442, 26464379
149, 1, 21
4, 38934, 25162435, 25422338
150, 1, 21
1, 28840, 26845789, 27107174
151, 1, 21
2, 64940, 26464379, 26718886
152, 1, 21
4, 37492, 25422338, 25676785
153, 1, 21
1, 27398, 27107174, 27361053
154, 1, 21
2, 66382, 26718886, 26974012
155, 1, 21
4, 37492, 25676785, 25927982
156, 1, 21
1, 28840, 27361053, 27618833
157, 1, 21
2, 63498, 26974012, 27225478
158, 1, 21
4, 36050, 25927982, 26186173
159, 1, 21
1, 28840, 27618833, 27878109
160, 1, 21
2, 66382, 27225478, 27479398
161, 1, 21
4, 38934, 26186173, 26438540
162, 1, 21
1, 27398, 27878109, 28134304
163, 1, 21
2, 64940, 27479398, 27729867
164, 1, 21
4, 37492, 26438540, 26692409
165, 1, 21
1, 28840, 28134304, 28385176
166, 1, 21
2, 66382, 27729867, 27989374
167, 1, 21
4, 37492, 26692409, 26948843
168, 1, 21
1, 28840, 28385176, 28648235
169, 1, 21
2, 66382, 27989374, 28242839
170, 1, 21
4, 37492, 26948843, 27202586
171, 1, 21
1, 27398, 28648235, 28900525
172, 1, 21
2, 62056, 28242839, 28495088
173, 1, 21
3, 15862, 21993355, 28022289
174, 1, 21
4, 34608, 27202586, 27456265
175, 1, 21
1, 27398, 28900525, 29160726
176, 1, 21
2, 90921, 28495088, 28745683
177, 1, 21
3, 36050, 28022289, 28285133
178, 1, 21
4, 36050, 27456265, 27730849
179, 1, 21
1, 27398, 29160726, 29412756
180, 1, 21
2, 77943, 28745683, 28999438
181, 1, 21
3, 27398, 28285133, 28538173
182, 1, 21
4, 28840, 27730849, 27984601
183, 1, 21
1, 28840, 29412756, 29663581
184, 1, 21
2, 103899, 28999438, 29251451
185, 1, 21
3, 38934, 28538173, 28790263
186, 1, 21
4, 38934, 27984601, 28248927
187, 1, 21
1, 21630, 29663581, 29926020
188, 1, 21
2, 98131, 29251451, 29508857
189, 1, 21
3, 33166, 28790263, 29043245
190, 1, 21
4, 33166, 28248927, 28499398
191, 1, 21
1, 27398, 29926020, 30183875
192, 1, 21
2, 93805, 29508857, 29760940
193, 1, 21
3, 40376, 29043245, 29302388
194, 1, 21
4, 38934, 28499398, 28758517
195, 1, 21
1, 25956, 30183875, 30437132
196, 1, 21
2, 99573, 29760940, 30016804
197, 1, 21
3, 37492, 29302388, 29559214
198, 1, 21
4, 37492, 28758517, 29015476
199, 1, 21
1, 25956, 30437132, 30697494
200, 1, 21
2, 99573, 30016804, 30268840
201, 1, 21
3, 37492, 29559214, 29815194
202, 1, 21
4, 37492, 29015476, 29273553
203, 1, 21
1, 27398, 30697494, 30961845
204, 1, 21
2, 98131, 30268840, 30521515
205, 1, 21
3, 36050, 29815194, 30072768
206, 1, 21
4, 34608, 29273553, 29525675
207, 1, 21
1, 27398, 30961845, 31219442
208, 1, 21
2, 93805, 30521515, 30772640
209, 1, 21
3, 37492, 30072768, 30323917
210, 1, 21
1, 30282, 31219442, 31478311
211, 1, 21
2, 66382, 30772640, 31023743
212, 1, 21
3, 37492, 30323917, 30574861
213, 1, 21
1, 30282, 31478311, 31735309
214, 1, 21
2, 67824, 31023743, 31279123
215, 1, 21
3, 37492, 30574861, 30833966
216, 1, 21
1, 28840, 31735309, 31985380
217, 1, 21
2, 64940, 31279123, 31530117
218, 1, 21
3, 38934, 30833966, 31091504
219, 1, 21
1, 28840, 31985380, 32240003
220, 1, 21
2, 66382, 31530117, 31781153
221, 1, 21
3, 37492, 31091504, 31350067
222, 1, 21
1, 30282, 32240003, 32495918
223, 1, 21
2, 69266, 31781153, 32036775
224, 1, 21
3, 38934, 31350067, 31603543
225, 1, 21
1, 30282, 32495918, 32754593
226, 1, 21
2, 66382, 32036775, 32287600
227, 1, 21
3, 36050, 31603543, 31858987
228, 1, 21
1, 30282, 32754593, 33010474
229, 1, 21
2, 66382, 32287600, 32538891
230, 1, 21
3, 38934, 31858987, 32109627
231, 1, 21
1, 30282, 33010474, 33270641
232, 1, 21
2, 64940, 32538891, 32792731
233, 1, 21
3, 31724, 32109627, 32382769
234, 1, 21
1, 30282, 33270641, 33528200
235, 1, 21
2, 59172, 32792731, 33043013
236, 1, 21
3, 36050, 32382769, 32636752
237, 1, 21
1, 30282, 33528200, 33783533
238, 1, 21
2, 60614, 33043013, 33295817
239, 1, 21
3, 15862, 32636752, 32892696
240, 1, 21
1, 25956, 33783533, 34039130
241, 1, 21
2, 34658, 33295817, 33549947
242, 1, 21
1, 27398, 34039130, 34294301
243, 1, 21
2, 27423, 33549947, 33811395
244, 1, 21
1, 12978, 34294301, 34560871
245, 1, 21
2, 10119, 33811395, 34212135
246, 1, 21
1, 8652, 34560871, 34814593
247, 1, 21
2, 18771, 34212135, 34472322
248, 1, 21
1, 18746, 34814593, 35080188
249, 1, 21
2, 14445, 34472322, 34734916
250, 1, 21
1, 14420, 35080188, 35342683
251, 1, 21
2, 21655, 34734916, 34988743
252, 1, 21
1, 23072, 35342683, 35657451
253, 1, 21
2, 14445, 34988743, 35240194
254, 1, 21
1, 18746, 35657451, 35909067
255, 2, 21
2, 18771, 35240194, 35493151
3, 4326, 32892696, 34955303
256, 1, 21
1, 15862, 35909067, 36160429
257, 2, 21
2, 106733, 35493151, 35746453
3, 83636, 34955303, 35208866
258, 1, 21
1, 28840, 36160429, 36415843
259, 1, 21
2, 109617, 35746453, 35997152
260, 1, 21
3, 80752, 35208866, 35512151
261, 1, 21
1, 28840, 36415843, 36669929
262, 1, 21
2, 80802, 35997152, 36252245
263, 1, 21
3, 67774, 35512151, 35764901
264, 1, 21
1, 30282, 36669929, 36929526
265, 1, 21
2, 69266, 36252245, 36505838
266, 1, 21
3, 28840, 35764901, 36023270
267, 1, 21
1, 21630, 36929526, 37183312
268, 1, 21
2, 83686, 36505838, 36756416
269, 1, 21
3, 80752, 36023270, 36273720
270, 1, 21
1, 21630, 37183312, 37445919
271, 1, 21
2, 109642, 36756416, 37009737
272, 1, 21
3, 89404, 36273720, 36523869
273, 1, 21
1, 15862, 37445919, 37702437
274, 1, 21
2, 108200, 37009737, 37260063
275, 1, 21
3, 86520, 36523869, 36776538
276, 1, 21
1, 30282, 37702437, 37963604
277, 1, 21
2, 111084, 37260063, 37512188
278, 1, 21
3, 80752, 36776538, 37030060
279, 1, 21
1, 30282, 37963604, 38224218
280, 1, 21
2, 105316, 37512188, 37763084
281, 1, 21
3, 73542, 37030060, 37282707
282, 1, 21
1, 28840, 38224218, 38476407
283, 1, 21
2, 103874, 37763084, 38016894
284, 1, 21
3, 73542, 37282707, 37543996
285, 1, 21
1, 27398, 38476407, 38727882
286, 1, 21
2, 95222, 38016894, 38269362
287, 1, 21
3, 76426, 37543996, 37795211
288, 1, 21
1, 28840, 38727882, 38991156
289, 1, 21
2, 106758, 38269362, 38519795
290, 1, 21
1, 27398, 38991156, 39247710
291, 1, 21
2, 28865, 38519795, 38771772
292, 1, 21
1, 28840, 39247710, 39500686
293, 1, 21
2, 28865, 38771772, 39022857
294, 1, 21
1, 28840, 39500686, 39766785
295, 1, 21
2, 25981, 39022857, 39279403
296, 1, 21
1, 25956, 39766785, 40026846
297, 1, 21
2, 25981, 39279403, 39539929
298, 1, 21
1, 23072, 40026846, 40279551
299, 1, 21
2, 23097, 39539929, 39797703
300, 1, 21
1, 20188, 40279551, 40534746
301, 1, 21
2, 21655, 39797703, 40055310
302, 1, 21
1, 27398, 40534746, 40791609
303, 1, 21
2, 28865, 40055310, 40312504
304, 1, 21
1, 30282, 40791609, 41051791
305, 1, 21
2, 28865, 40312504, 40564121
306, 1, 21
3, 60564, 37795211, 40206666
307, 1, 21
1, 30282, 41051791, 41312054
308, 1, 21
2, 53404, 40564121, 40815459
309, 1, 21
1, 25956, 41312054, 41565624
310, 1, 21
3, 77868, 40206666, 40525304
311, 1, 21
2, 80802, 40815459, 41068873
312, 1, 21
1, 18746, 41565624, 41822901
313, 1, 21
3, 73542, 40525304, 40775472
314, 1, 21
2, 93780, 41068873, 41320991
315, 1, 21
3, 83636, 40775472, 41029657
316, 1, 21
2, 106733, 41320991, 41571350
317, 1, 21
1, 28840, 41822901, 42150931
318, 1, 21
3, 82194, 41029657, 41283516
319, 1, 21
2, 106758, 41571350, 41824157
320, 1, 21
1, 30282, 42150931, 42413224
321, 2, 21
2, 109617, 41824157, 42075261
3, 80752, 41283516, 41537374
322, 1, 21
1, 30282, 42413224, 42669326
323, 2, 21
2, 100965, 42075261, 42326420
3, 72100, 41537374, 41788750
324, 1, 21
1, 28840, 42669326, 42919451
325, 2, 21
2, 96639, 42326420, 42578574
3, 66332, 41788750, 42040946
326, 1, 21
1, 30282, 42919451, 43177903
327, 1, 21
3, 77868, 42040946, 42290965
328, 1, 21
2, 106758, 42578574, 42832310
329, 1, 21
1, 24514, 43177903, 43429392
330, 2, 21
2, 109617, 42832310, 43082444
3, 86520, 42290965, 42544907
331, 1, 21
1, 28840, 43429392, 43686552
332, 2, 21
2, 111059, 43082444, 43333508
3, 82194, 42544907, 42796034
333, 1, 21
1, 28840, 43686552, 43937006
334, 2, 21
2, 96639, 43333508, 43584562
3, 66332, 42796034, 43046712
335, 1, 21
1, 30282, 43937006, 44195607
336, 1, 21
2, 96639, 43584562, 43843115
337, 1, 21
1, 27398, 44195607, 44446566
338, 1, 21
2, 25981, 43843115, 44094539
339, 1, 21
1, 25956, 44446566, 44699007
340, 1, 21
2, 28865, 44094539, 44360698
341, 1, 21
1, 27398, 44699007, 44956052
342, 1, 21
2, 23097, 44360698, 44641321
343, 1, 21
1, 20188, 44956052, 45211206
344, 1, 21
2, 27423, 44641321, 44894894
345, 1, 21
1, 28840, 45211206, 45473371
346, 1, 21
2, 24539, 44894894, 45155372
347, 1, 21
1, 21630, 45473371, 45774405
348, 1, 21
2, 15887, 45155372, 45405734
349, 1, 21
1, 20188, 45774405, 46025307
350, 1, 21
2, 21655, 45405734, 45659970
351, 1, 21
1, 23072, 46025307, 46296948
352, 1, 21
2, 17329, 45659970, 45911525
353, 1, 21
1, 17304, 46296948, 46556356
354, 1, 21
2, 18771, 45911525, 46168444
355, 1, 21
1, 18746, 46556356, 46812350
356, 1, 21
2, 24539, 46168444, 46430030
357, 1, 21
1, 28840, 46812350, 47068666
358, 1, 21
2, 30307, 46430030, 46689883
359, 1, 21
1, 28840, 47068666, 47319051
360, 1, 21
2, 28865, 46689883, 46950519
361, 1, 21
1, 28840, 47319051, 47576138
362, 1, 21
2, 30307, 46950519, 47210596
363, 1, 21
1, 30282, 47576138, 47836507
364, 1, 21
2, 30307, 47210596, 47467566
365, 1, 21
1, 30282, 47836507, 48096061
366, 1, 21
2, 28865, 47467566, 47719408
367, 1, 21
1, 30282, 48096061, 48355763
368, 1, 21
2, 30307, 47719408, 47972419
369, 1, 21
1, 30282, 48355763, 48608203
370, 1, 21
2, 30307, 47972419, 48226867
371, 1, 21
1, 30282, 48608203, 48867437
372, 1, 21
2, 23097, 48226867, 48490548
373, 1, 21
1, 21630, 48867437, 49121742
374, 1, 21
2, 24539, 48490548, 48745540
375, 1, 21
1, 23072, 49121742, 49375702
376, 1, 21
2, 21655, 48745540, 49001569
377, 1, 21
1, 20188, 49375702, 49650607
378, 1, 21
2, 17329, 49001569, 49255028
379, 1, 21
1, 23072, 49650607, 49908303
380, 1, 21
2, 25981, 49255028, 49507837
381, 1, 21
1, 24514, 49908303, 50165300
382, 1, 21
2, 23097, 49507837, 49758475
383, 1, 21
1, 23072, 50165300, 50426280
384, 1, 21
2, 18771, 49758475, 50035513
385, 1, 21
1, 14420, 50426280, 50688021
386, 1, 21
2, 18771, 50035513, 50316684
387, 1, 21
1, 21630, 50688021, 50952273
388, 1, 21
2, 25981, 50316684, 50569121
389, 1, 21
1, 25956, 50952273, 51262189
390, 1, 21
2, 17329, 50569121, 50829552
391, 1, 21
1, 23072, 51262189, 51522488
392, 1, 21
2, 21655, 50829552, 51080474
393, 1, 21
1, 24514, 51522488, 51781313
394, 1, 21
2, 30307, 51080474, 51338482
395, 1, 21
1, 30282, 51781313, 52039082
396, 1, 21
2, 30307, 51338482, 51596174
397, 1, 21
1, 30282, 52039082, 52294163
398, 1, 21
2, 30307, 51596174, 51851607
399, 1, 21
1, 30282, 52294163, 52548533
400, 1, 21
2, 30307, 51851607, 52104825
401, 1, 21
1, 30282, 52548533, 52802945
402, 1, 21
2, 30307, 52104825, 52360814
403, 1, 21
1, 30282, 52802945, 53060679
404, 1, 21
2, 30307, 52360814, 52621479
405, 1, 21
1, 30282, 53060679, 53319480
406, 1, 21
2, 30307, 52621479, 52877323
407, 1, 21
1, 30282, 53319480, 53575500
408, 1, 21
2, 30307, 52877323, 53131787
409, 1, 21
1, 30282, 53575500, 53829686
410, 1, 21
2, 30307, 53131787, 53393496
411, 1, 21
3, 69216, 43046712, 52999651
412, 1, 21
1, 28840, 53829686, 54083011
413, 1, 21
2, 66382, 53393496, 53643630
414, 1, 21
3, 85078, 52999651, 53252681
415, 1, 21
1, 30282, 54083011, 54341575
416, 1, 21
2, 111084, 53643630, 53895111
417, 1, 21
3, 82194, 53252681, 53506990
418, 1, 21
1, 30282, 54341575, 54602214
419, 1, 21
2, 109642, 53895111, 54148553
420, 1, 21
3, 85078, 53506990, 53760291
421, 1, 21
1, 30282, 54602214, 54859022
422, 1, 21
2, 121178, 54148553, 54399733
423, 1, 21
3, 93730, 53760291, 54013651
424, 1, 21
1, 30282, 54859022, 55118976
425, 1, 21
2, 122620, 54399733, 54651812
426, 1, 21
3, 93730, 54013651, 54267198
427, 1, 21
1, 30282, 55118976, 55374408
428, 1, 21
2, 122620, 54651812, 54904590
429, 1, 21
3, 92288, 54267198, 54518366
430, 1, 21
1, 30282, 55374408, 55628046
431, 1, 21
2, 116852, 54904590, 55154826
432, 1, 21
3, 82194, 54518366, 54770885
433, 1, 21
1, 30282, 55628046, 55884194
434, 1, 21
2, 119736, 55154826, 55406758
435, 1, 21
3, 89404, 54770885, 55021485
436, 1, 21
1, 30282, 55884194, 56137849
437, 1, 21
2, 113968, 55406758, 55658996
438, 1, 21
3, 85078, 55021485, 55274606
439, 1, 21
1, 30282, 56137849, 56396539
440, 1, 21
2, 115410, 55658996, 55910123
441, 1, 21
3, 89404, 55274606, 55528194
442, 1, 21
1, 28840, 56396539, 56646611
443, 1, 21
2, 116852, 55910123, 56161634
444, 1, 21
3, 87962, 55528194, 55782019
445, 1, 21
1, 28840, 56646611, 56905779
446, 1, 21
2, 112526, 56161634, 56412178
447, 1, 21
3, 83636, 55782019, 56033104
448, 1, 21
1, 30282, 56905779, 57157124
449, 1, 21
2, 113968, 56412178, 56665685
450, 1, 21
3, 80752, 56033104, 56285733
451, 1, 21
1, 30282, 57157124, 57412146
452, 1, 21
2, 108200, 56665685, 56918571
453, 1, 21
3, 80752, 56285733, 56538762
454, 1, 21
1, 30282, 57412146, 57665368
455, 1, 21
2, 116852, 56918571, 57169976
456, 1, 21
3, 85078, 56538762, 56791972
457, 1, 21
1, 30282, 57665368, 57921172
458, 1, 21
2, 112526, 57169976, 57420204
459, 1, 21
3, 82194, 56791972, 57042099
460, 1, 21
1, 30282, 57921172, 58175891
461, 1, 21
2, 112526, 57420204, 57672928
462, 1, 21
3, 80752, 57042099, 57299762
463, 1, 21
1, 30282, 58175891, 58433052
464, 1, 21
2, 109642, 57672928, 57923589
465, 1, 21
3, 86520, 57299762, 57553108
466, 1, 21
1, 30282, 58433052, 58693724
467, 1, 21
2, 116852, 57923589, 58177088
468, 1, 21
3, 89404, 57553108, 57803964
469, 1, 21
1, 30282, 58693724, 58950432
470, 1, 21
2, 119736, 58177088, 58430582
471, 1, 21
3, 87962, 57803964, 58055323
472, 1, 21
1, 30282, 58950432, 59201326
473, 1, 21
2, 92338, 58430582, 58685831
474, 1, 21
1, 30282, 59201326, 59453534
475, 1, 21
2, 30307, 58685831, 58938288
476, 1, 21
1, 28840, 59453534, 59711247
477, 1, 21
2, 28865, 58938288, 59199391
478, 1, 21
1, 27398, 59711247, 59961516
479, 1, 21
2, 28865, 59199391, 59458978
480, 1, 21
1, 28840, 59961516, 60220256
481, 1, 21
2, 28865, 59458978, 59720213
482, 1, 21
1, 27398, 60220256, 60474810
483, 1, 21
2, 27423, 59720213, 59976304
484, 1, 21
1, 28840, 60474810, 60738449
485, 1, 21
2, 28865, 59976304, 60236499
486, 1, 21
1, 28840, 60738449, 60993027
487, 1, 21
2, 28865, 60236499, 60493279
488, 1, 21
1, 27398, 60993027, 61243811
489, 1, 21
2, 28865, 60493279, 60754097
490, 1, 21
1, 28840, 61243811, 61494234
491, 1, 21
2, 28865, 60754097, 61006667
492, 1, 21
1, 28840, 61494234, 61748540
493, 1, 21
2, 28865, 61006667, 61261358
494, 1, 21
1, 28840, 61748540, 62001807
495, 1, 21
2, 30307, 61261358, 61523171
496, 1, 21
1, 28840, 62001807, 62252145
497, 1, 21
2, 28865, 61523171, 61777565
498, 1, 21
1, 28840, 62252145, 62502542
499, 1, 21
2, 30307, 61777565, 62034948
500, 1, 21
1, 30282, 62502542, 62760716
501, 1, 21
2, 28865, 62034948, 62287419
502, 1, 21
1, 28840, 62760716, 63018471
503, 1, 21
2, 28865, 62287419, 62544825
504, 1, 21
1, 27398, 63018471, 63282176
505, 1, 21
2, 25981, 62544825, 62796855
506, 1, 21
1, 27398, 63282176, 63539037
507, 1, 21
2, 27423, 62796855, 63056055
508, 1, 21
1, 27398, 63539037, 63800119
509, 1, 21
2, 27423, 63056055, 63315250
510, 1, 21
1, 27398, 63800119, 64063629
511, 1, 21
2, 27423, 63315250, 63579089
512, 1, 21
1, 27398, 64063629, 64319091
513, 1, 21
2, 27423, 63579089, 63835565
514, 1, 21
1, 27398, 64319091, 64580227
515, 1, 21
2, 27423, 63835565, 64091818
516, 1, 21
1, 27398, 64580227, 64832193
517, 1, 21
2, 28865, 64091818, 64352445
518, 1, 21
1, 28840, 64832193, 65092356
519, 1, 21
2, 27423, 64352445, 64605706
520, 1, 21
1, 28840, 65092356, 65353428
521, 1, 21
2, 27423, 64605706, 64860137
522, 1, 21
1, 27398, 65353428, 65604788
523, 1, 21
2, 28865, 64860137, 65113898
524, 1, 21
1, 28840, 65604788, 65854922
525, 1, 21
2, 28865, 65113898, 65374388
526, 1, 21
1, 27398, 65854922, 66109706
527, 1, 21
2, 28865, 65374388, 65633719
528, 1, 21
1, 28840, 66109706, 66367217
529, 1, 21
2, 28865, 65633719, 65891218
530, 1, 21
1, 28840, 66367217, 66627194
531, 1, 21
2, 27423, 65891218, 66144161
