0, 2, 21
2, 211974, 5572422, 7578573
1, 211974, 6146775, 8152512
1, 2, 21
2, 223510, 7578573, 15707049
1, 223510, 8152512, 16281012
2, 2, 21
2, 245140, 15707049, 17714696
1, 224952, 16281012, 18288016
3, 1, 21
3, 279748, 17020815, 19025868
4, 1, 21
2, 513377, 17714696, 19715604
5, 1, 21
1, 213416, 18288016, 20294952
6, 1, 21
4, 262444, 18442449, 20445140
7, 1, 21
3, 266770, 19025868, 21030597
8, 1, 21
2, 719633, 19715604, 21720330
9, 1, 21
1, 207648, 20294952, 22296801
10, 1, 21
4, 269654, 20445140, 22504482
11, 1, 21
2, 594154, 21720330, 23726314
12, 1, 21
1, 200438, 22296801, 24333031
13, 1, 21
4, 273980, 22504482, 24505178
14, 1, 21
2, 491772, 23726314, 25730296
15, 1, 21
1, 213416, 24333031, 26334903
16, 1, 21
4, 301378, 24505178, 26509104
17, 1, 21
2, 529264, 25730296, 27734374
18, 1, 21
1, 227836, 26334903, 28336078
19, 1, 21
3, 141316, 21030597, 27961218
20, 1, 21
4, 273980, 26509104, 28511006
21, 1, 21
2, 656185, 27734374, 29736173
22, 1, 21
1, 216300, 28336078, 30346757
23, 1, 21
3, 281190, 27961218, 29968149
24, 1, 21
2, 788824, 29736173, 32239698
25, 1, 21
1, 284074, 30346757, 32850399
26, 1, 21
3, 297052, 29968149, 31968743
27, 1, 21
2, 323058, 32239698, 34247843
28, 1, 21
1, 255234, 32850399, 35981301
29, 1, 21
3, 99498, 31968743, 34886136
30, 1, 21
2, 403810, 34247843, 36247928
31, 1, 21
1, 203322, 35981301, 37984414
32, 1, 21
3, 576800, 34886136, 36888013
33, 1, 21
2, 785940, 36247928, 38248215
34, 1, 21
1, 216300, 37984414, 39994031
35, 1, 21
2, 275447, 38248215, 40248218
36, 1, 21
3, 305704, 36888013, 40115672
37, 1, 21
2, 680649, 40248218, 42248485
38, 1, 21
1, 327334, 39994031, 43119132
39, 1, 21
3, 595546, 40115672, 42117411
40, 1, 21
2, 661928, 42248485, 44254346
41, 1, 21
1, 312914, 43119132, 46425926
42, 1, 21
2, 171623, 44254346, 46262899
43, 1, 21
1, 224952, 46425926, 48435021
44, 1, 21
2, 272563, 46262899, 48764462
45, 1, 21
1, 174482, 48435021, 50435166
46, 1, 21
1, 203322, 50435166, 52437262
47, 1, 21
2, 386506, 48764462, 52672193
48, 1, 21
3, 323008, 42117411, 52874606
49, 1, 21
1, 235046, 52437262, 54445295
50, 1, 21
2, 661928, 52672193, 54674882
51, 1, 21
3, 697928, 52874606, 54875018
52, 1, 21
1, 294168, 54445295, 56945799
53, 1, 21
2, 933024, 54674882, 56676795
54, 1, 21
3, 847896, 54875018, 57375535
55, 1, 21
2, 896949, 56676795, 59181270
56, 1, 21
1, 364826, 56945799, 60083759
57, 1, 21
2, 224977, 59181270, 61192971
58, 1, 21
2, 220626, 61192971, 63196444
59, 1, 21
1, 674856, 60083759, 66193596
60, 1, 21
2, 274005, 63196444, 65702369
