0, 2, 21
2, 72100, 5529645, 6276488
1, 72104, 6065778, 6812246
1, 2, 21
2, 144200, 6276488, 7569005
1, 144204, 6812246, 8104547
2, 2, 21
2, 144200, 7569005, 8855329
1, 144204, 8104547, 9390921
3, 2, 21
2, 217742, 8855329, 16915772
1, 217746, 9390921, 17451661
4, 2, 21
2, 72100, 16915772, 17573149
1, 72104, 17451661, 18108709
5, 2, 21
2, 80752, 17573149, 17883517
1, 36054, 18108709, 18418947
6, 2, 21
2, 43260, 17883517, 18043883
1, 18750, 18418947, 18579326
7, 2, 21
2, 21630, 18043883, 18132068
1, 10098, 18579326, 18667036
8, 2, 21
2, 330218, 18132068, 19533522
1, 144204, 18667036, 20069377
9, 2, 21
2, 262444, 19533522, 20198611
1, 72104, 20069377, 20734551
10, 2, 21
2, 132664, 20198611, 20519890
1, 36054, 20734551, 21055859
11, 2, 21
2, 69216, 20519890, 20688117
1, 18750, 21055859, 21224072
12, 2, 21
2, 497490, 20688117, 22136254
1, 144204, 21224072, 22671797
13, 2, 21
2, 235046, 22136254, 22778374
1, 72104, 22671797, 23314325
14, 2, 21
2, 86520, 22778374, 23219994
1, 36054, 23314325, 23755465
15, 2, 21
2, 43260, 23219994, 23392103
1, 18750, 23755465, 23928138
16, 2, 21
2, 24514, 23392103, 23487767
1, 10098, 23928138, 24023771
17, 2, 21
2, 328776, 23487767, 24972303
1, 144204, 24023771, 25507685
18, 2, 21
2, 328776, 24972303, 26192320
1, 144204, 25507685, 26727942
19, 2, 21
2, 164388, 26192320, 26810184
1, 72104, 26727942, 27345884
20, 2, 21
2, 327334, 26810184, 28053098
1, 144204, 27345884, 28588811
21, 2, 21
2, 434042, 28053098, 29357888
1, 144204, 28588811, 29892891
22, 2, 21
2, 253792, 29357888, 29997987
1, 72104, 29892891, 30533323
23, 2, 21
2, 126896, 29997987, 30304157
1, 36054, 30533323, 30839804
24, 2, 21
2, 373478, 30304157, 31530832
1, 144204, 30839804, 32066654
25, 2, 21
2, 162946, 31530832, 32143355
1, 72104, 32066654, 32678361
26, 2, 21
2, 79310, 32143355, 32448895
1, 36054, 32678361, 32984085
27, 2, 21
2, 256676, 32448895, 34308865
1, 144204, 32984085, 34844100
28, 2, 21
2, 72100, 34308865, 35256620
1, 72104, 34844100, 35792468
29, 2, 21
2, 72100, 35256620, 35563446
1, 36054, 35792468, 36099243
30, 2, 21
2, 77868, 35563446, 35733497
1, 18750, 36099243, 36269295
31, 2, 21
2, 40376, 35733497, 35819066
1, 10098, 36269295, 36354698
32, 2, 21
2, 24514, 35819066, 35867269
1, 5772, 36354698, 36402983
33, 2, 21
2, 545076, 35867269, 37353198
1, 144204, 36402983, 37887694
34, 2, 21
2, 271096, 37353198, 38003386
1, 72104, 37887694, 38539073
35, 2, 21
2, 134106, 38003386, 38330353
1, 36054, 38539073, 38866035
36, 2, 21
2, 184576, 38330353, 39780078
1, 144204, 38866035, 40315370
37, 2, 21
2, 72100, 39780078, 40400823
1, 72104, 40315370, 40936629
38, 2, 21
2, 496048, 40400823, 41845010
1, 144204, 40936629, 42380046
39, 2, 21
2, 265328, 41845010, 42513394
1, 72104, 42380046, 43048439
40, 2, 21
2, 135548, 42513394, 42825050
1, 36054, 43048439, 43360826
41, 2, 21
2, 73542, 42825050, 42985817
1, 18750, 43360826, 43521491
42, 2, 21
2, 363384, 42985817, 44384499
1, 144204, 43521491, 44920315
43, 2, 21
2, 72100, 44384499, 45336156
1, 72104, 44920315, 45871487
44, 2, 21
2, 36050, 45336156, 45788065
1, 36054, 45871487, 46323233
45, 2, 21
2, 144200, 45788065, 47047741
1, 144204, 46323233, 47582844
46, 2, 21
2, 72100, 47047741, 47650322
1, 72104, 47582844, 48185423
47, 2, 21
2, 144200, 47650322, 49238550
1, 144204, 48185423, 49773686
48, 2, 21
2, 144200, 49238550, 50902763
1, 144204, 49773686, 51437806
49, 2, 21
2, 144200, 50902763, 52121693
1, 144204, 51437806, 52657015
50, 2, 21
2, 72100, 52121693, 52735161
1, 72104, 52657015, 53266979
51, 2, 21
2, 318682, 52735161, 53968607
1, 144204, 53266979, 54503955
52, 2, 21
2, 288400, 53968607, 54573222
1, 72104, 54503955, 55108501
53, 2, 21
2, 148526, 54573222, 54879436
1, 36054, 55108501, 55414896
54, 2, 21
2, 572474, 54879436, 56113194
1, 144204, 55414896, 56648457
55, 2, 21
2, 555170, 56113194, 57324589
1, 144204, 56648457, 57860158
56, 2, 21
2, 527772, 57324589, 58549763
1, 144204, 57860158, 59085375
57, 2, 21
2, 144200, 58549763, 59856772
1, 144204, 59085375, 60392643
58, 2, 21
2, 72100, 59856772, 60500506
1, 72104, 60392643, 61036130
59, 2, 21
2, 144200, 60500506, 61752336
1, 144204, 61036130, 62287925
60, 2, 21
2, 144200, 61752336, 63113801
1, 144204, 62287925, 63649646
61, 2, 21
2, 144200, 63113801, 64443102
1, 144204, 63649646, 64978846
