0, 2, 21
2, 213416, 5524500, 7534907
1, 213416, 6080284, 8090307
1, 2, 21
2, 222068, 7534907, 15648428
1, 222068, 8090307, 16203892
2, 1, 21
2, 245140, 15648428, 17649868
3, 1, 21
1, 224952, 16203892, 18210233
4, 1, 21
3, 276864, 16948642, 18948703
5, 1, 21
2, 509076, 17649868, 19650344
6, 1, 21
1, 213416, 18210233, 20219054
7, 1, 21
3, 259560, 18948703, 20957433
8, 1, 21
4, 268212, 18404085, 20442127
9, 1, 21
2, 719633, 19650344, 21654044
10, 1, 21
1, 207648, 20219054, 22222208
11, 1, 21
4, 268212, 20442127, 22443369
12, 1, 21
2, 601364, 21654044, 23663030
13, 1, 21
1, 200438, 22222208, 24264692
14, 1, 21
4, 275422, 22443369, 24445753
15, 1, 21
2, 494656, 23663030, 25666016
16, 1, 21
1, 216300, 24264692, 26265656
17, 1, 21
4, 301378, 24445753, 26448176
18, 1, 21
2, 535032, 25666016, 27670221
19, 1, 21
1, 233604, 26265656, 28269410
20, 1, 21
3, 151410, 20957433, 27964836
21, 1, 21
4, 279748, 26448176, 28453208
22, 1, 21
2, 659069, 27670221, 29673351
23, 1, 21
1, 223510, 28269410, 30272824
24, 1, 21
3, 281190, 27964836, 29974035
25, 1, 21
2, 659044, 29673351, 31681639
26, 1, 21
1, 236488, 30272824, 32277514
27, 1, 21
3, 297052, 29974035, 31974361
28, 1, 21
2, 421114, 31681639, 33711555
29, 1, 21
1, 191786, 32277514, 34282658
30, 1, 21
3, 99498, 31974361, 34891498
31, 1, 21
2, 249516, 33711555, 35712070
32, 1, 21
1, 164388, 34282658, 36283033
33, 1, 21
3, 576800, 34891498, 36894441
34, 1, 21
2, 774404, 35712070, 37713431
35, 1, 21
1, 203322, 36283033, 38295839
36, 1, 21
2, 429741, 37713431, 39713580
37, 1, 21
1, 206206, 38295839, 40305482
38, 1, 21
3, 305704, 36894441, 40121756
39, 1, 21
2, 514844, 39713580, 41714560
40, 1, 21
1, 209090, 40305482, 42307343
41, 1, 21
3, 595546, 40121756, 42123000
42, 1, 21
2, 834968, 41714560, 43723122
43, 1, 21
1, 222068, 42307343, 44316977
44, 1, 21
2, 165855, 43723122, 45731095
45, 1, 21
1, 165830, 44316977, 46325856
46, 1, 21
2, 232187, 45731095, 47732066
47, 1, 21
1, 232162, 46325856, 48326810
48, 1, 21
2, 167297, 47732066, 49741063
49, 1, 21
1, 167272, 48326810, 50335398
50, 1, 21
2, 211999, 49741063, 51746682
51, 1, 21
1, 211974, 50335398, 52338284
52, 1, 21
3, 323008, 42123000, 52879939
53, 1, 21
2, 336036, 51746682, 53749786
54, 1, 21
1, 235046, 52338284, 54343192
55, 1, 21
3, 697928, 52879939, 54880938
56, 1, 21
2, 935908, 53749786, 55751027
57, 1, 21
1, 235046, 54343192, 56352421
58, 1, 21
3, 683508, 54880938, 56882583
59, 1, 21
2, 914278, 55751027, 57753864
60, 1, 21
1, 237930, 56352421, 58357068
61, 1, 21
2, 475885, 57753864, 59759319
62, 1, 21
1, 226394, 58357068, 60367503
63, 1, 21
2, 229303, 59759319, 61770314
64, 1, 21
1, 229278, 60367503, 62380545
65, 1, 21
2, 213441, 61770314, 63772928
66, 1, 21
1, 213416, 62380545, 64384903
