0, 2, 21
2, 102382, 5763665, 6774600
1, 102382, 6346386, 7356873
1, 2, 21
2, 111034, 6774600, 7775711
1, 111034, 7356873, 8358096
2, 1, 21
2, 112476, 7775711, 8788234
3, 1, 21
1, 139874, 8358096, 9608435
4, 2, 21
2, 109617, 8788234, 15890999
1, 82194, 9608435, 16472621
5, 2, 21
2, 113918, 15890999, 16901150
1, 113918, 16472621, 17483487
6, 1, 21
2, 141316, 16901150, 17905089
7, 1, 21
1, 112476, 17483487, 18493876
8, 1, 21
3, 141316, 17090283, 18092030
9, 1, 21
2, 239422, 17905089, 18917795
10, 1, 21
1, 129780, 18493876, 19744615
11, 1, 21
3, 138432, 18092030, 19098296
12, 1, 21
2, 284124, 18917795, 19919888
13, 1, 21
1, 112476, 19744615, 20750574
14, 1, 21
4, 142758, 18524309, 19524645
15, 1, 21
3, 149968, 19098296, 20107292
16, 1, 21
2, 400951, 19919888, 20922199
17, 1, 21
1, 111034, 20750574, 21762581
18, 1, 21
4, 116802, 19524645, 20527034
19, 1, 21
3, 116802, 20107292, 21109568
20, 1, 21
2, 314431, 20922199, 21922908
21, 1, 21
1, 93730, 21762581, 22772272
22, 1, 21
4, 144200, 20527034, 21535699
23, 1, 21
2, 380738, 21922908, 22931858
24, 1, 21
1, 108150, 22772272, 23818858
25, 1, 21
4, 126896, 21535699, 22542737
26, 1, 21
2, 200488, 22931858, 23937163
27, 1, 21
1, 92288, 23818858, 24832559
28, 1, 21
4, 118244, 22542737, 23552921
29, 1, 21
2, 229328, 23937163, 24940074
30, 1, 21
1, 108150, 24832559, 25844120
31, 1, 21
4, 141316, 23552921, 24558252
32, 1, 21
2, 262494, 24940074, 25949107
33, 1, 21
1, 118244, 25844120, 26847576
34, 1, 21
4, 149968, 24558252, 25567020
35, 1, 21
2, 331710, 25949107, 27199547
36, 1, 21
1, 145642, 26847576, 28106612
37, 1, 21
4, 144200, 25567020, 26569822
38, 1, 21
3, 141316, 21109568, 28042540
39, 1, 21
2, 413929, 27199547, 28762280
40, 1, 21
4, 139874, 26569822, 27576875
41, 1, 21
1, 222068, 28106612, 30064401
42, 1, 21
3, 134106, 28042540, 29057511
43, 1, 21
2, 360575, 28762280, 29764091
44, 1, 21
4, 116802, 27576875, 28583080
45, 1, 21
1, 113918, 30064401, 31069473
46, 1, 21
3, 147084, 29057511, 30064719
47, 1, 21
2, 379321, 29764091, 30765332
48, 1, 21
4, 155736, 28583080, 29836723
49, 1, 21
3, 148526, 30064719, 31065894
50, 1, 21
1, 145642, 31069473, 32322083
51, 1, 21
2, 338945, 30765332, 31766361
52, 1, 21
2, 266770, 31766361, 32768290
53, 1, 21
3, 183134, 31065894, 32328115
54, 1, 21
1, 213416, 32322083, 34299212
55, 1, 21
2, 183184, 32768290, 33801702
56, 1, 21
1, 54796, 34299212, 35302669
57, 1, 21
2, 62031, 33801702, 34815329
58, 1, 21
3, 64890, 32328115, 34989529
59, 1, 21
2, 151435, 34815329, 35818697
60, 1, 21
1, 112476, 35302669, 36561687
61, 1, 21
3, 250908, 34989529, 35993690
62, 1, 21
2, 324500, 35818697, 36820655
63, 1, 21
1, 87962, 36561687, 37567474
64, 1, 21
3, 325892, 35993690, 36995256
65, 1, 21
2, 452838, 36820655, 37824569
66, 1, 21
1, 113918, 37567474, 38568472
67, 1, 21
3, 302820, 36995256, 37997043
68, 1, 21
2, 350456, 37824569, 38835676
69, 1, 21
1, 109592, 38568472, 39578164
70, 1, 21
2, 93755, 38835676, 39845284
71, 1, 21
1, 108150, 39578164, 40712161
72, 2, 21
2, 111059, 39845284, 40847899
3, 2884, 37997043, 40222595
73, 1, 21
1, 124012, 40712161, 41989450
74, 2, 21
2, 390807, 40847899, 41851265
3, 294168, 40222595, 41225940
75, 1, 21
2, 410970, 41851265, 42853070
76, 1, 21
1, 174482, 41989450, 43552889
77, 1, 21
3, 383572, 41225940, 42476261
78, 1, 21
2, 449954, 42853070, 44038523
79, 1, 21
2, 93730, 44038523, 45075568
80, 1, 21
1, 217742, 43552889, 45751281
81, 1, 21
1, 77868, 45751281, 46760123
82, 1, 21
2, 103874, 45075568, 46336521
83, 1, 21
1, 113918, 46760123, 47761197
84, 1, 21
2, 115385, 46336521, 47337966
85, 1, 21
1, 142758, 47761197, 49019135
86, 1, 21
2, 138457, 47337966, 48612360
87, 1, 21
1, 86520, 49019135, 50022673
88, 1, 21
2, 161529, 48612360, 50611331
89, 1, 21
1, 98056, 50022673, 51279035
90, 1, 21
1, 111034, 51279035, 52284028
91, 1, 21
1, 118244, 52284028, 53286016
92, 1, 21
3, 240814, 42476261, 52985069
93, 1, 21
1, 147084, 53286016, 54546562
94, 1, 21
2, 572599, 50611331, 54119591
95, 1, 21
3, 341754, 52985069, 53985229
96, 1, 21
2, 475885, 54119591, 55122657
97, 1, 21
3, 435484, 53985229, 55238034
98, 1, 21
1, 230720, 54546562, 56511296
99, 1, 21
2, 457164, 55122657, 56123384
100, 1, 21
2, 575358, 56123384, 57375145
101, 1, 21
3, 534982, 55238034, 56800931
102, 1, 21
2, 455697, 57375145, 58378845
103, 1, 21
1, 377804, 56511296, 59845386
104, 1, 21
2, 200463, 58378845, 59390507
105, 1, 21
2, 111034, 59390507, 60397627
106, 1, 21
1, 138432, 59845386, 61098753
107, 1, 21
2, 142783, 60397627, 61656632
108, 1, 21
1, 180250, 61098753, 62671236
109, 1, 21
2, 213441, 61656632, 63615761
110, 1, 21
1, 330218, 62671236, 65726684
