0, 2, 21
2, 27398, 5527547, 5782474
1, 27398, 6091503, 6346114
1, 2, 21
2, 28840, 5782474, 6100630
1, 28840, 6346114, 6664440
2, 2, 21
2, 25956, 6100630, 6361067
1, 25956, 6664440, 6924840
3, 2, 21
2, 28840, 6361067, 6614027
1, 28840, 6924840, 7177306
4, 2, 21
2, 36050, 6614027, 6932753
1, 36050, 7177306, 7496255
5, 2, 21
2, 43260, 6932753, 7326552
1, 43260, 7496255, 7890272
6, 1, 21
1, 27398, 7890272, 8141475
7, 1, 21
1, 27398, 8141475, 8393804
8, 1, 21
2, 62056, 7326552, 7890920
9, 1, 21
1, 28840, 8393804, 8650499
10, 1, 21
2, 34633, 7890920, 8206123
11, 1, 21
1, 44702, 8650499, 9050450
12, 1, 21
2, 44727, 8206123, 8598948
13, 1, 21
1, 69216, 9050450, 9666579
14, 1, 21
2, 85103, 8598948, 9371597
15, 2, 21
2, 18746, 9371597, 15652282
1, 47586, 9666579, 16215340
16, 2, 21
2, 27398, 15652282, 15908824
1, 27398, 16215340, 16471968
17, 2, 21
2, 36050, 15908824, 16230876
1, 36050, 16471968, 16794741
18, 1, 21
2, 30282, 16230876, 16486816
19, 1, 21
1, 46144, 16794741, 17187780
20, 1, 21
2, 37517, 16486816, 16807061
21, 1, 21
2, 41818, 16807061, 17189956
22, 1, 21
1, 85078, 17187780, 17953660
23, 1, 21
2, 34633, 17189956, 17509045
24, 1, 21
1, 36050, 17953660, 18272354
25, 1, 21
2, 64915, 17509045, 17767764
26, 1, 21
3, 38934, 16994891, 17251146
27, 1, 21
2, 67799, 17767764, 18019629
28, 1, 21
1, 37492, 18272354, 18592269
29, 1, 21
3, 47586, 17251146, 17568027
30, 1, 21
2, 80802, 18019629, 18336585
31, 1, 21
3, 36050, 17568027, 17826463
32, 1, 21
1, 46144, 18592269, 18986766
33, 1, 21
2, 53404, 18336585, 18597607
34, 1, 21
3, 21630, 17826463, 18083121
35, 1, 21
1, 25956, 18986766, 19304161
36, 1, 21
2, 46194, 18597607, 18855311
37, 1, 21
3, 30282, 18083121, 18336862
38, 1, 21
1, 24514, 19304161, 19558392
39, 1, 21
2, 67824, 18855311, 19111276
40, 1, 21
3, 40376, 18336862, 18592964
41, 1, 21
1, 34608, 19558392, 19884645
42, 1, 21
2, 66382, 19111276, 19361372
43, 1, 21
3, 49028, 18592964, 18905743
44, 1, 21
2, 105291, 19361372, 19677677
45, 1, 21
3, 38934, 18905743, 19162738
46, 1, 21
1, 44702, 19884645, 20277980
47, 1, 21
4, 40376, 18446204, 18701575
48, 1, 21
2, 103899, 19677677, 19934034
49, 1, 21
3, 44702, 19162738, 19481052
50, 1, 21
4, 36050, 18701575, 18955280
51, 1, 21
2, 102432, 19934034, 20188240
52, 1, 21
1, 60564, 20277980, 20836816
53, 1, 21
4, 40376, 18955280, 19209812
54, 1, 21
3, 73542, 19481052, 19976370
55, 1, 21
1, 28840, 20836816, 21093524
56, 1, 21
4, 38934, 19209812, 19462345
57, 1, 21
2, 161629, 20188240, 20580751
58, 1, 21
4, 37492, 19462345, 19717285
59, 1, 21
1, 36050, 21093524, 21411669
60, 1, 21
2, 155786, 20580751, 20986000
61, 1, 21
4, 25956, 19717285, 19974113
62, 1, 21
3, 83636, 19976370, 20630670
63, 1, 21
2, 63498, 20986000, 21236308
64, 1, 21
1, 38934, 21411669, 21810183
65, 1, 21
4, 18746, 19974113, 20238289
66, 1, 21
3, 18746, 20630670, 20887444
67, 1, 21
2, 70733, 21236308, 21488914
68, 1, 21
1, 17304, 21810183, 22060540
69, 1, 21
4, 30282, 20238289, 20497728
70, 1, 21
3, 30282, 20887444, 21143180
71, 1, 21
2, 85153, 21488914, 21741654
72, 1, 21
1, 24514, 22060540, 22314454
73, 1, 21
4, 38934, 20497728, 20750999
74, 1, 21
3, 37492, 21143180, 21393268
75, 1, 21
2, 106783, 21741654, 21993096
76, 1, 21
1, 30282, 22314454, 22572439
77, 1, 21
4, 47586, 20750999, 21073011
78, 1, 21
3, 47586, 21393268, 21715188
79, 1, 21
1, 28840, 22572439, 22826111
80, 1, 21
2, 126996, 21993096, 22307875
81, 1, 21
4, 57680, 21073011, 21470367
82, 1, 21
1, 44702, 22826111, 23226708
83, 1, 21
2, 141366, 22307875, 22699561
84, 1, 21
4, 33166, 21470367, 21772561
85, 1, 21
2, 47611, 22699561, 22968353
86, 1, 21
1, 36050, 23226708, 23645722
87, 1, 21
4, 33166, 21772561, 22026531
88, 1, 21
2, 60614, 22968353, 23225832
89, 1, 21
1, 25956, 23645722, 23899341
90, 1, 21
4, 37492, 22026531, 22282795
91, 1, 21
2, 60614, 23225832, 23476184
92, 1, 21
4, 21630, 22282795, 22533197
93, 1, 21
1, 30282, 23899341, 24268359
94, 1, 21
2, 43310, 23476184, 23762089
95, 1, 21
4, 28840, 22533197, 22788630
96, 1, 21
1, 24514, 24268359, 24541570
97, 1, 21
2, 49078, 23762089, 24026757
98, 1, 21
4, 36050, 22788630, 23102308
99, 1, 21
1, 23072, 24541570, 24802655
100, 1, 21
2, 62056, 24026757, 24280761
101, 1, 21
4, 34608, 23102308, 23363174
102, 1, 21
1, 30282, 24802655, 25060945
103, 1, 21
2, 79360, 24280761, 24597458
104, 1, 21
4, 47586, 23363174, 23679731
105, 1, 21
1, 34608, 25060945, 25383427
106, 1, 21
2, 102432, 24597458, 24991488
107, 1, 21
4, 73542, 23679731, 24179059
108, 1, 21
1, 57680, 25383427, 25871889
109, 1, 21
2, 204814, 24991488, 25761811
110, 1, 21
4, 474418, 24179059, 27373912
111, 1, 21
3, 49028, 21715188, 27972102
112, 1, 21
2, 761426, 25761811, 28590698
113, 1, 21
3, 36050, 27972102, 28234788
114, 1, 21
4, 41818, 27373912, 27686710
115, 1, 21
2, 93780, 28590698, 28853601
116, 1, 21
1, 423948, 25871889, 29547651
117, 1, 21
3, 27398, 28234788, 28487782
118, 1, 21
4, 30282, 27686710, 27944062
119, 1, 21
2, 116877, 28853601, 29171582
120, 1, 21
3, 38934, 28487782, 28738919
121, 1, 21
4, 38934, 27944062, 28199701
122, 1, 21
1, 34608, 29547651, 29864993
123, 1, 21
2, 105341, 29171582, 29425021
124, 1, 21
3, 33166, 28738919, 28991224
125, 1, 21
4, 43260, 28199701, 28514978
126, 1, 21
2, 95222, 29425021, 29675583
127, 1, 21
1, 43260, 29864993, 30262407
128, 1, 21
3, 38934, 28991224, 29243130
129, 1, 21
2, 102432, 29675583, 29930550
130, 1, 21
3, 46144, 29243130, 29558031
131, 1, 21
4, 72100, 28514978, 29010688
132, 1, 21
2, 128388, 29930550, 30248633
133, 1, 21
1, 90846, 30262407, 31036260
134, 1, 21
3, 54796, 29558031, 29951467
135, 1, 21
2, 183184, 30248633, 30741041
136, 1, 21
2, 67774, 30741041, 30992621
137, 1, 21
3, 113918, 29951467, 30721257
138, 1, 21
2, 83661, 30992621, 31310652
139, 1, 21
2, 129780, 31310652, 31807135
140, 1, 21
3, 227836, 30721257, 32298719
141, 1, 21
2, 281215, 31807135, 32900324
142, 1, 21
3, 41818, 32298719, 32614096
143, 1, 21
2, 76451, 32900324, 33213919
144, 1, 21
3, 15862, 32614096, 32911439
145, 1, 21
2, 27423, 33213919, 33474113
146, 1, 21
1, 337428, 31036260, 34281928
147, 1, 21
2, 5793, 33474113, 33733308
148, 1, 21
1, 18746, 34281928, 34542909
149, 1, 21
2, 18771, 33733308, 33990912
150, 1, 21
1, 14420, 34542909, 34805962
151, 1, 21
2, 18771, 33990912, 34309649
152, 1, 21
1, 21630, 34805962, 35059838
153, 1, 21
2, 23097, 34309649, 34625133
154, 1, 21
1, 14420, 35059838, 35311780
155, 1, 21
2, 18771, 34625133, 34876852
156, 1, 21
1, 18746, 35311780, 35573206
157, 1, 21
2, 23097, 34876852, 35197259
158, 1, 21
1, 23072, 35573206, 35823940
159, 1, 21
3, 2884, 32911439, 34922504
160, 1, 21
2, 54846, 35197259, 35511565
161, 1, 21
1, 30282, 35823940, 36080760
162, 1, 21
3, 83636, 34922504, 35175687
163, 1, 21
2, 112526, 35511565, 35762300
164, 1, 21
1, 36050, 36080760, 36399618
165, 1, 21
2, 90871, 35762300, 36016525
166, 1, 21
3, 85078, 35175687, 35490382
167, 1, 21
1, 36050, 36399618, 36801179
168, 1, 21
2, 86570, 36016525, 36269729
169, 1, 21
3, 67774, 35490382, 35785029
170, 1, 21
2, 43285, 36269729, 36527039
171, 1, 21
1, 20188, 36801179, 37093222
172, 1, 21
3, 34608, 35785029, 36035461
173, 1, 21
2, 105291, 36527039, 36780119
174, 1, 21
1, 24514, 37093222, 37346724
175, 1, 21
3, 89404, 36035461, 36289361
176, 1, 21
2, 121178, 36780119, 37035278
177, 1, 21
1, 30282, 37346724, 37602757
178, 1, 21
3, 89404, 36289361, 36543176
179, 1, 21
2, 115410, 37035278, 37287764
180, 1, 21
3, 86520, 36543176, 36794689
181, 1, 21
1, 37492, 37602757, 37925600
182, 1, 21
2, 108200, 37287764, 37538647
183, 1, 21
3, 79310, 36794689, 37047495
184, 1, 21
2, 102407, 37538647, 37791352
185, 1, 21
3, 74984, 37047495, 37301064
186, 1, 21
1, 53354, 37925600, 38416638
187, 1, 21
2, 124062, 37791352, 38105832
188, 1, 21
3, 87962, 37301064, 37616981
189, 1, 21
2, 108175, 38105832, 38355864
190, 1, 21
3, 79310, 37616981, 37868299
191, 1, 21
1, 62006, 38416638, 38973698
192, 1, 21
2, 66382, 38355864, 38612609
193, 1, 21
1, 34608, 38973698, 39301017
194, 1, 21
2, 25981, 38612609, 38870333
195, 1, 21
1, 25956, 39301017, 39562781
196, 1, 21
2, 30307, 38870333, 39193299
197, 1, 21
1, 30282, 39562781, 39885963
198, 1, 21
2, 44727, 39193299, 39689396
199, 1, 21
1, 47586, 39885963, 40376347
200, 1, 21
1, 30282, 40376347, 40637304
201, 1, 21
1, 37492, 40637304, 40960411
202, 1, 21
2, 103899, 39689396, 40623786
203, 1, 21
3, 24514, 37868299, 40156665
204, 1, 21
1, 28840, 40960411, 41333943
205, 1, 21
2, 79360, 40623786, 40874990
206, 1, 21
3, 77868, 40156665, 40474118
207, 1, 21
1, 27398, 41333943, 41585686
208, 1, 21
2, 67824, 40874990, 41125136
209, 1, 21
1, 21630, 41585686, 41840963
210, 1, 21
3, 90846, 40474118, 40788696
211, 1, 21
2, 108200, 41125136, 41376282
212, 1, 21
1, 30282, 41840963, 42097072
213, 1, 21
3, 82194, 40788696, 41039546
214, 1, 21
2, 137040, 41376282, 41694738
215, 1, 21
1, 36050, 42097072, 42410921
216, 1, 21
3, 100940, 41039546, 41354564
217, 1, 21
2, 173090, 41694738, 42089589
218, 1, 21
1, 46144, 42410921, 42807219
219, 1, 21
3, 136990, 41354564, 41845190
220, 1, 21
2, 106758, 42089589, 42390065
221, 1, 21
1, 30282, 42807219, 43119738
222, 1, 21
3, 72100, 41845190, 42096693
223, 1, 21
2, 100990, 42390065, 42641898
224, 1, 21
1, 28840, 43119738, 43369956
225, 1, 21
3, 80752, 42096693, 42349129
226, 1, 21
2, 109642, 42641898, 42896105
227, 1, 21
1, 36050, 43369956, 43683901
228, 1, 21
3, 102382, 42349129, 42664586
229, 1, 21
2, 138482, 42896105, 43214720
230, 1, 21
1, 25956, 43683901, 43937172
231, 1, 21
3, 99498, 42664586, 43015658
232, 1, 21
2, 155786, 43214720, 43609024
233, 1, 21
1, 33166, 43937172, 44255205
234, 1, 21
2, 83661, 43609024, 43862606
235, 1, 21
1, 38934, 44255205, 44662165
236, 1, 21
2, 23097, 43862606, 44123378
237, 1, 21
1, 25956, 44662165, 44923574
238, 1, 21
2, 24539, 44123378, 44374301
239, 1, 21
1, 23072, 44923574, 45174034
240, 1, 21
2, 31749, 44374301, 44767568
241, 1, 21
1, 20188, 45174034, 45435044
242, 1, 21
1, 25956, 45435044, 45754152
243, 1, 21
2, 47636, 44767568, 45389752
244, 1, 21
1, 17304, 45754152, 46008402
245, 1, 21
1, 18746, 46008402, 46262686
246, 1, 21
1, 31724, 46262686, 46586746
247, 1, 21
1, 30282, 46586746, 46849021
248, 1, 21
1, 36050, 46849021, 47166944
249, 1, 21
1, 57680, 47166944, 47665739
250, 1, 21
1, 96614, 47665739, 48498681
251, 1, 21
2, 291459, 45389752, 48082905
252, 1, 21
1, 23072, 48498681, 48754129
253, 1, 21
2, 23097, 48082905, 48336792
254, 1, 21
1, 28840, 48754129, 49088357
255, 1, 21
2, 18771, 48336792, 48596400
256, 1, 21
1, 18746, 49088357, 49344138
257, 1, 21
2, 23097, 48596400, 48857370
258, 1, 21
1, 25956, 49344138, 49606801
259, 1, 21
2, 30307, 48857370, 49176426
260, 1, 21
1, 23072, 49606801, 49856962
261, 1, 21
1, 17304, 49856962, 50108805
262, 1, 21
2, 28890, 49176426, 49600041
263, 1, 21
2, 20188, 49600041, 49854220
264, 1, 21
1, 23072, 50108805, 50431783
265, 1, 21
2, 25981, 49854220, 50116874
266, 1, 21
1, 25956, 50431783, 50691798
267, 2, 21
2, 18771, 50116874, 50379486
1, 17304, 50691798, 50943051
268, 2, 21
2, 23072, 50379486, 50638786
1, 23072, 50943051, 51202388
269, 1, 21
1, 30282, 51202388, 51458225
270, 1, 21
2, 37517, 50638786, 50957171
271, 2, 21
2, 30282, 50957171, 51213869
1, 37492, 51458225, 51777271
272, 1, 21
2, 47586, 51213869, 51610926
273, 1, 21
1, 59122, 51777271, 52272302
274, 1, 21
2, 72125, 51610926, 52225191
275, 1, 21
3, 74984, 43015658, 52981297
276, 1, 21
2, 160087, 52225191, 53534347
277, 1, 21
3, 85078, 52981297, 53233355
278, 1, 21
2, 113943, 53534347, 53787278
279, 1, 21
3, 100940, 53233355, 53550535
280, 1, 21
2, 137015, 53787278, 54101402
281, 1, 21
2, 118244, 54101402, 54352487
282, 1, 21
3, 141316, 53550535, 53941883
283, 1, 21
2, 124037, 54352487, 54604862
284, 1, 21
3, 92288, 53941883, 54192020
285, 1, 21
2, 151435, 54604862, 54918872
286, 1, 21
3, 138432, 54192020, 54585384
287, 1, 21
3, 86520, 54585384, 54836242
288, 1, 21
2, 227886, 54918872, 55408594
289, 1, 21
3, 86520, 54836242, 55089746
290, 1, 21
3, 108150, 55089746, 55405480
291, 1, 21
3, 168714, 55405480, 55894442
292, 1, 21
3, 540750, 55894442, 57527655
293, 1, 21
3, 111034, 57527655, 57840265
294, 1, 21
2, 1470965, 55408594, 58819653
295, 1, 21
2, 36050, 58819653, 59141217
296, 1, 21
2, 43260, 59141217, 59540416
297, 1, 21
2, 86520, 59540416, 60314820
298, 1, 21
1, 1162252, 52272302, 62280584
299, 1, 21
1, 317240, 62280584, 65220360
300, 1, 21
2, 487446, 60314820, 64735023
301, 1, 21
1, 27398, 65220360, 65470955
302, 1, 21
2, 34633, 64735023, 65050713
303, 1, 21
1, 36050, 65470955, 65794478
304, 1, 21
2, 44727, 65050713, 65451261
305, 1, 21
1, 43260, 65794478, 66191176
