0, 2, 21
2, 72100, 5497845, 6243430
1, 72104, 6053865, 6799303
1, 2, 21
2, 144200, 6243430, 7536188
1, 144204, 6799303, 8091353
2, 2, 21
2, 144200, 7536188, 8823119
1, 144204, 8091353, 9378385
3, 2, 21
2, 217742, 8823119, 16883965
1, 217746, 9378385, 17439361
4, 2, 21
2, 77868, 16883965, 17542164
1, 72104, 17439361, 18096707
5, 2, 21
2, 82194, 17542164, 17851186
1, 36054, 18096707, 18407048
6, 2, 21
2, 43260, 17851186, 18011603
1, 18750, 18407048, 18567325
7, 2, 21
2, 23072, 18011603, 18099193
1, 10098, 18567325, 18655020
8, 2, 21
2, 331660, 18099193, 19501402
1, 144204, 18655020, 20057268
9, 2, 21
2, 266770, 19501402, 20166412
1, 72104, 20057268, 20722255
10, 2, 21
2, 136990, 20166412, 20494612
1, 36054, 20722255, 21050568
11, 2, 21
2, 72100, 20494612, 20668989
1, 18750, 21050568, 21224824
12, 2, 21
2, 497490, 20668989, 22120567
1, 144204, 21224824, 22675905
13, 2, 21
2, 223510, 22120567, 22764499
1, 72104, 22675905, 23319908
14, 2, 21
2, 90846, 22764499, 23205674
1, 36054, 23319908, 23761088
15, 2, 21
2, 43260, 23205674, 23378087
1, 18750, 23761088, 23933538
16, 2, 21
2, 17304, 23378087, 23473695
1, 10098, 23933538, 24029148
17, 2, 21
2, 334544, 23473695, 24960854
1, 144204, 24029148, 25516407
18, 2, 21
2, 330218, 24960854, 26182853
1, 144204, 25516407, 26737773
19, 2, 21
2, 164388, 26182853, 26801276
1, 72104, 26737773, 27355728
20, 2, 21
2, 327334, 26801276, 28043181
1, 144204, 27355728, 28598812
21, 2, 21
2, 438368, 28043181, 29347637
1, 144204, 28598812, 29902823
22, 2, 21
2, 252350, 29347637, 29985908
1, 72104, 29902823, 30541427
23, 2, 21
2, 125454, 29985908, 30293784
1, 36054, 30541427, 30849383
24, 2, 21
2, 360500, 30293784, 31510649
1, 144204, 30849383, 32066388
25, 2, 21
2, 162946, 31510649, 32122481
1, 72104, 32066388, 32678209
26, 2, 21
2, 79310, 32122481, 32428239
1, 36054, 32678209, 32983987
27, 2, 21
2, 258118, 32428239, 34288031
1, 144204, 32983987, 34843725
28, 2, 21
2, 72100, 34288031, 35236336
1, 72104, 34843725, 35792053
29, 2, 21
2, 69216, 35236336, 35542829
1, 36054, 35792053, 36098548
30, 2, 21
2, 77868, 35542829, 35712852
1, 18750, 36098548, 36268550
31, 2, 21
2, 40376, 35712852, 35798323
1, 10098, 36268550, 36353985
32, 2, 21
2, 24514, 35798323, 35846584
1, 5772, 36353985, 36402198
33, 2, 21
2, 545076, 35846584, 37331004
1, 144204, 36402198, 37886733
34, 2, 21
2, 271096, 37331004, 37982436
1, 72104, 37886733, 38538119
35, 2, 21
2, 132664, 37982436, 38309388
1, 36054, 38538119, 38865093
36, 2, 21
2, 188902, 38309388, 39758857
1, 144204, 38865093, 40314600
37, 2, 21
2, 72100, 39758857, 40379923
1, 72104, 40314600, 40935617
38, 2, 21
2, 490280, 40379923, 41823496
1, 144204, 40935617, 42379108
39, 2, 21
2, 266770, 41823496, 42491918
1, 72104, 42379108, 43047524
40, 2, 21
2, 135548, 42491918, 42804334
1, 36054, 43047524, 43359917
41, 2, 21
2, 72100, 42804334, 42965014
1, 18750, 43359917, 43520654
42, 2, 21
2, 369152, 42965014, 44363798
1, 144204, 43520654, 44919500
43, 2, 21
2, 72100, 44363798, 45315186
1, 72104, 44919500, 45870326
44, 2, 21
2, 36050, 45315186, 45767305
1, 36054, 45870326, 46322379
45, 2, 21
2, 144200, 45767305, 47026862
1, 144204, 46322379, 47581838
46, 2, 21
2, 72100, 47026862, 47629656
1, 72104, 47581838, 48184571
47, 2, 21
2, 144200, 47629656, 49217290
1, 144204, 48184571, 49773007
48, 2, 21
2, 144200, 49217290, 50881389
1, 144204, 49773007, 51437160
49, 2, 21
2, 144200, 50881389, 52101457
1, 144204, 51437160, 52656316
50, 2, 21
2, 72100, 52101457, 52711567
1, 72104, 52656316, 53266323
51, 2, 21
2, 315798, 52711567, 53948248
1, 144204, 53266323, 54503222
52, 2, 21
2, 288400, 53948248, 54552242
1, 72104, 54503222, 55107787
53, 2, 21
2, 148526, 54552242, 54858722
1, 36054, 55107787, 55414315
54, 2, 21
2, 573916, 54858722, 56091440
1, 144204, 55414315, 56647079
55, 2, 21
2, 555170, 56091440, 57303675
1, 144204, 56647079, 57858875
56, 2, 21
2, 532098, 57303675, 58528281
1, 144204, 57858875, 59083975
57, 2, 21
2, 144200, 58528281, 59835600
1, 144204, 59083975, 60391342
58, 2, 21
2, 72100, 59835600, 60478883
1, 72104, 60391342, 61034797
59, 2, 21
2, 144200, 60478883, 61731323
1, 144204, 61034797, 62286630
60, 2, 21
2, 144200, 61731323, 63092929
1, 144204, 62286630, 63648368
61, 2, 21
2, 144200, 63092929, 64422080
1, 144204, 63648368, 64977734
