0, 2, 21
2, 27398, 5535661, 5790265
1, 27398, 6097903, 6352240
1, 2, 21
2, 27398, 5790265, 6094828
1, 27398, 6352240, 6656898
2, 2, 21
2, 25956, 6094828, 6359217
1, 25956, 6656898, 6918296
3, 1, 21
1, 28840, 6918296, 7171027
4, 1, 21
2, 30307, 6359217, 6620646
5, 1, 21
1, 28840, 7171027, 7427280
6, 1, 21
2, 28865, 6620646, 6876654
7, 1, 21
1, 28840, 7427280, 7683780
8, 1, 21
2, 28865, 6876654, 7133857
9, 1, 21
1, 27398, 7683780, 7933895
10, 1, 21
2, 27423, 7133857, 7385575
11, 1, 21
1, 27398, 7933895, 8184064
12, 1, 21
2, 28865, 7385575, 7645828
13, 1, 21
1, 27398, 8184064, 8436506
14, 1, 21
2, 27423, 7645828, 7898703
15, 1, 21
1, 28840, 8436506, 8694308
16, 1, 21
2, 28865, 7898703, 8159934
17, 1, 21
1, 28840, 8694308, 8953597
18, 1, 21
2, 28865, 8159934, 8418822
19, 1, 21
1, 28840, 8953597, 9205807
20, 1, 21
2, 30307, 8418822, 8691626
21, 1, 21
1, 27398, 9205807, 9458861
22, 1, 21
2, 28865, 8691626, 8948376
23, 1, 21
1, 28840, 9458861, 9717790
24, 1, 21
2, 28865, 8948376, 9209728
25, 1, 21
1, 27398, 9717790, 9971847
26, 1, 21
2, 28865, 9209728, 9469373
27, 2, 21
2, 8652, 9469373, 15665131
1, 15862, 9971847, 16226887
28, 2, 21
2, 27398, 15665131, 15921746
1, 27398, 16226887, 16483746
29, 2, 21
2, 28840, 15921746, 16183863
1, 28840, 16483746, 16745663
30, 2, 21
2, 30282, 16183863, 16439857
1, 30282, 16745663, 17001776
31, 2, 21
2, 30282, 16439857, 16700168
1, 30282, 17001776, 17261678
32, 2, 21
2, 28840, 16700168, 16952069
1, 28840, 17261678, 17513974
33, 2, 21
2, 27398, 16952069, 17204192
1, 27398, 17513974, 17766107
34, 2, 21
2, 27398, 17204192, 17460748
1, 27398, 17766107, 18022025
35, 1, 21
2, 60564, 17460748, 17714188
36, 1, 21
1, 30282, 18022025, 18287096
37, 1, 21
3, 38934, 16948950, 17204431
38, 1, 21
2, 66382, 17714188, 17964394
39, 1, 21
1, 30282, 18287096, 18543893
40, 1, 21
3, 38934, 17204431, 17461792
41, 1, 21
2, 64940, 17964394, 18215619
42, 1, 21
1, 30282, 18543893, 18802295
43, 1, 21
3, 36050, 17461792, 17716200
44, 1, 21
2, 63498, 18215619, 18468623
45, 1, 21
1, 30282, 18802295, 19061245
46, 1, 21
3, 28840, 17716200, 18024100
47, 1, 21
2, 40426, 18468623, 18732081
48, 1, 21
1, 18746, 19061245, 19318089
49, 1, 21
3, 30282, 18024100, 18280367
50, 1, 21
2, 60614, 18732081, 18987623
51, 1, 21
1, 24514, 19318089, 19572741
52, 1, 21
3, 40376, 18280367, 18536343
53, 1, 21
2, 67824, 18987623, 19237750
54, 1, 21
1, 27398, 19572741, 19829154
55, 1, 21
3, 40376, 18536343, 18794826
56, 1, 21
2, 67824, 19237750, 19492856
57, 1, 21
1, 28840, 19829154, 20084318
58, 1, 21
3, 40376, 18794826, 19051897
59, 1, 21
2, 103874, 19492856, 19749404
60, 1, 21
4, 40376, 18403755, 18657053
61, 1, 21
1, 28840, 20084318, 20340975
62, 1, 21
3, 38934, 19051897, 19312730
63, 1, 21
2, 101015, 19749404, 20003453
64, 1, 21
4, 36050, 18657053, 18911124
65, 1, 21
1, 28840, 20340975, 20593239
66, 1, 21
3, 36050, 19312730, 19564851
67, 1, 21
2, 102457, 20003453, 20259608
68, 1, 21
4, 38934, 18911124, 19162428
69, 1, 21
1, 25956, 20593239, 20852847
70, 1, 21
3, 37492, 19564851, 19823831
71, 1, 21
2, 105341, 20259608, 20511033
72, 1, 21
4, 38934, 19162428, 19417316
73, 1, 21
1, 28840, 20852847, 21113334
74, 1, 21
3, 38934, 19823831, 20078943
75, 1, 21
2, 103899, 20511033, 20764138
76, 1, 21
4, 37492, 19417316, 19671737
77, 1, 21
1, 28840, 21113334, 21370667
78, 1, 21
3, 37492, 20078943, 20332315
79, 1, 21
2, 86595, 20764138, 21022930
80, 1, 21
4, 27398, 19671737, 19932347
81, 1, 21
1, 28840, 21370667, 21623008
82, 1, 21
3, 23072, 20332315, 20586425
83, 1, 21
2, 63523, 21022930, 21277462
84, 1, 21
4, 18746, 19932347, 20197714
85, 1, 21
1, 21630, 21623008, 21878649
86, 1, 21
3, 18746, 20586425, 20836523
87, 1, 21
2, 80827, 21277462, 21530639
88, 1, 21
1, 18746, 21878649, 22130055
89, 1, 21
4, 30282, 20197714, 20456651
90, 1, 21
3, 31724, 20836523, 21095148
91, 1, 21
2, 86595, 21530639, 21785136
92, 1, 21
1, 24514, 22130055, 22383800
93, 1, 21
4, 38934, 20456651, 20708318
94, 1, 21
3, 38934, 21095148, 21352825
95, 1, 21
2, 109667, 21785136, 22040317
96, 1, 21
1, 30282, 22383800, 22641748
97, 1, 21
4, 38934, 20708318, 20967840
98, 1, 21
3, 37492, 21352825, 21608774
99, 1, 21
2, 105341, 22040317, 22296970
100, 1, 21
4, 37492, 20967840, 21220050
101, 1, 21
1, 28840, 22641748, 22900970
102, 1, 21
3, 37492, 21608774, 21861543
103, 1, 21
2, 99573, 22296970, 22551436
104, 1, 21
4, 37492, 21220050, 21472502
105, 1, 21
1, 28840, 22900970, 23161947
106, 1, 21
2, 59172, 22551436, 22810171
107, 1, 21
4, 25956, 21472502, 21726020
108, 1, 21
1, 28840, 23161947, 23412885
109, 1, 21
2, 49078, 22810171, 23064589
110, 1, 21
4, 33166, 21726020, 21977478
111, 1, 21
1, 17304, 23412885, 23665794
112, 1, 21
2, 62056, 23064589, 23315580
113, 1, 21
4, 37492, 21977478, 22232181
114, 1, 21
1, 25956, 23665794, 23919976
115, 1, 21
2, 49078, 23315580, 23566277
116, 1, 21
4, 21630, 22232181, 22504394
117, 1, 21
1, 27398, 23919976, 24190367
118, 1, 21
2, 43310, 23566277, 23818754
119, 1, 21
4, 28840, 22504394, 22760579
120, 1, 21
1, 15862, 24190367, 24442009
121, 1, 21
2, 49078, 23818754, 24070079
122, 1, 21
4, 28840, 22760579, 23012168
123, 1, 21
1, 21630, 24442009, 24693500
124, 1, 21
2, 59172, 24070079, 24321223
125, 1, 21
1, 27398, 24693500, 24945962
126, 1, 21
4, 36050, 23012168, 23278814
127, 1, 21
2, 63498, 24321223, 24572741
128, 1, 21
1, 27398, 24945962, 25202750
129, 1, 21
4, 37492, 23278814, 23533683
130, 1, 21
2, 64940, 24572741, 24830665
131, 1, 21
1, 28840, 25202750, 25456258
132, 1, 21
4, 37492, 23533683, 23792592
133, 1, 21
2, 67824, 24830665, 25086977
134, 1, 21
1, 30282, 25456258, 25711900
135, 1, 21
4, 36050, 23792592, 24045127
136, 1, 21
2, 67824, 25086977, 25343477
137, 1, 21
1, 30282, 25711900, 25967470
138, 1, 21
4, 37492, 24045127, 24301769
139, 1, 21
2, 66382, 25343477, 25595372
140, 1, 21
1, 30282, 25967470, 26228172
141, 1, 21
4, 37492, 24301769, 24555415
142, 1, 21
2, 67824, 25595372, 25847894
143, 1, 21
1, 30282, 26228172, 26484176
144, 1, 21
4, 38934, 24555415, 24809206
145, 1, 21
2, 69266, 25847894, 26100883
146, 1, 21
4, 38934, 24809206, 25062315
147, 1, 21
1, 30282, 26484176, 26739843
148, 1, 21
2, 69266, 26100883, 26358354
149, 1, 21
1, 30282, 26739843, 26996059
150, 1, 21
4, 38934, 25062315, 25321187
151, 1, 21
2, 66382, 26358354, 26612526
152, 1, 21
1, 28840, 26996059, 27248238
153, 1, 21
4, 37492, 25321187, 25575561
154, 1, 21
2, 67824, 26612526, 26863709
155, 1, 21
1, 30282, 27248238, 27506855
156, 1, 21
4, 37492, 25575561, 25829245
157, 1, 21
2, 63498, 26863709, 27118581
158, 1, 21
4, 36050, 25829245, 26085927
159, 1, 21
1, 28840, 27506855, 27766051
160, 1, 21
2, 67824, 27118581, 27370064
161, 1, 21
4, 38934, 26085927, 26338359
162, 1, 21
1, 30282, 27766051, 28025379
163, 1, 21
2, 67824, 27370064, 27622843
164, 1, 21
4, 37492, 26338359, 26590875
165, 1, 21
1, 28840, 28025379, 28276626
166, 1, 21
2, 66382, 27622843, 27879243
167, 1, 21
4, 36050, 26590875, 26842142
168, 1, 21
1, 30282, 28276626, 28534943
169, 1, 21
2, 67824, 27879243, 28130066
170, 1, 21
4, 38934, 26842142, 27099219
171, 1, 21
1, 30282, 28534943, 28792051
172, 1, 21
2, 64940, 28130066, 28386709
173, 1, 21
3, 17304, 21861543, 27902359
174, 1, 21
4, 34608, 27099219, 27357264
175, 1, 21
1, 30282, 28792051, 29048092
176, 1, 21
2, 92363, 28386709, 28641937
177, 1, 21
3, 36050, 27902359, 28166252
178, 1, 21
4, 36050, 27357264, 27610339
179, 1, 21
1, 30282, 29048092, 29306358
180, 1, 21
2, 80827, 28641937, 28892437
181, 1, 21
4, 25956, 27610339, 27861211
182, 1, 21
3, 27398, 28166252, 28419903
183, 1, 21
1, 24514, 29306358, 29565840
184, 1, 21
2, 96689, 28892437, 29142733
185, 1, 21
4, 40376, 27861211, 28120338
186, 1, 21
3, 38934, 28419903, 28682007
187, 1, 21
1, 27398, 29565840, 29815880
188, 1, 21
2, 99573, 29142733, 29394383
189, 1, 21
4, 34608, 28120338, 28374756
190, 1, 21
3, 31724, 28682007, 28936684
191, 1, 21
1, 28840, 29815880, 30073281
192, 1, 21
2, 93805, 29394383, 29652029
193, 1, 21
4, 37492, 28374756, 28632881
194, 1, 21
3, 36050, 28936684, 29188932
195, 1, 21
1, 27398, 30073281, 30329707
196, 1, 21
2, 101015, 29652029, 29903121
197, 1, 21
4, 37492, 28632881, 28891046
198, 1, 21
3, 34608, 29188932, 29448612
199, 1, 21
1, 28840, 30329707, 30580826
200, 1, 21
2, 102457, 29903121, 30159202
201, 1, 21
4, 36050, 28891046, 29143879
202, 1, 21
3, 37492, 29448612, 29707284
203, 1, 21
1, 28840, 30580826, 30834926
204, 1, 21
2, 101015, 30159202, 30411278
205, 1, 21
4, 36050, 29143879, 29402596
206, 1, 21
3, 36050, 29707284, 29962368
207, 1, 21
1, 30282, 30834926, 31091618
208, 1, 21
2, 98131, 30411278, 30663620
209, 1, 21
3, 37492, 29962368, 30214481
210, 1, 21
1, 30282, 31091618, 31347559
211, 1, 21
2, 67824, 30663620, 30914787
212, 1, 21
3, 38934, 30214481, 30474316
213, 1, 21
1, 30282, 31347559, 31604980
214, 1, 21
2, 67824, 30914787, 31169599
215, 1, 21
3, 37492, 30474316, 30726908
216, 1, 21
1, 30282, 31604980, 31859585
217, 1, 21
2, 67824, 31169599, 31423733
218, 1, 21
3, 38934, 30726908, 30988551
219, 1, 21
1, 30282, 31859585, 32115622
220, 1, 21
2, 66382, 31423733, 31676142
221, 1, 21
3, 36050, 30988551, 31239143
222, 1, 21
1, 30282, 32115622, 32373523
223, 1, 21
2, 67824, 31676142, 31929233
224, 1, 21
3, 38934, 31239143, 31490026
225, 1, 21
1, 30282, 32373523, 32628378
226, 1, 21
2, 69266, 31929233, 32188860
227, 1, 21
3, 37492, 31490026, 31747646
228, 1, 21
1, 30282, 32628378, 32889348
229, 1, 21
2, 66382, 32188860, 32440376
230, 1, 21
3, 37492, 31747646, 31999605
231, 1, 21
1, 30282, 32889348, 33142606
232, 1, 21
2, 69266, 32440376, 32695883
233, 1, 21
3, 34608, 31999605, 32259243
234, 1, 21
1, 30282, 33142606, 33402506
235, 1, 21
2, 54846, 32695883, 32948491
236, 1, 21
3, 31724, 32259243, 32512913
237, 1, 21
1, 25956, 33402506, 33661318
238, 1, 21
2, 62056, 32948491, 33203301
239, 1, 21
1, 27398, 33661318, 33922374
240, 1, 21
3, 24514, 32512913, 32801829
241, 1, 21
2, 31774, 33203301, 33458897
242, 2, 21
2, 7210, 33458897, 33761026
1, 10094, 33922374, 34322886
243, 2, 21
2, 18746, 33761026, 34021506
1, 18746, 34322886, 34583476
244, 2, 21
2, 14420, 34021506, 34284473
1, 14420, 34583476, 34846024
245, 2, 21
2, 21630, 34284473, 34537504
1, 21630, 34846024, 35099340
246, 2, 21
2, 14420, 34537504, 34791035
1, 14420, 35099340, 35352882
247, 2, 21
2, 18746, 34791035, 35055729
1, 18746, 35352882, 35617501
248, 2, 21
2, 23072, 35055729, 35305926
1, 23072, 35617501, 35867769
249, 1, 21
3, 5768, 32801829, 34898921
250, 1, 21
2, 60589, 35305926, 35558509
251, 1, 21
1, 30282, 35867769, 36123697
252, 1, 21
3, 83636, 34898921, 35152415
253, 1, 21
2, 116852, 35558509, 35809179
254, 1, 21
1, 28840, 36123697, 36381107
255, 1, 21
3, 80752, 35152415, 35455471
256, 1, 21
2, 90896, 35809179, 36060166
257, 1, 21
1, 28840, 36381107, 36636087
258, 1, 21
3, 67774, 35455471, 35707863
259, 1, 21
2, 73592, 36060166, 36312751
260, 1, 21
1, 18746, 36636087, 36886949
261, 1, 21
3, 28840, 35707863, 35965194
262, 1, 21
2, 51962, 36312751, 36571743
263, 1, 21
1, 15862, 36886949, 37142556
264, 1, 21
3, 82194, 35965194, 36218654
265, 1, 21
2, 112526, 36571743, 36821876
266, 1, 21
1, 24514, 37142556, 37395363
267, 1, 21
3, 90846, 36218654, 36472732
268, 1, 21
2, 118294, 36821876, 37075021
269, 1, 21
1, 30282, 37395363, 37650376
270, 1, 21
3, 86520, 36472732, 36724548
271, 1, 21
2, 115410, 37075021, 37325427
272, 1, 21
1, 30282, 37650376, 37911520
273, 1, 21
3, 80752, 36724548, 36975040
274, 1, 21
2, 109642, 37325427, 37577819
275, 1, 21
1, 28840, 37911520, 38169383
276, 1, 21
3, 74984, 36975040, 37227856
277, 1, 21
2, 102432, 37577819, 37830570
278, 1, 21
1, 27398, 38169383, 38425491
279, 1, 21
3, 70658, 37227856, 37480637
280, 1, 21
2, 96664, 37830570, 38081039
281, 1, 21
1, 28840, 38425491, 38686629
282, 1, 21
3, 80752, 37480637, 37734470
283, 1, 21
2, 106758, 38081039, 38332277
284, 1, 21
1, 28840, 38686629, 38944918
285, 1, 21
2, 72125, 38332277, 38582894
286, 1, 21
1, 28840, 38944918, 39197215
287, 1, 21
2, 25981, 38582894, 38839911
288, 1, 21
1, 25956, 39197215, 39456584
289, 1, 21
2, 24539, 38839911, 39098464
290, 1, 21
1, 24514, 39456584, 39718125
291, 1, 21
2, 24539, 39098464, 39356521
292, 1, 21
1, 24514, 39718125, 39973469
293, 1, 21
2, 21655, 39356521, 39614914
294, 1, 21
1, 21630, 39973469, 40232504
295, 1, 21
2, 28865, 39614914, 39871400
296, 1, 21
1, 28840, 40232504, 40485185
297, 1, 21
2, 30307, 39871400, 40131047
298, 1, 21
1, 30282, 40485185, 40741160
299, 1, 21
2, 30307, 40131047, 40390342
300, 1, 21
1, 30282, 40741160, 41003372
301, 1, 21
2, 25981, 40390342, 40653540
302, 1, 21
3, 54796, 37734470, 40125334
303, 1, 21
1, 24514, 41003372, 41255935
304, 1, 21
2, 93780, 40653540, 40905248
305, 1, 21
1, 18746, 41255935, 41509118
306, 1, 21
3, 77868, 40125334, 40438376
307, 1, 21
2, 70708, 40905248, 41155778
308, 1, 21
1, 21630, 41509118, 41773011
309, 1, 21
3, 74984, 40438376, 40690624
310, 1, 21
2, 109642, 41155778, 41409012
311, 1, 21
1, 28840, 41773011, 42023019
312, 1, 21
3, 83636, 40690624, 40943901
313, 1, 21
2, 109642, 41409012, 41661161
314, 1, 21
1, 30282, 42023019, 42281531
315, 1, 21
3, 82194, 40943901, 41197441
316, 1, 21
2, 112526, 41661161, 41911643
317, 1, 21
1, 27398, 42281531, 42533059
318, 1, 21
3, 82194, 41197441, 41447911
319, 1, 21
2, 109642, 41911643, 42163707
320, 1, 21
1, 30282, 42533059, 42791482
321, 1, 21
3, 70658, 41447911, 41716624
322, 1, 21
2, 86570, 42163707, 42417917
323, 1, 21
1, 24514, 42791482, 43045140
324, 1, 21
3, 76426, 41716624, 41970041
325, 1, 21
2, 106758, 42417917, 42674361
326, 1, 21
1, 28840, 43045140, 43302932
327, 1, 21
3, 79310, 41970041, 42221921
328, 1, 21
2, 112526, 42674361, 42926968
329, 1, 21
1, 28840, 43302932, 43554675
330, 1, 21
3, 85078, 42221921, 42475221
331, 1, 21
2, 111084, 42926968, 43178047
332, 1, 21
1, 30282, 43554675, 43819048
333, 1, 21
3, 82194, 42475221, 42731747
334, 1, 21
2, 103874, 43178047, 43433009
335, 1, 21
1, 27398, 43819048, 44071187
336, 1, 21
3, 69216, 42731747, 42983637
337, 1, 21
2, 106758, 43433009, 43685217
338, 1, 21
1, 25956, 44071187, 44328678
339, 1, 21
2, 31749, 43685217, 43941946
340, 1, 21
1, 24514, 44328678, 44580465
341, 1, 21
2, 21655, 43941946, 44208071
342, 1, 21
1, 23072, 44580465, 44838309
343, 1, 21
2, 27423, 44208071, 44461805
344, 1, 21
1, 27398, 44838309, 45090180
345, 1, 21
2, 24539, 44461805, 44722243
346, 1, 21
1, 18746, 45090180, 45363610
347, 1, 21
2, 17329, 44722243, 45002391
348, 1, 21
1, 20188, 45363610, 45614492
349, 1, 21
2, 23097, 45002391, 45271818
350, 1, 21
1, 23072, 45614492, 45886147
351, 1, 21
2, 17329, 45271818, 45541546
352, 1, 21
1, 17304, 45886147, 46145466
353, 1, 21
2, 20213, 45541546, 45805497
354, 1, 21
1, 18746, 46145466, 46401461
355, 1, 21
2, 27423, 45805497, 46058732
356, 1, 21
1, 28840, 46401461, 46657724
357, 1, 21
2, 30307, 46058732, 46318407
358, 1, 21
1, 28840, 46657724, 46907993
359, 1, 21
2, 28865, 46318407, 46578290
360, 1, 21
1, 28840, 46907993, 47164822
361, 1, 21
2, 30307, 46578290, 46837652
362, 1, 21
1, 30282, 47164822, 47424901
363, 1, 21
2, 30307, 46837652, 47094670
364, 1, 21
1, 30282, 47424901, 47684287
365, 1, 21
2, 28865, 47094670, 47344737
366, 1, 21
1, 30282, 47684287, 47943260
367, 1, 21
2, 30307, 47344737, 47596907
368, 1, 21
1, 30282, 47943260, 48195439
369, 1, 21
2, 30307, 47596907, 47855228
370, 1, 21
1, 30282, 48195439, 48454507
371, 1, 21
2, 25981, 47855228, 48116273
372, 1, 21
1, 24514, 48454507, 48706246
373, 1, 21
2, 23097, 48116273, 48370115
374, 1, 21
1, 23072, 48706246, 48958749
375, 1, 21
2, 20213, 48370115, 48644853
376, 1, 21
1, 18746, 48958749, 49236978
377, 1, 21
2, 23097, 48644853, 48902610
378, 1, 21
1, 24514, 49236978, 49490452
379, 1, 21
2, 24539, 48902610, 49159176
380, 1, 21
1, 24514, 49490452, 49755405
381, 1, 21
2, 23097, 49159176, 49419928
382, 1, 21
1, 21630, 49755405, 50022552
383, 1, 21
2, 14445, 49419928, 49681688
384, 1, 21
1, 15862, 50022552, 50276316
385, 1, 21
2, 21655, 49681688, 49945821
386, 1, 21
1, 21630, 50276316, 50535157
387, 2, 21
2, 25981, 49945821, 50256146
1, 23072, 50535157, 50818090
388, 2, 21
2, 23072, 50256146, 50516049
1, 23072, 50818090, 51077899
389, 2, 21
2, 24514, 50516049, 50774496
1, 24514, 51077899, 51336307
390, 2, 21
2, 30282, 50774496, 51032382
1, 30282, 51336307, 51593495
391, 2, 21
2, 30282, 51032382, 51287251
1, 30282, 51593495, 51848476
392, 2, 21
2, 30282, 51287251, 51541301
1, 30282, 51848476, 52102561
393, 2, 21
2, 30282, 51541301, 51795622
1, 30282, 52102561, 52356813
394, 2, 21
2, 30282, 51795622, 52052611
1, 30282, 52356813, 52614516
395, 2, 21
2, 30282, 52052611, 52312182
1, 30282, 52614516, 52873421
396, 2, 21
2, 30282, 52312182, 52568085
1, 30282, 52873421, 53129355
397, 2, 21
2, 30282, 52568085, 52822606
1, 30282, 53129355, 53383754
398, 2, 21
2, 28840, 52822606, 53075639
1, 28840, 53383754, 53636917
399, 2, 21
2, 30282, 53075639, 53333875
1, 30282, 53636917, 53894931
400, 1, 21
3, 54796, 42983637, 52882785
401, 1, 21
2, 79335, 53333875, 53587485
402, 1, 21
1, 30282, 53894931, 54155362
403, 1, 21
3, 85078, 52882785, 53134590
404, 1, 21
2, 112526, 53587485, 53840187
405, 1, 21
1, 30282, 54155362, 54412137
406, 1, 21
3, 82194, 53134590, 53388184
407, 1, 21
2, 109642, 53840187, 54090272
408, 1, 21
1, 30282, 54412137, 54671969
409, 1, 21
3, 85078, 53388184, 53640841
410, 1, 21
2, 121178, 54090272, 54340984
411, 1, 21
1, 30282, 54671969, 54927389
412, 1, 21
3, 93730, 53640841, 53893587
413, 1, 21
2, 122620, 54340984, 54591109
414, 1, 21
1, 30282, 54927389, 55180860
415, 1, 21
3, 93730, 53893587, 54147123
416, 1, 21
2, 122620, 54591109, 54843061
417, 1, 21
1, 30282, 55180860, 55436601
418, 1, 21
3, 92288, 54147123, 54397827
419, 1, 21
2, 115410, 54843061, 55095094
420, 1, 21
1, 30282, 55436601, 55690169
421, 1, 21
3, 82194, 54397827, 54649698
422, 1, 21
2, 119736, 55095094, 55346844
423, 1, 21
1, 30282, 55690169, 55948234
424, 1, 21
3, 90846, 54649698, 54903663
425, 1, 21
2, 116852, 55346844, 55600247
426, 1, 21
1, 30282, 55948234, 56210004
427, 1, 21
3, 85078, 54903663, 55156758
428, 1, 21
2, 113968, 55600247, 55851728
429, 1, 21
1, 28840, 56210004, 56467937
430, 1, 21
3, 89404, 55156758, 55406804
431, 1, 21
2, 121178, 55851728, 56105466
432, 1, 21
1, 30282, 56467937, 56719876
433, 1, 21
3, 87962, 55406804, 55658396
434, 1, 21
2, 115410, 56105466, 56359567
435, 1, 21
1, 30282, 56719876, 56973748
436, 1, 21
3, 86520, 55658396, 55910969
437, 1, 21
2, 116852, 56359567, 56611360
438, 1, 21
1, 30282, 56973748, 57225986
439, 1, 21
3, 85078, 55910969, 56164012
440, 1, 21
2, 116852, 56611360, 56864268
441, 1, 21
1, 30282, 57225986, 57481967
442, 1, 21
3, 87962, 56164012, 56415526
443, 1, 21
2, 119736, 56864268, 57116927
444, 1, 21
1, 30282, 57481967, 57735958
445, 1, 21
3, 82194, 56415526, 56666707
446, 1, 21
2, 111084, 57116927, 57369081
447, 1, 21
1, 30282, 57735958, 57991468
448, 1, 21
3, 83636, 56666707, 56918363
449, 1, 21
2, 111084, 57369081, 57619230
450, 1, 21
1, 30282, 57991468, 58251899
451, 1, 21
3, 79310, 56918363, 57170869
452, 1, 21
2, 112526, 57619230, 57872999
453, 1, 21
1, 30282, 58251899, 58508768
454, 1, 21
3, 87962, 57170869, 57423891
455, 1, 21
2, 118294, 57872999, 58123607
456, 1, 21
1, 30282, 58508768, 58759565
457, 1, 21
3, 89404, 57423891, 57675962
458, 1, 21
2, 119736, 58123607, 58377099
459, 1, 21
1, 30282, 58759565, 59012784
460, 1, 21
2, 59147, 58377099, 58639191
461, 1, 21
1, 28840, 59012784, 59272741
462, 1, 21
2, 27423, 58639191, 58895115
463, 1, 21
1, 28840, 59272741, 59533715
464, 1, 21
2, 28865, 58895115, 59154709
465, 1, 21
1, 28840, 59533715, 59794183
466, 1, 21
2, 28865, 59154709, 59419238
467, 1, 21
1, 27398, 59794183, 60048566
468, 1, 21
2, 27423, 59419238, 59670871
469, 1, 21
1, 28840, 60048566, 60310218
470, 1, 21
2, 28865, 59670871, 59924302
471, 1, 21
1, 28840, 60310218, 60566765
472, 1, 21
2, 28865, 59924302, 60185336
473, 1, 21
1, 28840, 60566765, 60827806
474, 1, 21
2, 28865, 60185336, 60441566
475, 1, 21
1, 28840, 60827806, 61080222
476, 1, 21
2, 28865, 60441566, 60693990
477, 1, 21
1, 28840, 61080222, 61332372
478, 1, 21
2, 28865, 60693990, 60947594
479, 1, 21
1, 28840, 61332372, 61582893
480, 1, 21
2, 30307, 60947594, 61208378
481, 1, 21
1, 28840, 61582893, 61836076
482, 1, 21
2, 28865, 61208378, 61459226
483, 1, 21
1, 30282, 61836076, 62093974
484, 1, 21
2, 30307, 61459226, 61716102
485, 1, 21
1, 30282, 62093974, 62356583
486, 1, 21
2, 28865, 61716102, 61975039
487, 1, 21
1, 28840, 62356583, 62612973
488, 1, 21
2, 27423, 61975039, 62234913
489, 1, 21
1, 25956, 62612973, 62867607
490, 1, 21
2, 27423, 62234913, 62491608
491, 1, 21
1, 27398, 62867607, 63126050
492, 1, 21
2, 27423, 62491608, 62755329
493, 1, 21
1, 27398, 63126050, 63384868
494, 1, 21
2, 27423, 62755329, 63012066
495, 1, 21
1, 27398, 63384868, 63646484
496, 1, 21
2, 27423, 63012066, 63275053
497, 1, 21
1, 27398, 63646484, 63906656
498, 1, 21
2, 27423, 63275053, 63536202
499, 1, 21
1, 27398, 63906656, 64162625
500, 1, 21
2, 28865, 63536202, 63800454
501, 1, 21
1, 28840, 64162625, 64423639
502, 1, 21
2, 28865, 63800454, 64061041
503, 1, 21
1, 27398, 64423639, 64676632
504, 1, 21
2, 28865, 64061041, 64322120
505, 1, 21
1, 27398, 64676632, 64928148
506, 1, 21
2, 27423, 64322120, 64573738
507, 1, 21
1, 28840, 64928148, 65185042
508, 1, 21
2, 30307, 64573738, 64835458
509, 1, 21
1, 28840, 65185042, 65440871
510, 1, 21
2, 27423, 64835458, 65089912
511, 1, 21
1, 28840, 65440871, 65701851
512, 1, 21
2, 28865, 65089912, 65346343
513, 1, 21
1, 28840, 65701851, 65960737
514, 1, 21
2, 28865, 65346343, 65605973
515, 1, 21
1, 28840, 65960737, 66225338
