0, 2, 21
2, 27398, 5570712, 5825522
1, 27398, 6144205, 6398796
1, 2, 21
2, 46144, 5825522, 6329622
1, 46144, 6398796, 6902562
2, 2, 21
2, 28840, 6329622, 6581798
1, 28840, 6902562, 7154678
3, 2, 21
2, 28840, 6581798, 6840977
1, 28840, 7154678, 7414393
4, 2, 21
2, 62006, 6840977, 7395995
1, 62006, 7414393, 7969122
5, 2, 21
2, 242256, 7395995, 15697742
1, 242256, 7969122, 16270792
6, 2, 21
2, 27398, 15697742, 15954585
1, 27398, 16270792, 16527446
7, 2, 21
2, 57680, 15954585, 16459689
1, 57680, 16527446, 17032928
8, 1, 21
2, 165830, 16459689, 17744131
9, 1, 21
1, 145642, 17032928, 18325618
10, 1, 21
3, 38934, 17044691, 17296183
11, 1, 21
2, 66382, 17744131, 17996491
12, 1, 21
3, 37492, 17296183, 17548271
13, 1, 21
1, 59122, 18325618, 18831512
14, 1, 21
3, 36050, 17548271, 17801594
15, 1, 21
2, 131297, 17996491, 18504724
16, 1, 21
3, 30282, 17801594, 18119360
17, 1, 21
2, 38959, 18504724, 18762326
18, 1, 21
1, 50470, 18831512, 19359699
19, 1, 21
2, 57705, 18762326, 19015468
20, 1, 21
1, 24514, 19359699, 19614055
21, 1, 21
3, 69216, 18119360, 18621894
22, 1, 21
2, 67824, 19015468, 19267247
23, 1, 21
3, 40376, 18621894, 18880648
24, 1, 21
2, 165855, 19267247, 19771215
25, 1, 21
4, 40376, 18417802, 18672227
26, 1, 21
3, 80752, 18880648, 19406848
27, 1, 21
4, 36050, 18672227, 18927115
28, 1, 21
1, 139874, 19614055, 20891993
29, 1, 21
4, 40376, 18927115, 19183688
30, 1, 21
1, 28840, 20891993, 21148675
31, 1, 21
4, 38934, 19183688, 19439627
32, 1, 21
4, 37492, 19439627, 19693644
33, 1, 21
2, 506342, 19771215, 21031971
34, 1, 21
4, 25956, 19693644, 19943809
35, 1, 21
3, 173040, 19406848, 20671041
36, 1, 21
2, 64940, 21031971, 21287237
37, 1, 21
1, 79310, 21148675, 21913507
38, 1, 21
4, 17304, 19943809, 20193920
39, 1, 21
3, 18746, 20671041, 20921644
40, 1, 21
1, 18746, 21913507, 22164819
41, 1, 21
4, 31724, 20193920, 20472816
42, 1, 21
3, 31724, 20921644, 21179126
43, 1, 21
2, 155886, 21287237, 21788686
44, 1, 21
1, 24514, 22164819, 22418470
45, 1, 21
4, 38934, 20472816, 20724558
46, 1, 21
3, 38934, 21179126, 21436687
47, 1, 21
2, 106783, 21788686, 22041957
48, 1, 21
1, 30282, 22418470, 22676246
49, 1, 21
2, 102407, 22041957, 22294812
50, 1, 21
4, 74984, 20724558, 21229038
51, 1, 21
1, 56238, 22676246, 23183939
52, 1, 21
2, 181742, 22294812, 22807654
53, 1, 21
4, 64890, 21229038, 21744090
54, 1, 21
2, 41843, 22807654, 23058345
55, 1, 21
1, 47586, 23183939, 23699972
56, 1, 21
4, 33166, 21744090, 21995358
57, 1, 21
2, 62056, 23058345, 23313452
58, 1, 21
1, 25956, 23699972, 23954186
59, 1, 21
4, 37492, 21995358, 22249880
60, 1, 21
4, 21630, 22249880, 22521880
61, 1, 21
2, 95247, 23313452, 23815726
62, 1, 21
1, 41818, 23954186, 24463930
63, 1, 21
4, 28840, 22521880, 22776063
64, 1, 21
2, 47636, 23815726, 24072605
65, 1, 21
1, 23072, 24463930, 24726512
66, 1, 21
2, 64915, 24072605, 24331664
67, 1, 21
1, 27398, 24726512, 24979632
68, 1, 21
4, 66332, 22776063, 23277717
69, 1, 21
4, 37492, 23277717, 23535334
70, 1, 21
4, 152852, 23535334, 24565672
71, 1, 21
4, 79310, 24565672, 25069327
72, 1, 21
3, 92288, 21436687, 27985859
73, 1, 21
2, 1147982, 24331664, 28639575
74, 1, 21
3, 36050, 27985859, 28249700
75, 1, 21
2, 87987, 28639575, 28891289
76, 1, 21
1, 532098, 24979632, 29611656
77, 1, 21
4, 400876, 25069327, 27891774
78, 1, 21
3, 27398, 28249700, 28508780
79, 1, 21
4, 38934, 27891774, 28147982
80, 1, 21
3, 38934, 28508780, 28759654
81, 1, 21
2, 191911, 28891289, 29394250
82, 1, 21
4, 34608, 28147982, 28406457
83, 1, 21
3, 33166, 28759654, 29013022
84, 1, 21
3, 40376, 29013022, 29270676
85, 1, 21
3, 73542, 29270676, 29773221
86, 1, 21
2, 572574, 29394250, 30912230
87, 1, 21
2, 134106, 30912230, 31412429
88, 1, 21
3, 372036, 29773221, 32348690
89, 1, 21
2, 398017, 31412429, 32951730
90, 1, 21
3, 36050, 32348690, 32600358
91, 1, 21
2, 63473, 32951730, 33207054
92, 1, 21
3, 15862, 32600358, 32856117
93, 1, 21
2, 31749, 33207054, 33473513
94, 2, 21
2, 8652, 33473513, 33759857
1, 506142, 29611656, 34332281
95, 2, 21
2, 18746, 33759857, 34020104
1, 18746, 34332281, 34592968
96, 1, 21
1, 14420, 34592968, 34855535
97, 1, 21
2, 34633, 34020104, 34523349
98, 1, 21
1, 21630, 34855535, 35108839
99, 1, 21
2, 14445, 34523349, 34775506
100, 1, 21
1, 14420, 35108839, 35360474
101, 1, 21
1, 18746, 35360474, 35621456
102, 1, 21
2, 41868, 34775506, 35287116
103, 1, 21
1, 23072, 35621456, 35871622
104, 1, 21
3, 4326, 32856117, 34918683
105, 1, 21
2, 49078, 35287116, 35541131
106, 1, 21
1, 30282, 35871622, 36127879
107, 1, 21
3, 83636, 34918683, 35172579
108, 1, 21
2, 112526, 35541131, 35792167
109, 1, 21
2, 90846, 35792167, 36043282
110, 1, 21
1, 57680, 36127879, 36630846
111, 1, 21
3, 131222, 35172579, 35676588
112, 1, 21
2, 85128, 36043282, 36296267
113, 1, 21
1, 27398, 36630846, 36965948
114, 1, 21
3, 36050, 35676588, 35926713
115, 1, 21
2, 46194, 36296267, 36558447
116, 1, 21
1, 12978, 36965948, 37219647
117, 1, 21
3, 67774, 35926713, 36179427
118, 1, 21
2, 106758, 36558447, 36812152
119, 1, 21
1, 28840, 37219647, 37475022
120, 1, 21
3, 92288, 36179427, 36432053
121, 1, 21
2, 121178, 36812152, 37066625
122, 1, 21
3, 87962, 36432053, 36685306
123, 1, 21
2, 115385, 37066625, 37318723
124, 1, 21
3, 80752, 36685306, 36936008
125, 1, 21
2, 121153, 37318723, 37594186
126, 1, 21
3, 77868, 36936008, 37187811
127, 1, 21
2, 100965, 37594186, 37844734
128, 1, 21
3, 77868, 37187811, 37451066
129, 1, 21
3, 90846, 37451066, 37759359
130, 1, 21
2, 204814, 37844734, 38347481
131, 1, 21
1, 173040, 37475022, 39010745
132, 1, 21
2, 77893, 38347481, 38600292
133, 1, 21
2, 25956, 38600292, 38859688
134, 1, 21
1, 53354, 39010745, 39513742
135, 1, 21
1, 23072, 39513742, 39765358
136, 1, 21
2, 47636, 38859688, 39361069
137, 1, 21
1, 46144, 39765358, 40274101
138, 1, 21
1, 30282, 40274101, 40533380
139, 1, 21
1, 30282, 40533380, 40789940
140, 1, 21
1, 30282, 40789940, 41066769
141, 1, 21
2, 137090, 39361069, 40657090
142, 1, 21
3, 56238, 37759359, 40154534
143, 1, 21
1, 21630, 41066769, 41363311
144, 1, 21
2, 83686, 40657090, 40909258
145, 1, 21
3, 77868, 40154534, 40468090
146, 1, 21
1, 28840, 41363311, 41691272
147, 1, 21
2, 70708, 40909258, 41159822
148, 1, 21
2, 109592, 41159822, 41412402
149, 1, 21
3, 157178, 40468090, 40969460
150, 1, 21
1, 59122, 41691272, 42198405
151, 1, 21
3, 82194, 40969460, 41222875
152, 1, 21
2, 223585, 41412402, 41915383
153, 1, 21
2, 109592, 41915383, 42166480
154, 1, 21
3, 154294, 41222875, 41746626
155, 1, 21
1, 86520, 42198405, 42981488
156, 1, 21
2, 85128, 42166480, 42420136
157, 1, 21
1, 28840, 42981488, 43238283
158, 1, 21
2, 111059, 42420136, 42672054
159, 1, 21
3, 154294, 41746626, 42248260
160, 1, 21
3, 237930, 42248260, 43014327
161, 1, 21
1, 113918, 43238283, 44265966
162, 1, 21
2, 474493, 42672054, 43958048
163, 1, 21
1, 47586, 44265966, 44776972
164, 1, 21
2, 23097, 43958048, 44215754
165, 1, 21
1, 27398, 44776972, 45028079
166, 1, 21
1, 20188, 45028079, 45314278
167, 1, 21
1, 43260, 45314278, 45836723
168, 1, 21
1, 17304, 45836723, 46096162
169, 2, 21
2, 154394, 44215754, 46036863
1, 47586, 46096162, 46608508
170, 1, 21
2, 57680, 46036863, 46542832
171, 1, 21
1, 233604, 46608508, 48657365
172, 1, 21
2, 178833, 46542832, 48108561
173, 1, 21
2, 23072, 48108561, 48364146
174, 1, 21
1, 40376, 48657365, 49158303
175, 1, 21
2, 15887, 48364146, 48614628
176, 1, 21
1, 23072, 49158303, 49415966
177, 1, 21
2, 24539, 48614628, 48867935
178, 1, 21
1, 24514, 49415966, 49672505
179, 2, 21
2, 46169, 48867935, 49401424
1, 24514, 49672505, 49973445
180, 2, 21
2, 15862, 49401424, 49655411
1, 15862, 49973445, 50227148
181, 2, 21
2, 21630, 49655411, 49914339
1, 21630, 50227148, 50485899
182, 2, 21
2, 41818, 49914339, 50417732
1, 41818, 50485899, 50989948
183, 2, 21
2, 59122, 50417732, 50971416
1, 59122, 50989948, 51544232
184, 1, 21
3, 54796, 43014327, 52913523
185, 1, 21
2, 317265, 50971416, 53526488
186, 1, 21
3, 85078, 52913523, 53165211
187, 1, 21
2, 112501, 53526488, 53778308
188, 1, 21
3, 165830, 53165211, 53667944
189, 1, 21
2, 227861, 53778308, 54281300
190, 1, 21
3, 95172, 53667944, 53924602
191, 1, 21
2, 124037, 54281300, 54533524
192, 1, 21
3, 184576, 53924602, 54424828
193, 1, 21
3, 83636, 54424828, 54680404
194, 1, 21
3, 90846, 54680404, 54934274
195, 1, 21
3, 173040, 54934274, 55434405
196, 1, 21
3, 682066, 55434405, 57455364
197, 1, 21
2, 1844443, 54533524, 58578409
198, 1, 21
2, 27398, 58578409, 58835595
199, 1, 21
2, 56238, 58835595, 59344022
200, 1, 21
1, 1163694, 51544232, 61547620
201, 1, 21
1, 142758, 61547620, 62821498
202, 1, 21
1, 53354, 62821498, 63326873
