0, 2, 21
2, 72100, 5535966, 6281326
1, 72104, 6083390, 6828649
1, 2, 21
2, 144200, 6281326, 7573812
1, 144204, 6828649, 8121039
2, 2, 21
2, 144200, 7573812, 8860778
1, 144204, 8121039, 9407801
3, 2, 21
2, 217742, 8860778, 16921420
1, 217746, 9407801, 17468589
4, 2, 21
2, 73542, 16921420, 17578560
1, 72104, 17468589, 18125494
5, 2, 21
2, 82194, 17578560, 17888611
1, 36054, 18125494, 18435784
6, 2, 21
2, 43260, 17888611, 18048780
1, 18750, 18435784, 18596066
7, 2, 21
2, 23072, 18048780, 18136379
1, 10098, 18596066, 18683781
8, 2, 21
2, 333102, 18136379, 19538390
1, 144204, 18683781, 20085777
9, 2, 21
2, 268212, 19538390, 20203226
1, 72104, 20085777, 20750698
10, 2, 21
2, 134106, 20203226, 20524929
1, 36054, 20750698, 21072305
11, 2, 21
2, 70658, 20524929, 20693145
1, 18750, 21072305, 21240583
12, 2, 21
2, 491722, 20693145, 22141601
1, 144204, 21240583, 22688741
13, 2, 21
2, 235046, 22141601, 22783914
1, 72104, 22688741, 23331151
14, 2, 21
2, 90846, 22783914, 23224804
1, 36054, 23331151, 23772160
15, 2, 21
2, 43260, 23224804, 23397786
1, 18750, 23772160, 23944712
16, 2, 21
2, 17304, 23397786, 23493384
1, 10098, 23944712, 24040336
17, 2, 21
2, 330218, 23493384, 24978747
1, 144204, 24040336, 25525024
18, 2, 21
2, 324450, 24978747, 26199701
1, 144204, 25525024, 26746873
19, 2, 21
2, 164388, 26199701, 26817953
1, 72104, 26746873, 27365045
20, 2, 21
2, 325892, 26817953, 28061520
1, 144204, 27365045, 28608574
21, 2, 21
2, 426832, 28061520, 29365535
1, 144204, 28608574, 29912593
22, 2, 21
2, 255234, 29365535, 30004419
1, 72104, 29912593, 30551524
23, 2, 21
2, 126896, 30004419, 30312990
1, 36054, 30551524, 30859767
24, 2, 21
2, 372036, 30312990, 31532920
1, 144204, 30859767, 32079244
25, 2, 21
2, 164388, 31532920, 32146135
1, 72104, 32079244, 32693320
26, 2, 21
2, 77868, 32146135, 32451944
1, 36054, 32693320, 32998833
27, 2, 21
2, 265328, 32451944, 34311041
1, 144204, 32998833, 34858368
28, 2, 21
2, 72100, 34311041, 35260149
1, 72104, 34858368, 35807505
29, 2, 21
2, 56238, 35260149, 35566734
1, 36054, 35807505, 36114045
30, 2, 21
2, 73542, 35566734, 35736721
1, 18750, 36114045, 36284026
31, 2, 21
2, 41818, 35736721, 35822353
1, 10098, 36284026, 36369513
32, 2, 21
2, 23072, 35822353, 35870392
1, 5772, 36369513, 36417578
33, 2, 21
2, 547960, 35870392, 37354876
1, 144204, 36417578, 37902108
34, 2, 21
2, 276864, 37354876, 38006254
1, 72104, 37902108, 38553397
35, 2, 21
2, 126896, 38006254, 38333223
1, 36054, 38553397, 38880366
36, 2, 21
2, 203322, 38333223, 39783118
1, 144204, 38880366, 40329763
37, 2, 21
2, 72100, 39783118, 40403613
1, 72104, 40329763, 40950919
38, 2, 21
2, 475860, 40403613, 41847136
1, 144204, 40950919, 42394267
39, 2, 21
2, 265328, 41847136, 42515388
1, 72104, 42394267, 43062608
40, 2, 21
2, 135548, 42515388, 42827949
1, 36054, 43062608, 43375007
41, 2, 21
2, 72100, 42827949, 42989349
1, 18750, 43375007, 43535703
42, 2, 21
2, 385014, 42989349, 44387287
1, 144204, 43535703, 44934572
43, 2, 21
2, 72100, 44387287, 45338235
1, 72104, 44934572, 45885498
44, 2, 21
2, 36050, 45338235, 45792362
1, 36054, 45885498, 46339633
45, 2, 21
2, 144200, 45792362, 47052064
1, 144204, 46339633, 47599381
46, 2, 21
2, 72100, 47052064, 47654890
1, 72104, 47599381, 48202203
47, 2, 21
2, 144200, 47654890, 49243363
1, 144204, 48202203, 49790648
48, 2, 21
2, 144200, 49243363, 50908375
1, 144204, 49790648, 51454845
49, 2, 21
2, 144200, 50908375, 52127459
1, 144204, 51454845, 52674137
50, 2, 21
2, 72100, 52127459, 52737703
1, 72104, 52674137, 53284231
51, 2, 21
2, 307146, 52737703, 53985477
1, 144204, 53284231, 54532171
52, 2, 21
2, 286958, 53985477, 54593147
1, 72104, 54532171, 55139440
53, 2, 21
2, 148526, 54593147, 54898916
1, 36054, 55139440, 55445981
54, 2, 21
2, 573916, 54898916, 56132832
1, 144204, 55445981, 56679998
55, 2, 21
2, 558054, 56132832, 57352925
1, 144204, 56679998, 57900116
56, 2, 21
2, 539308, 57352925, 58578587
1, 144204, 57900116, 59125619
57, 2, 21
2, 144200, 58578587, 59887935
1, 144204, 59125619, 60434556
58, 2, 21
2, 72100, 59887935, 60530848
1, 72104, 60434556, 61078293
59, 2, 21
2, 144200, 60530848, 61782614
1, 144204, 61078293, 62330086
60, 2, 21
2, 144200, 61782614, 63145409
1, 144204, 62330086, 63692826
61, 2, 21
2, 144200, 63145409, 64475219
1, 144204, 63692826, 65022176
