0, 2, 21
2, 27398, 5532487, 5787162
1, 27398, 6107676, 6361972
1, 2, 21
2, 27398, 5787162, 6096683
1, 27398, 6361972, 6671634
2, 2, 21
2, 25956, 6096683, 6358404
1, 25956, 6671634, 6933177
3, 2, 21
2, 28840, 6358404, 6610868
1, 28840, 6933177, 7185956
4, 2, 21
2, 28840, 6610868, 6867230
1, 28840, 7185956, 7442256
5, 2, 21
2, 28840, 6867230, 7124000
1, 28840, 7442256, 7698820
6, 2, 21
2, 27398, 7124000, 7374179
1, 27398, 7698820, 7949013
7, 2, 21
2, 28840, 7374179, 7636203
1, 28840, 7949013, 8211035
8, 2, 21
2, 27398, 7636203, 7888431
1, 27398, 8211035, 8463239
9, 2, 21
2, 28840, 7888431, 8148728
1, 28840, 8463239, 8723492
10, 2, 21
2, 28840, 8148728, 8408604
1, 28840, 8723492, 8983364
11, 2, 21
2, 30282, 8408604, 8669103
1, 30282, 8983364, 9244044
12, 2, 21
2, 28840, 8669103, 8930353
1, 28840, 9244044, 9505240
13, 2, 21
2, 28840, 8930353, 9194026
1, 28840, 9505240, 9768980
14, 2, 21
2, 28840, 9194026, 9454206
1, 28840, 9768980, 10028928
15, 2, 21
2, 10094, 9454206, 15661232
1, 10094, 10028928, 16236183
16, 2, 21
2, 27398, 15661232, 15918356
1, 27398, 16236183, 16493348
17, 2, 21
2, 28840, 15918356, 16180007
1, 28840, 16493348, 16754992
18, 2, 21
2, 30282, 16180007, 16436106
1, 30282, 16754992, 17011099
19, 2, 21
2, 30282, 16436106, 16696182
1, 30282, 17011099, 17270947
20, 2, 21
2, 28840, 16696182, 16948101
1, 28840, 17270947, 17522954
21, 2, 21
2, 27398, 16948101, 17200144
1, 27398, 17522954, 17774940
22, 2, 21
2, 27398, 17200144, 17455911
1, 27398, 17774940, 18030812
23, 1, 21
2, 63448, 17455911, 17715146
24, 1, 21
1, 30282, 18030812, 18292402
25, 1, 21
3, 40376, 16941151, 17199516
26, 1, 21
2, 69266, 17715146, 17974451
27, 1, 21
1, 30282, 18292402, 18553068
28, 1, 21
3, 38934, 17199516, 17456399
29, 1, 21
2, 66382, 17974451, 18227563
30, 1, 21
1, 30282, 18553068, 18811231
31, 1, 21
3, 36050, 17456399, 17713766
32, 1, 21
2, 60614, 18227563, 18482668
33, 1, 21
1, 30282, 18811231, 19070277
34, 1, 21
3, 27398, 17713766, 18009704
35, 1, 21
2, 38984, 18482668, 18739335
36, 1, 21
1, 18746, 19070277, 19327451
37, 1, 21
3, 30282, 18009704, 18265757
38, 1, 21
2, 63498, 18739335, 18993960
39, 1, 21
1, 24514, 19327451, 19581745
40, 1, 21
3, 40376, 18265757, 18521401
41, 1, 21
2, 67824, 18993960, 19249669
42, 1, 21
1, 25956, 19581745, 19834871
43, 1, 21
3, 40376, 18521401, 18779579
44, 1, 21
2, 76476, 19249669, 19502843
45, 1, 21
1, 28840, 19834871, 20096170
46, 1, 21
3, 40376, 18779579, 19036423
47, 1, 21
4, 40376, 18335790, 18589325
48, 1, 21
2, 103899, 19502843, 19754259
49, 1, 21
1, 28840, 20096170, 20353829
50, 1, 21
3, 38934, 19036423, 19296954
51, 1, 21
4, 36050, 18589325, 18842713
52, 1, 21
2, 102457, 19754259, 20007567
53, 1, 21
1, 30282, 20353829, 20618704
54, 1, 21
3, 36050, 19296954, 19547710
55, 1, 21
4, 40376, 18842713, 19096449
56, 1, 21
2, 102457, 20007567, 20262457
57, 1, 21
1, 25956, 20618704, 20877721
58, 1, 21
3, 37492, 19547710, 19801822
59, 1, 21
4, 38934, 19096449, 19347997
60, 1, 21
2, 106783, 20262457, 20514490
61, 1, 21
1, 28840, 20877721, 21134638
62, 1, 21
3, 38934, 19801822, 20056251
63, 1, 21
4, 37492, 19347997, 19600176
64, 1, 21
2, 102457, 20514490, 20764730
65, 1, 21
1, 28840, 21134638, 21392097
66, 1, 21
3, 37492, 20056251, 20306742
67, 1, 21
4, 27398, 19600176, 19865485
68, 1, 21
2, 79385, 20764730, 21016246
69, 1, 21
1, 28840, 21392097, 21644363
70, 1, 21
3, 23072, 20306742, 20560674
71, 1, 21
4, 17304, 19865485, 20121371
72, 1, 21
2, 60639, 21016246, 21273395
73, 1, 21
1, 21630, 21644363, 21899884
74, 1, 21
3, 20188, 20560674, 20819813
75, 1, 21
4, 30282, 20121371, 20389498
76, 1, 21
2, 79385, 21273395, 21526355
77, 1, 21
1, 18746, 21899884, 22151147
78, 1, 21
3, 31724, 20819813, 21078280
79, 1, 21
4, 38934, 20389498, 20642124
80, 1, 21
2, 93805, 21526355, 21779503
81, 1, 21
1, 24514, 22151147, 22405059
82, 1, 21
3, 38934, 21078280, 21335251
83, 1, 21
4, 38934, 20642124, 20901928
84, 1, 21
2, 106783, 21779503, 22032238
85, 1, 21
1, 30282, 22405059, 22662890
86, 1, 21
3, 37492, 21335251, 21591104
87, 1, 21
4, 37492, 20901928, 21152815
88, 1, 21
2, 105341, 22032238, 22285335
89, 1, 21
1, 28840, 22662890, 22921784
90, 1, 21
3, 37492, 21591104, 21846779
91, 1, 21
4, 37492, 21152815, 21404872
92, 1, 21
2, 96689, 22285335, 22537712
93, 1, 21
1, 28840, 22921784, 23182855
94, 1, 21
4, 25956, 21404872, 21658140
95, 1, 21
2, 53404, 22537712, 22788063
96, 1, 21
1, 28840, 23182855, 23433927
97, 1, 21
4, 33166, 21658140, 21909442
98, 1, 21
2, 51962, 22788063, 23038429
99, 1, 21
1, 17304, 23433927, 23686785
100, 1, 21
4, 37492, 21909442, 22163872
101, 1, 21
2, 62056, 23038429, 23293427
102, 1, 21
1, 25956, 23686785, 23941009
103, 2, 21
2, 46169, 23293427, 23547748
4, 21630, 22163872, 22436001
104, 1, 21
1, 27398, 23941009, 24207413
105, 2, 21
2, 44727, 23547748, 23802145
4, 28840, 22436001, 22690012
106, 1, 21
1, 15862, 24207413, 24462568
107, 2, 21
2, 53379, 23802145, 24056497
4, 30282, 22690012, 22944900
108, 1, 21
1, 21630, 24462568, 24713047
109, 2, 21
2, 62031, 24056497, 24313536
4, 37492, 22944900, 23201902
110, 1, 21
1, 27398, 24713047, 24965896
111, 1, 21
2, 66357, 24313536, 24569498
112, 1, 21
4, 37492, 23201902, 23457916
113, 1, 21
1, 27398, 24965896, 25222415
114, 2, 21
2, 64940, 24569498, 24822287
4, 37492, 23457916, 23710682
115, 1, 21
1, 28840, 25222415, 25475645
116, 2, 21
2, 67799, 24822287, 25078756
4, 37492, 23710682, 23967147
117, 1, 21
1, 30282, 25475645, 25731135
118, 2, 21
2, 66357, 25078756, 25335739
4, 36050, 23967147, 24224133
119, 1, 21
1, 30282, 25731135, 25986201
120, 2, 21
2, 70683, 25335739, 25595513
4, 40376, 24224133, 24483895
121, 1, 21
1, 30282, 25986201, 26246567
122, 2, 21
2, 70683, 25595513, 25853335
4, 40376, 24483895, 24741557
123, 1, 21
1, 30282, 26246567, 26502238
124, 2, 21
2, 70683, 25853335, 26108383
4, 40376, 24741557, 24996703
125, 1, 21
1, 30282, 26502238, 26757561
126, 2, 21
2, 67799, 26108383, 26359123
4, 37492, 24996703, 25247518
127, 1, 21
1, 30282, 26757561, 27012427
128, 1, 21
2, 66357, 26359123, 26614511
129, 1, 21
4, 37492, 25247518, 25503656
130, 1, 21
1, 28840, 27012427, 27263177
131, 2, 21
2, 66382, 26614511, 26869930
4, 36050, 25503656, 25758329
132, 1, 21
1, 30282, 27263177, 27521591
133, 2, 21
2, 66357, 26869930, 27122542
4, 37492, 25758329, 26010665
134, 1, 21
1, 28840, 27521591, 27779248
135, 2, 21
2, 67799, 27122542, 27379774
4, 38934, 26010665, 26267216
136, 1, 21
1, 30282, 27779248, 28038959
137, 2, 21
2, 67799, 27379774, 27632574
4, 37492, 26267216, 26520507
138, 1, 21
1, 28840, 28038959, 28290170
139, 1, 21
2, 66357, 27632574, 27882667
140, 1, 21
4, 37492, 26520507, 26775994
141, 1, 21
1, 30282, 28290170, 28545809
142, 1, 21
2, 66382, 27882667, 28135885
143, 1, 21
4, 37492, 26775994, 27036213
144, 1, 21
1, 30282, 28545809, 28802104
145, 1, 21
2, 66382, 28135885, 28396688
146, 1, 21
4, 36050, 27036213, 27297441
147, 1, 21
3, 15862, 21846779, 27875513
148, 1, 21
1, 30282, 28802104, 29057961
149, 1, 21
2, 98131, 28396688, 28655503
150, 1, 21
4, 34608, 27297441, 27556123
151, 1, 21
3, 36050, 27875513, 28138221
152, 1, 21
1, 30282, 29057961, 29316027
153, 1, 21
2, 83711, 28655503, 28905568
154, 1, 21
4, 30282, 27556123, 27811635
155, 1, 21
3, 27398, 28138221, 28390670
156, 1, 21
1, 24514, 29316027, 29575314
157, 1, 21
2, 101015, 28905568, 29160602
158, 1, 21
4, 38934, 27811635, 28067289
159, 1, 21
3, 38934, 28390670, 28641733
160, 1, 21
1, 28840, 29575314, 29839367
161, 1, 21
2, 98131, 29160602, 29419253
162, 1, 21
4, 34608, 28067289, 28325267
163, 1, 21
3, 33166, 28641733, 28893756
164, 1, 21
1, 28840, 29839367, 30094376
165, 1, 21
2, 103899, 29419253, 29669784
166, 1, 21
4, 37492, 28325267, 28578004
167, 1, 21
3, 40376, 28893756, 29152614
168, 1, 21
1, 27398, 30094376, 30350951
169, 1, 21
2, 102457, 29669784, 29924339
170, 1, 21
4, 37492, 28578004, 28829905
171, 1, 21
3, 37492, 29152614, 29408971
172, 1, 21
1, 30282, 30350951, 30608660
173, 1, 21
2, 105341, 29924339, 30179454
174, 1, 21
4, 36050, 28829905, 29080700
175, 1, 21
3, 37492, 29408971, 29664154
176, 1, 21
1, 30282, 30608660, 30869093
177, 1, 21
2, 102457, 30179454, 30436101
178, 1, 21
4, 36050, 29080700, 29337654
179, 1, 21
3, 36050, 29664154, 29921109
180, 1, 21
1, 30282, 30869093, 31125962
181, 1, 21
2, 75059, 30436101, 30688483
182, 1, 21
3, 37492, 29921109, 30171326
183, 1, 21
1, 30282, 31125962, 31381876
184, 1, 21
2, 67824, 30688483, 30942852
185, 1, 21
3, 37492, 30171326, 30421485
186, 1, 21
1, 30282, 31381876, 31640777
187, 1, 21
2, 66382, 30942852, 31193351
188, 1, 21
3, 37492, 30421485, 30679644
189, 1, 21
1, 30282, 31640777, 31896095
190, 1, 21
2, 69266, 31193351, 31452106
191, 1, 21
3, 38934, 30679644, 30936119
192, 1, 21
1, 30282, 31896095, 32152882
193, 1, 21
2, 66382, 31452106, 31702515
194, 1, 21
3, 37492, 30936119, 31194931
195, 1, 21
1, 30282, 32152882, 32410303
196, 1, 21
2, 67824, 31702515, 31953800
197, 1, 21
3, 38934, 31194931, 31448418
198, 1, 21
1, 30282, 32410303, 32667389
199, 1, 21
2, 67824, 31953800, 32213858
200, 1, 21
3, 36050, 31448418, 31703847
201, 1, 21
1, 30282, 32667389, 32927977
202, 1, 21
2, 67824, 32213858, 32471673
203, 1, 21
3, 38934, 31703847, 31954451
204, 1, 21
1, 30282, 32927977, 33182815
205, 1, 21
2, 63498, 32471673, 32732836
206, 1, 21
3, 31724, 31954451, 32228011
207, 1, 21
1, 28840, 33182815, 33433960
208, 1, 21
2, 60614, 32732836, 32986164
209, 1, 21
3, 36050, 32228011, 32481626
210, 1, 21
1, 27398, 33433960, 33696485
211, 1, 21
2, 49078, 32986164, 33240244
212, 1, 21
3, 15862, 32481626, 32737365
213, 1, 21
1, 24514, 33696485, 33946557
214, 1, 21
2, 21680, 33240244, 33500056
215, 1, 21
1, 8652, 33946557, 34319235
216, 1, 21
2, 5793, 33500056, 33759055
217, 1, 21
1, 17304, 34319235, 34573795
218, 1, 21
2, 17329, 33759055, 34010490
219, 1, 21
1, 14420, 34573795, 34832660
220, 1, 21
2, 14445, 34010490, 34273176
221, 1, 21
1, 21630, 34832660, 35089402
222, 1, 21
2, 21655, 34273176, 34526430
223, 1, 21
1, 14420, 35089402, 35341553
224, 1, 21
2, 14445, 34526430, 34778026
225, 2, 21
2, 18746, 34778026, 35039473
1, 20188, 35341553, 35614399
226, 2, 21
2, 23072, 35039473, 35291593
1, 23072, 35614399, 35864506
227, 1, 21
3, 4326, 32737365, 34799919
228, 1, 21
2, 92313, 35291593, 35546591
229, 1, 21
1, 30282, 35864506, 36122089
230, 1, 21
3, 83636, 34799919, 35053171
231, 1, 21
2, 119736, 35546591, 35797666
232, 1, 21
1, 28840, 36122089, 36379943
233, 1, 21
3, 80752, 35053171, 35356179
234, 1, 21
2, 77918, 35797666, 36048076
235, 1, 21
1, 30282, 36379943, 36707303
236, 1, 21
3, 67774, 35356179, 35608640
237, 1, 21
2, 63498, 36048076, 36303951
238, 1, 21
1, 25956, 36707303, 36963652
239, 1, 21
3, 28840, 35608640, 35865992
240, 1, 21
2, 69266, 36303951, 36557588
241, 1, 21
1, 12978, 36963652, 37217287
242, 1, 21
3, 82194, 35865992, 36119817
243, 1, 21
2, 116852, 36557588, 36810340
244, 1, 21
1, 28840, 37217287, 37472785
245, 1, 21
3, 90846, 36119817, 36374379
246, 1, 21
2, 116852, 36810340, 37060665
247, 1, 21
1, 30282, 37472785, 37728789
248, 1, 21
3, 86520, 36374379, 36626579
249, 1, 21
2, 112526, 37060665, 37313521
250, 1, 21
1, 28840, 37728789, 37979842
251, 1, 21
3, 80752, 36626579, 36877479
252, 1, 21
2, 109642, 37313521, 37567029
253, 1, 21
1, 28840, 37979842, 38239964
254, 1, 21
3, 74984, 36877479, 37130714
255, 1, 21
2, 105316, 37567029, 37823007
256, 1, 21
1, 27398, 38239964, 38491441
257, 1, 21
3, 70658, 37130714, 37383623
258, 1, 21
2, 96664, 37823007, 38075734
259, 1, 21
1, 27398, 38491441, 38746931
260, 1, 21
3, 80752, 37383623, 37637554
261, 1, 21
2, 108200, 38075734, 38326267
262, 1, 21
1, 30282, 38746931, 39008916
263, 1, 21
2, 41843, 38326267, 38580081
264, 1, 21
1, 28840, 39008916, 39262405
265, 1, 21
2, 25981, 38580081, 38838187
266, 1, 21
1, 25956, 39262405, 39525488
267, 1, 21
2, 24539, 38838187, 39097267
268, 1, 21
1, 23072, 39525488, 39776889
269, 1, 21
2, 24539, 39097267, 39356766
270, 1, 21
1, 21630, 39776889, 40034999
271, 1, 21
2, 21655, 39356766, 39616237
272, 1, 21
1, 25956, 40034999, 40296493
273, 1, 21
2, 28865, 39616237, 39871065
274, 1, 21
1, 30282, 40296493, 40555822
275, 1, 21
2, 30307, 39871065, 40128321
276, 1, 21
1, 30282, 40555822, 40812107
277, 1, 21
2, 30307, 40128321, 40387764
278, 1, 21
1, 27398, 40812107, 41064801
279, 1, 21
3, 54796, 37637554, 40028528
280, 1, 21
2, 43310, 40387764, 40640237
281, 1, 21
1, 21630, 41064801, 41361339
282, 2, 21
2, 79335, 40640237, 40895901
3, 77868, 40028528, 40341545
283, 1, 21
1, 28840, 41361339, 41690868
284, 2, 21
2, 95197, 40895901, 41148223
3, 74984, 40341545, 40593875
285, 1, 21
1, 30282, 41690868, 41951496
286, 1, 21
2, 112501, 41148223, 41400558
287, 1, 21
3, 83636, 40593875, 40847029
288, 1, 21
1, 30282, 41951496, 42207593
289, 2, 21
2, 112526, 41400558, 41655136
3, 82194, 40847029, 41100747
290, 1, 21
1, 30282, 42207593, 42470084
291, 2, 21
2, 111059, 41655136, 41905620
3, 82194, 41100747, 41351207
292, 1, 21
1, 30282, 42470084, 42727806
293, 1, 21
2, 100965, 41905620, 42165147
294, 1, 21
3, 70658, 41351207, 41620171
295, 1, 21
1, 24514, 42727806, 42979110
296, 1, 21
2, 98106, 42165147, 42415813
297, 1, 21
3, 76426, 41620171, 41873532
298, 1, 21
1, 28840, 42979110, 43236020
299, 1, 21
2, 106758, 42415813, 42668136
300, 1, 21
3, 79310, 41873532, 42125612
301, 1, 21
1, 28840, 43236020, 43487005
302, 1, 21
2, 113968, 42668136, 42920019
303, 1, 21
3, 85078, 42125612, 42378989
304, 1, 21
2, 111059, 42920019, 43170869
305, 1, 21
1, 30282, 43487005, 43747056
306, 1, 21
3, 82194, 42378989, 42635617
307, 1, 21
2, 93780, 43170869, 43421980
308, 1, 21
1, 28840, 43747056, 44009043
309, 1, 21
3, 69216, 42635617, 42887398
310, 1, 21
2, 88012, 43421980, 43674677
311, 1, 21
1, 25956, 44009043, 44263158
312, 2, 21
2, 27423, 43674677, 43954111
1, 25956, 44263158, 44529008
313, 2, 21
2, 23072, 43954111, 44211789
1, 23072, 44529008, 44786698
314, 2, 21
2, 27398, 44211789, 44463572
1, 27398, 44786698, 45038520
315, 2, 21
2, 18746, 44463572, 44737277
1, 18746, 45038520, 45311962
316, 2, 21
2, 20188, 44737277, 44987891
1, 20188, 45311962, 45562845
317, 2, 21
2, 23072, 44987891, 45259487
1, 23072, 45562845, 45834396
318, 2, 21
2, 17304, 45259487, 45518739
1, 17304, 45834396, 46093721
319, 2, 21
2, 18746, 45518739, 45774801
1, 18746, 46093721, 46349674
320, 2, 21
2, 28840, 45774801, 46031047
1, 28840, 46349674, 46605978
321, 2, 21
2, 28840, 46031047, 46281322
1, 28840, 46605978, 46856203
322, 2, 21
2, 28840, 46281322, 46538125
1, 28840, 46856203, 47113032
323, 2, 21
2, 30282, 46538125, 46798128
1, 30282, 47113032, 47372991
324, 2, 21
2, 30282, 46798128, 47058172
1, 30282, 47372991, 47632339
325, 2, 21
2, 30282, 47058172, 47316347
1, 30282, 47632339, 47891249
326, 2, 21
2, 30282, 47316347, 47568609
1, 30282, 47891249, 48143459
327, 2, 21
2, 30282, 47568609, 47827580
1, 30282, 48143459, 48402487
328, 2, 21
2, 24514, 47827580, 48079324
1, 24514, 48402487, 48654263
329, 2, 21
2, 23072, 48079324, 48331867
1, 23072, 48654263, 48906743
330, 2, 21
2, 18746, 48331867, 48610109
1, 18746, 48906743, 49185011
331, 2, 21
2, 24514, 48610109, 48863467
1, 24514, 49185011, 49438356
332, 2, 21
2, 24514, 48863467, 49128274
1, 24514, 49438356, 49703256
333, 2, 21
2, 21630, 49128274, 49395459
1, 21630, 49703256, 49970439
334, 2, 21
2, 15862, 49395459, 49649453
1, 15862, 49970439, 50224236
335, 2, 21
2, 21630, 49649453, 49908099
1, 21630, 50224236, 50483024
336, 2, 21
2, 23072, 49908099, 50190959
1, 23072, 50483024, 50765925
337, 2, 21
2, 23072, 50190959, 50450702
1, 23072, 50765925, 51025692
338, 2, 21
2, 24514, 50450702, 50709359
1, 24514, 51025692, 51284200
339, 2, 21
2, 30282, 50709359, 50966482
1, 30282, 51284200, 51541419
340, 2, 21
2, 30282, 50966482, 51224072
1, 30282, 51541419, 51796292
341, 2, 21
2, 30282, 51224072, 51475743
1, 30282, 51796292, 52050124
342, 2, 21
2, 30282, 51475743, 51729539
1, 30282, 52050124, 52304381
343, 2, 21
2, 30282, 51729539, 51987302
1, 30282, 52304381, 52562095
344, 2, 21
2, 30282, 51987302, 52246097
1, 30282, 52562095, 52821027
345, 2, 21
2, 30282, 52246097, 52502064
1, 30282, 52821027, 53077030
346, 2, 21
2, 30282, 52502064, 52756260
1, 30282, 53077030, 53331206
347, 2, 21
2, 28840, 52756260, 53009521
1, 28840, 53331206, 53584363
348, 2, 21
2, 30282, 53009521, 53267286
1, 30282, 53584363, 53842238
349, 1, 21
3, 54796, 42887398, 52786661
350, 1, 21
2, 90871, 53267286, 53519320
351, 1, 21
1, 30282, 53842238, 54102756
352, 1, 21
3, 85078, 52786661, 53038665
353, 1, 21
2, 111084, 53519320, 53771195
354, 1, 21
1, 30282, 54102756, 54359515
355, 1, 21
3, 82194, 53038665, 53292328
356, 1, 21
2, 112526, 53771195, 54024457
357, 1, 21
1, 30282, 54359515, 54619392
358, 1, 21
3, 85078, 53292328, 53544972
359, 1, 21
2, 122620, 54024457, 54275272
360, 1, 21
1, 30282, 54619392, 54874892
361, 1, 21
3, 93730, 53544972, 53797681
362, 1, 21
2, 122620, 54275272, 54527542
363, 1, 21
1, 30282, 54874892, 55128309
364, 1, 21
3, 93730, 53797681, 54051369
365, 1, 21
2, 122620, 54527542, 54778870
366, 1, 21
1, 30282, 55128309, 55384099
367, 1, 21
3, 92288, 54051369, 54302227
368, 1, 21
2, 113968, 54778870, 55032588
369, 1, 21
1, 30282, 55384099, 55637497
370, 1, 21
3, 82194, 54302227, 54554067
371, 1, 21
2, 121178, 55032588, 55284392
372, 1, 21
1, 30282, 55637497, 55895770
373, 1, 21
3, 90846, 54554067, 54807880
374, 1, 21
2, 115410, 55284392, 55537369
375, 1, 21
1, 30282, 55895770, 56157165
376, 1, 21
3, 85078, 54807880, 55060927
377, 1, 21
2, 116852, 55537369, 55789974
378, 1, 21
1, 28840, 56157165, 56415409
379, 1, 21
3, 90846, 55060927, 55316224
380, 1, 21
2, 116852, 55789974, 56040489
381, 1, 21
1, 30282, 56415409, 56667320
382, 1, 21
3, 87962, 55316224, 55566999
383, 1, 21
2, 116852, 56040489, 56292438
384, 1, 21
1, 30282, 56667320, 56921191
385, 1, 21
3, 86520, 55566999, 55819048
386, 1, 21
2, 116852, 56292438, 56544954
387, 1, 21
1, 30282, 56921191, 57173383
388, 1, 21
3, 85078, 55819048, 56072421
389, 1, 21
2, 116852, 56544954, 56798356
390, 1, 21
1, 30282, 57173383, 57429349
391, 1, 21
3, 87962, 56072421, 56323679
392, 1, 21
2, 115410, 56798356, 57048361
393, 1, 21
1, 30282, 57429349, 57683350
394, 1, 21
3, 82194, 56323679, 56575279
395, 1, 21
2, 115410, 57048361, 57303247
396, 1, 21
1, 30282, 57683350, 57938757
397, 1, 21
3, 83636, 56575279, 56826276
398, 1, 21
2, 108200, 57303247, 57553755
399, 1, 21
1, 30282, 57938757, 58199056
400, 1, 21
3, 79310, 56826276, 57078856
401, 1, 21
2, 112526, 57553755, 57806038
402, 1, 21
1, 30282, 58199056, 58455781
403, 1, 21
3, 87962, 57078856, 57331269
404, 1, 21
2, 121178, 57806038, 58057154
405, 1, 21
1, 30282, 58455781, 58706557
406, 1, 21
3, 89404, 57331269, 57583480
407, 1, 21
2, 119736, 58057154, 58310340
408, 1, 21
1, 30282, 58706557, 58959668
409, 1, 21
2, 46169, 58310340, 58572530
410, 1, 21
1, 28840, 58959668, 59219566
411, 1, 21
2, 27423, 58572530, 58828409
412, 1, 21
1, 28840, 59219566, 59480317
413, 1, 21
2, 28865, 58828409, 59087917
414, 1, 21
1, 28840, 59480317, 59740715
415, 1, 21
2, 28865, 59087917, 59352386
416, 1, 21
1, 27398, 59740715, 59994852
417, 1, 21
2, 27423, 59352386, 59604026
418, 1, 21
1, 28840, 59994852, 60256614
419, 1, 21
2, 28865, 59604026, 59857424
420, 1, 21
1, 28840, 60256614, 60513060
421, 1, 21
2, 28865, 59857424, 60118515
422, 1, 21
1, 28840, 60513060, 60773382
423, 1, 21
2, 28865, 60118515, 60374106
424, 1, 21
1, 28840, 60773382, 61025836
425, 1, 21
2, 28865, 60374106, 60626537
426, 1, 21
1, 28840, 61025836, 61278009
427, 1, 21
2, 28865, 60626537, 60880088
428, 1, 21
1, 28840, 61278009, 61528455
429, 1, 21
2, 30307, 60880088, 61141048
430, 1, 21
1, 28840, 61528455, 61781659
431, 1, 21
2, 28865, 61141048, 61391727
432, 1, 21
1, 30282, 61781659, 62039530
433, 1, 21
2, 30307, 61391727, 61648603
434, 1, 21
1, 30282, 62039530, 62302046
435, 1, 21
2, 28865, 61648603, 61907528
436, 1, 21
1, 28840, 62302046, 62558538
437, 1, 21
2, 27423, 61907528, 62167463
438, 1, 21
1, 25956, 62558538, 62813105
439, 1, 21
2, 27423, 62167463, 62424069
440, 1, 21
1, 27398, 62813105, 63071535
441, 1, 21
2, 27423, 62424069, 62687830
442, 1, 21
1, 27398, 63071535, 63330320
443, 1, 21
2, 27423, 62687830, 62944485
444, 1, 21
1, 27398, 63330320, 63591866
445, 1, 21
2, 27423, 62944485, 63209154
446, 1, 21
1, 27398, 63591866, 63852048
447, 1, 21
2, 27423, 63209154, 63468588
448, 1, 21
1, 27398, 63852048, 64107948
449, 1, 21
2, 27423, 63468588, 63734040
450, 1, 21
1, 28840, 64107948, 64369126
451, 1, 21
2, 30307, 63734040, 63993535
452, 1, 21
1, 27398, 64369126, 64622118
453, 1, 21
2, 28865, 63993535, 64254434
454, 1, 21
1, 27398, 64622118, 64873575
455, 1, 21
2, 27423, 64254434, 64506091
456, 1, 21
1, 28840, 64873575, 65130524
457, 1, 21
2, 28865, 64506091, 64756802
458, 1, 21
1, 28840, 65130524, 65386250
459, 1, 21
2, 27423, 64756802, 65009945
460, 1, 21
1, 28840, 65386250, 65647204
461, 1, 21
2, 28865, 65009945, 65267915
462, 1, 21
1, 28840, 65647204, 65906109
463, 1, 21
2, 28865, 65267915, 65526235
464, 1, 21
1, 28840, 65906109, 66170763
