0, 2, 21
2, 54796, 5460122, 6020062
1, 54796, 5998865, 6558997
1, 2, 21
2, 53354, 6020062, 6527447
1, 53354, 6558997, 7065182
2, 2, 21
2, 57680, 6527447, 7037317
1, 57680, 7065182, 7576025
3, 2, 21
2, 54796, 7037317, 7543102
1, 54796, 7576025, 8081256
4, 2, 21
2, 111034, 7543102, 8548895
1, 111034, 8081256, 9087853
5, 2, 21
2, 103824, 8548895, 15603835
1, 103824, 9087853, 16142775
6, 2, 21
2, 54796, 15603835, 16111081
1, 54796, 16142775, 16649630
7, 2, 21
2, 115360, 16111081, 17112358
1, 115360, 16649630, 17650941
8, 1, 21
2, 83636, 17112358, 17629276
9, 1, 21
3, 76426, 16920895, 17420926
10, 1, 21
2, 132689, 17629276, 18129380
11, 1, 21
3, 64890, 17420926, 17925001
12, 1, 21
2, 105291, 18129380, 18636357
13, 1, 21
1, 168714, 17650941, 19220350
14, 1, 21
3, 60564, 17925001, 18434093
15, 1, 21
2, 122620, 18636357, 19145413
16, 1, 21
3, 79310, 18434093, 18940380
17, 1, 21
2, 161529, 19145413, 19645704
18, 1, 21
1, 106708, 19220350, 20220604
19, 1, 21
4, 74984, 18383833, 18887065
20, 1, 21
3, 73542, 18940380, 19443421
21, 1, 21
2, 200513, 19645704, 20146199
22, 1, 21
4, 70658, 18887065, 19387927
23, 1, 21
3, 76426, 19443421, 19947951
24, 1, 21
4, 64890, 19387927, 19888215
25, 1, 21
3, 64890, 19947951, 20451079
26, 1, 21
2, 362042, 20146199, 21155199
27, 1, 21
4, 49028, 19888215, 20391737
28, 1, 21
3, 51912, 20451079, 20953574
29, 1, 21
1, 204764, 20220604, 22257823
30, 1, 21
4, 70658, 20391737, 20898532
31, 1, 21
3, 67774, 20953574, 21455279
32, 1, 21
2, 357741, 21155199, 22156395
33, 1, 21
1, 57680, 22257823, 22760276
34, 1, 21
4, 73542, 20898532, 21400937
35, 1, 21
2, 178858, 22156395, 22660263
36, 1, 21
4, 60564, 21400937, 21903079
37, 1, 21
2, 102407, 22660263, 23162211
38, 1, 21
1, 99498, 22760276, 23766816
39, 1, 21
4, 66332, 21903079, 22408006
40, 1, 21
4, 47586, 22408006, 22918987
41, 1, 21
2, 200513, 23162211, 24166691
42, 1, 21
1, 89404, 23766816, 24778656
43, 1, 21
4, 73542, 22918987, 23425601
44, 1, 21
2, 131272, 24166691, 24680032
45, 1, 21
1, 57680, 24778656, 25305679
46, 1, 21
4, 136990, 23425601, 24428141
47, 1, 21
2, 250958, 24680032, 25681690
48, 1, 21
1, 116802, 25305679, 26307020
49, 1, 21
4, 346080, 24428141, 26971147
50, 1, 21
3, 72100, 21455279, 27891465
51, 1, 21
2, 811921, 25681690, 28721073
52, 1, 21
3, 62006, 27891465, 28397088
53, 1, 21
4, 138432, 26971147, 27971597
54, 1, 21
1, 405202, 26307020, 29855843
55, 1, 21
3, 72100, 28397088, 28901305
56, 1, 21
2, 379346, 28721073, 29723830
57, 1, 21
1, 56238, 29855843, 30366979
58, 1, 21
1, 118244, 30366979, 31373897
59, 1, 21
2, 563872, 29723830, 31227973
60, 1, 21
2, 131222, 31227973, 31732592
61, 1, 21
3, 511910, 28901305, 32435463
62, 1, 21
2, 372061, 31732592, 33238233
63, 1, 21
1, 288400, 31373897, 33910731
64, 1, 21
2, 25981, 33238233, 33746457
65, 1, 21
1, 18746, 33910731, 34442898
66, 1, 21
1, 34608, 34442898, 34945544
67, 1, 21
2, 66382, 33746457, 34747818
68, 1, 21
3, 31724, 32435463, 34830435
69, 1, 21
1, 82194, 34945544, 35956787
70, 1, 21
2, 242306, 34747818, 35776358
71, 1, 21
3, 164388, 34830435, 35387996
72, 1, 21
1, 59122, 35956787, 36468406
73, 1, 21
2, 152902, 35776358, 36279325
74, 1, 21
3, 96614, 35387996, 35898235
75, 1, 21
1, 43260, 36468406, 36976890
76, 1, 21
2, 171648, 36279325, 36784395
77, 1, 21
3, 170156, 35898235, 36398843
78, 1, 21
2, 232187, 36784395, 37287351
79, 1, 21
1, 103824, 36976890, 37986596
80, 1, 21
2, 211999, 37287351, 37790434
81, 1, 21
3, 314356, 36398843, 37410021
82, 1, 21
2, 201905, 37790434, 38293083
83, 1, 21
1, 111034, 37986596, 38988006
84, 1, 21
2, 85103, 38293083, 38803831
85, 1, 21
2, 47586, 38803831, 39308249
86, 1, 21
1, 98056, 38988006, 40018681
87, 1, 21
1, 56238, 40018681, 40522245
88, 1, 21
2, 108200, 39308249, 40316623
89, 1, 21
3, 136990, 37410021, 40063358
90, 1, 21
2, 118269, 40316623, 40819465
91, 1, 21
1, 100940, 40522245, 41523538
92, 1, 21
2, 180275, 40819465, 41322320
93, 1, 21
1, 50470, 41523538, 42026369
94, 1, 21
3, 294168, 40063358, 41066445
95, 1, 21
2, 222118, 41322320, 41825896
96, 1, 21
1, 59122, 42026369, 42534098
97, 1, 21
2, 196137, 41825896, 42327573
98, 1, 21
1, 53354, 42534098, 43044743
99, 1, 21
3, 301378, 41066445, 42067827
100, 1, 21
2, 214908, 42327573, 42831495
101, 1, 21
1, 59122, 43044743, 43555214
102, 1, 21
3, 164388, 42067827, 42569445
103, 1, 21
1, 56238, 43555214, 44058018
104, 1, 21
2, 360575, 42831495, 43844947
105, 1, 21
1, 51912, 44058018, 44603223
106, 1, 21
2, 47611, 43844947, 44352415
107, 1, 21
1, 87962, 44603223, 45611977
108, 1, 21
1, 36050, 45611977, 46117763
109, 1, 21
1, 51912, 46117763, 46642325
110, 1, 21
1, 57680, 46642325, 47149478
111, 1, 21
1, 118244, 47149478, 48154475
112, 1, 21
1, 54796, 48154475, 48700192
113, 1, 21
1, 38934, 48700192, 49209545
114, 1, 21
2, 441427, 44352415, 48896681
115, 1, 21
1, 50470, 49209545, 49715094
116, 1, 21
1, 34608, 49715094, 50223992
117, 1, 21
2, 79360, 48896681, 49901154
118, 1, 21
1, 43260, 50223992, 50734602
119, 1, 21
2, 41843, 49901154, 50410035
120, 1, 21
2, 54796, 50410035, 50921932
121, 1, 21
1, 105266, 50734602, 51741472
122, 1, 21
2, 60589, 50921932, 51435882
123, 1, 21
1, 118244, 51741472, 52746527
124, 1, 21
3, 158620, 42569445, 52827089
125, 1, 21
2, 255284, 51435882, 53458927
126, 1, 21
3, 131222, 52827089, 53331053
127, 1, 21
2, 188927, 53458927, 53961990
128, 1, 21
3, 147084, 53331053, 53831683
129, 1, 21
2, 199021, 53961990, 54466822
130, 1, 21
3, 291284, 53831683, 54838076
131, 1, 21
2, 410995, 54466822, 55469224
132, 1, 21
2, 224952, 55469224, 55970107
133, 1, 21
3, 340312, 54838076, 55838188
134, 1, 21
2, 229303, 55970107, 56471354
135, 1, 21
2, 1080058, 56471354, 58986079
136, 1, 21
2, 56238, 58986079, 59492719
137, 1, 21
2, 111034, 59492719, 60498231
138, 1, 21
1, 1133412, 52746527, 62747265
