0, 2, 21
2, 72100, 5588691, 6341970
1, 72104, 6119588, 6872759
1, 2, 21
2, 144200, 6341970, 7640494
1, 144204, 6872759, 8171324
2, 2, 21
2, 144200, 7640494, 8928896
1, 144204, 8171324, 9459193
3, 2, 21
2, 217742, 8928896, 16990302
1, 217746, 9459193, 17520973
4, 2, 21
2, 82194, 16990302, 17648648
1, 72104, 17520973, 18178878
5, 2, 21
2, 82194, 17648648, 17958893
1, 36054, 18178878, 18489150
6, 2, 21
2, 43260, 17958893, 18118656
1, 18750, 18489150, 18649576
7, 2, 21
2, 21630, 18118656, 18206397
1, 10098, 18649576, 18737276
8, 2, 21
2, 343196, 18206397, 19609315
1, 144204, 18737276, 20140190
9, 2, 21
2, 271096, 19609315, 20276595
1, 72104, 20140190, 20806562
10, 2, 21
2, 136990, 20276595, 20607151
1, 36054, 20806562, 21137500
11, 2, 21
2, 72100, 20607151, 20786529
1, 18750, 21137500, 21316685
12, 2, 21
2, 491722, 20786529, 22240572
1, 144204, 21316685, 22770653
13, 2, 21
2, 216300, 22240572, 22885549
1, 72104, 22770653, 23414610
14, 2, 21
2, 95172, 22885549, 23325434
1, 36054, 23414610, 23855803
15, 2, 21
2, 38934, 23325434, 23498204
1, 18750, 23855803, 24028444
16, 2, 21
2, 14420, 23498204, 23595252
1, 10098, 24028444, 24124520
17, 2, 21
2, 344638, 23595252, 25102477
1, 144204, 24124520, 25632969
18, 2, 21
2, 328776, 25102477, 26327563
1, 144204, 25632969, 26857925
19, 2, 21
2, 162946, 26327563, 26946527
1, 72104, 26857925, 27476313
20, 2, 21
2, 324450, 26946527, 28189123
1, 144204, 27476313, 28719733
21, 2, 21
2, 439810, 28189123, 29502518
1, 144204, 28719733, 30032755
22, 2, 21
2, 255234, 29502518, 30143781
1, 72104, 30032755, 30674231
23, 2, 21
2, 124012, 30143781, 30453058
1, 36054, 30674231, 30983510
24, 2, 21
2, 354732, 30453058, 31674134
1, 144204, 30983510, 32204464
25, 2, 21
2, 162946, 31674134, 32286250
1, 72104, 32204464, 32816454
26, 2, 21
2, 80752, 32286250, 32591900
1, 36054, 32816454, 33122050
27, 2, 21
2, 252350, 32591900, 34452488
1, 144204, 33122050, 34983063
28, 2, 21
2, 72100, 34452488, 35405169
1, 72104, 34983063, 35935582
29, 2, 21
2, 82194, 35405169, 35712029
1, 36054, 35935582, 36242654
30, 2, 21
2, 74984, 35712029, 35883482
1, 18750, 36242654, 36413267
31, 2, 21
2, 41818, 35883482, 35968950
1, 10098, 36413267, 36498665
32, 2, 21
2, 23072, 35968950, 36017653
1, 5772, 36498665, 36546998
33, 2, 21
2, 543634, 36017653, 37501421
1, 144204, 36546998, 38031579
34, 2, 21
2, 266770, 37501421, 38155373
1, 72104, 38031579, 38685918
35, 2, 21
2, 136990, 38155373, 38483397
1, 36054, 38685918, 39013883
36, 2, 21
2, 178808, 38483397, 39934232
1, 144204, 39013883, 40464799
37, 2, 21
2, 72100, 39934232, 40565066
1, 72104, 40464799, 41095551
38, 2, 21
2, 506142, 40565066, 42010649
1, 144204, 41095551, 42541203
39, 2, 21
2, 265328, 42010649, 42680107
1, 72104, 42541203, 43210160
40, 2, 21
2, 136990, 42680107, 42992865
1, 36054, 43210160, 43523166
41, 2, 21
2, 70658, 42992865, 43153223
1, 18750, 43523166, 43683557
42, 2, 21
2, 351848, 43153223, 44552459
1, 144204, 43683557, 45083139
43, 2, 21
2, 72100, 44552459, 45505712
1, 72104, 45083139, 46036270
44, 2, 21
2, 36050, 45505712, 45960944
1, 36054, 46036270, 46491634
45, 2, 21
2, 144200, 45960944, 47220616
1, 144204, 46491634, 47751346
46, 2, 21
2, 72100, 47220616, 47837180
1, 72104, 47751346, 48367812
47, 2, 21
2, 144200, 47837180, 49437817
1, 144204, 48367812, 49967690
48, 2, 21
2, 144200, 49437817, 51101555
1, 144204, 49967690, 51632226
49, 2, 21
2, 144200, 51101555, 52321694
1, 144204, 51632226, 52851594
50, 2, 21
2, 72100, 52321694, 52931451
1, 72104, 52851594, 53462165
51, 2, 21
2, 340312, 52931451, 54172464
1, 144204, 53462165, 54702462
52, 2, 21
2, 292726, 54172464, 54776608
1, 72104, 54702462, 55307196
53, 2, 21
2, 149968, 54776608, 55084837
1, 36054, 55307196, 55615216
54, 2, 21
2, 568148, 55084837, 56319884
1, 144204, 55615216, 56849292
55, 2, 21
2, 556612, 56319884, 57532040
1, 144204, 56849292, 58062477
56, 2, 21
2, 504700, 57532040, 58758420
1, 144204, 58062477, 59289025
57, 2, 21
2, 144200, 58758420, 60067540
1, 144204, 59289025, 60598157
58, 2, 21
2, 72100, 60067540, 60711959
1, 72104, 60598157, 61242619
59, 2, 21
2, 144200, 60711959, 61966024
1, 144204, 61242619, 62496620
60, 2, 21
2, 144200, 61966024, 63332975
1, 144204, 62496620, 63861710
61, 2, 21
2, 144200, 63332975, 64664611
1, 144204, 63861710, 65195138
