0, 2, 21
2, 54796, 5517773, 6077098
1, 54796, 6072932, 6632315
1, 2, 21
2, 53354, 6077098, 6579542
1, 53354, 6632315, 7134693
2, 2, 21
2, 57680, 6579542, 7088618
1, 57680, 7134693, 7643836
3, 2, 21
2, 54796, 7088618, 7592701
1, 54796, 7643836, 8147911
4, 2, 21
2, 56238, 7592701, 8102767
1, 56238, 8147911, 8657917
5, 2, 21
2, 57680, 8102767, 8614249
1, 57680, 8657917, 9169431
6, 2, 21
2, 56238, 8614249, 9119417
1, 56238, 9169431, 9674209
7, 2, 21
2, 44702, 9119417, 15643213
1, 44702, 9674209, 16197908
8, 2, 21
2, 54796, 15643213, 16149236
1, 54796, 16197908, 16704422
9, 2, 21
2, 59122, 16149236, 16652178
1, 59122, 16704422, 17207404
10, 2, 21
2, 57680, 16652178, 17165384
1, 57680, 17207404, 17720421
11, 1, 21
2, 77868, 17165384, 17665403
12, 1, 21
1, 56238, 17720421, 18229647
13, 1, 21
3, 76426, 16982236, 17484748
14, 1, 21
2, 132714, 17665403, 18168518
15, 1, 21
1, 59122, 18229647, 18736219
16, 1, 21
3, 64890, 17484748, 17987531
17, 1, 21
2, 105316, 18168518, 18673998
18, 1, 21
1, 51912, 18736219, 19275282
19, 1, 21
3, 59122, 17987531, 18488037
20, 1, 21
2, 121178, 18673998, 19174462
21, 1, 21
1, 51912, 19275282, 19784649
22, 1, 21
3, 79310, 18488037, 18994871
23, 1, 21
2, 162996, 19174462, 19681017
24, 1, 21
1, 56238, 19784649, 20286225
25, 1, 21
4, 76426, 18395246, 18901252
26, 1, 21
3, 73542, 18994871, 19497709
27, 1, 21
2, 203397, 19681017, 20181577
28, 1, 21
1, 54796, 20286225, 20794762
29, 1, 21
4, 79310, 18901252, 19405892
30, 1, 21
3, 76426, 19497709, 20000802
31, 1, 21
2, 207723, 20181577, 20681834
32, 1, 21
1, 56238, 20794762, 21306506
33, 1, 21
4, 63448, 19405892, 19906753
34, 1, 21
3, 66332, 20000802, 20506864
35, 1, 21
2, 157253, 20681834, 21186628
36, 1, 21
1, 50470, 21306506, 21813671
37, 1, 21
4, 49028, 19906753, 20429456
38, 1, 21
3, 51912, 20506864, 21007927
39, 1, 21
2, 157253, 21186628, 21686769
40, 1, 21
1, 41818, 21813671, 22323608
41, 1, 21
4, 77868, 20429456, 20940477
42, 1, 21
3, 69216, 21007927, 21517028
43, 1, 21
2, 203397, 21686769, 22190325
44, 1, 21
1, 57680, 22323608, 22831296
45, 1, 21
4, 74984, 20940477, 21443750
46, 1, 21
2, 178858, 22190325, 22690588
47, 1, 21
1, 53354, 22831296, 23336543
48, 1, 21
4, 59122, 21443750, 21948149
49, 1, 21
2, 102432, 22690588, 23195565
50, 1, 21
1, 41818, 23336543, 23847462
51, 1, 21
4, 59122, 21948149, 22475165
52, 1, 21
2, 99548, 23195565, 23707551
53, 1, 21
1, 43260, 23847462, 24363074
54, 1, 21
4, 56238, 22475165, 22976038
55, 1, 21
2, 98106, 23707551, 24210789
56, 1, 21
1, 43260, 24363074, 24870246
57, 1, 21
4, 67774, 22976038, 23483042
58, 1, 21
2, 122620, 24210789, 24722331
59, 1, 21
1, 54796, 24870246, 25371923
60, 1, 21
4, 69216, 23483042, 23988464
61, 1, 21
2, 126946, 24722331, 25226043
62, 1, 21
1, 57680, 25371923, 25872573
63, 1, 21
4, 73542, 23988464, 24492245
64, 1, 21
2, 131272, 25226043, 25730965
65, 1, 21
1, 56238, 25872573, 26375597
66, 1, 21
4, 79310, 24492245, 24997966
67, 1, 21
2, 135598, 25730965, 26231477
68, 1, 21
1, 57680, 26375597, 26888438
69, 1, 21
4, 74984, 24997966, 25498949
70, 1, 21
2, 131272, 26231477, 26734417
71, 1, 21
1, 56238, 26888438, 27391263
72, 1, 21
4, 72100, 25498949, 26002159
73, 1, 21
2, 128388, 26734417, 27235350
74, 1, 21
1, 54796, 27391263, 27893588
75, 1, 21
4, 76426, 26002159, 26506795
76, 1, 21
2, 129830, 27235350, 27738962
77, 1, 21
1, 56238, 27893588, 28399361
78, 1, 21
4, 74984, 26506795, 27012727
79, 1, 21
2, 131272, 27738962, 28244959
80, 1, 21
1, 59122, 28399361, 28909062
81, 1, 21
3, 70658, 21517028, 27926376
82, 1, 21
4, 70658, 27012727, 27516046
83, 1, 21
2, 167347, 28244959, 28751161
84, 1, 21
1, 59122, 28909062, 29421210
85, 1, 21
3, 62006, 27926376, 28431866
86, 1, 21
4, 63448, 27516046, 28019361
87, 1, 21
2, 187535, 28751161, 29255027
88, 1, 21
1, 51912, 29421210, 29932488
89, 1, 21
3, 72100, 28431866, 28936111
90, 1, 21
4, 72100, 28019361, 28522636
91, 1, 21
2, 199071, 29255027, 29761375
92, 1, 21
1, 54796, 29932488, 30438454
93, 1, 21
3, 76426, 28936111, 29441096
94, 1, 21
4, 74984, 28522636, 29034148
95, 1, 21
2, 203397, 29761375, 30265443
96, 1, 21
1, 59122, 30438454, 30948603
97, 1, 21
3, 70658, 29441096, 29946047
98, 1, 21
2, 178858, 30265443, 30769967
99, 1, 21
1, 59122, 30948603, 31450941
100, 1, 21
3, 73542, 29946047, 30453973
101, 1, 21
2, 132714, 30769967, 31273990
102, 1, 21
1, 59122, 31450941, 31951191
103, 1, 21
3, 74984, 30453973, 30962657
104, 1, 21
2, 132714, 31273990, 31774477
105, 1, 21
1, 59122, 31951191, 32451494
106, 1, 21
3, 74984, 30962657, 31466913
107, 1, 21
2, 137040, 31774477, 32286571
108, 1, 21
1, 59122, 32451494, 32954013
109, 1, 21
3, 73542, 31466913, 31967811
110, 1, 21
2, 131272, 32286571, 32788113
111, 1, 21
1, 60564, 32954013, 33464567
112, 1, 21
3, 64890, 31967811, 32472809
113, 1, 21
2, 111084, 32788113, 33299302
114, 1, 21
1, 54796, 33464567, 33968210
115, 1, 21
2, 44727, 33299302, 33806625
116, 1, 21
1, 27398, 33968210, 34540810
117, 1, 21
2, 25981, 33806625, 34313898
118, 1, 21
1, 31724, 34540810, 35048047
119, 1, 21
2, 36075, 34313898, 34817599
120, 1, 21
1, 36050, 35048047, 35557271
121, 1, 21
2, 31749, 34817599, 35329730
122, 1, 21
3, 34608, 32472809, 34885654
123, 1, 21
1, 41818, 35557271, 36067962
124, 1, 21
2, 194720, 35329730, 35831799
125, 1, 21
3, 164388, 34885654, 35442258
126, 1, 21
1, 57680, 36067962, 36569468
127, 1, 21
2, 157228, 35831799, 36337148
128, 1, 21
3, 96614, 35442258, 35952266
129, 1, 21
1, 49028, 36569468, 37078295
130, 1, 21
2, 170206, 36337148, 36838373
131, 1, 21
3, 171598, 35952266, 36454793
132, 1, 21
1, 40376, 37078295, 37586381
133, 1, 21
2, 226444, 36838373, 37338709
134, 1, 21
3, 165830, 36454793, 36955116
135, 1, 21
1, 59122, 37586381, 38091045
136, 1, 21
2, 212024, 37338709, 37839625
137, 1, 21
3, 147084, 36955116, 37461932
138, 1, 21
1, 56238, 38091045, 38595621
139, 1, 21
2, 200488, 37839625, 38339852
140, 1, 21
1, 56238, 38595621, 39106570
141, 1, 21
2, 90871, 38339852, 38854258
142, 1, 21
1, 54796, 39106570, 39612465
143, 1, 21
2, 49053, 38854258, 39360298
144, 1, 21
1, 47586, 39612465, 40116570
145, 1, 21
2, 44727, 39360298, 39860387
146, 1, 21
1, 49028, 40116570, 40618987
147, 1, 21
2, 59147, 39860387, 40372219
148, 1, 21
1, 59122, 40618987, 41125489
149, 1, 21
3, 136990, 37461932, 40115543
150, 1, 21
2, 128388, 40372219, 40874090
151, 1, 21
1, 44702, 41125489, 41636385
152, 1, 21
3, 134106, 40115543, 40617632
153, 1, 21
2, 170206, 40874090, 41377120
154, 1, 21
1, 49028, 41636385, 42138931
155, 1, 21
3, 160062, 40617632, 41118738
156, 1, 21
2, 223560, 41377120, 41879962
157, 1, 21
1, 59122, 42138931, 42644967
158, 1, 21
3, 165830, 41118738, 41619803
159, 1, 21
2, 197604, 41879962, 42383250
160, 1, 21
1, 56238, 42644967, 43148336
161, 1, 21
3, 136990, 41619803, 42122229
162, 1, 21
2, 214908, 42383250, 42887035
163, 1, 21
1, 54796, 43148336, 43651039
164, 1, 21
3, 164388, 42122229, 42622523
165, 1, 21
2, 216350, 42887035, 43387386
166, 1, 21
1, 57680, 43651039, 44158118
167, 1, 21
3, 155736, 42622523, 43125931
168, 1, 21
2, 142808, 43387386, 43893741
169, 1, 21
1, 53354, 44158118, 44665130
170, 1, 21
2, 47611, 43893741, 44405916
171, 1, 21
1, 47586, 44665130, 45172755
172, 1, 21
2, 50495, 44405916, 44969346
173, 1, 21
1, 41818, 45172755, 45695691
174, 1, 21
2, 43285, 44969346, 45491625
175, 1, 21
1, 38934, 45695691, 46201403
176, 1, 21
2, 34633, 45491625, 45992254
177, 1, 21
1, 41818, 46201403, 46708037
178, 1, 21
2, 57705, 45992254, 46501402
179, 1, 21
1, 57680, 46708037, 47214859
180, 1, 21
2, 57705, 46501402, 47005922
181, 1, 21
1, 59122, 47214859, 47720037
182, 1, 21
2, 59147, 47005922, 47513719
183, 1, 21
1, 59122, 47720037, 48225235
184, 1, 21
2, 60589, 47513719, 48025582
185, 1, 21
1, 57680, 48225235, 48749091
186, 1, 21
2, 47611, 48025582, 48525843
187, 1, 21
1, 46144, 48749091, 49260872
188, 1, 21
2, 40401, 48525843, 49035470
189, 1, 21
1, 43260, 49260872, 49767095
190, 1, 21
2, 47611, 49035470, 49540343
191, 1, 21
1, 41818, 49767095, 50294530
192, 1, 21
2, 33191, 49540343, 50046444
193, 1, 21
1, 41818, 50294530, 50799615
194, 1, 21
2, 43285, 50046444, 50558266
195, 1, 21
1, 38934, 50799615, 51303312
196, 1, 21
2, 51937, 50558266, 51065591
197, 1, 21
1, 57680, 51303312, 51805637
198, 1, 21
2, 59147, 51065591, 51565822
199, 1, 21
1, 60564, 51805637, 52313705
200, 1, 21
2, 60589, 51565822, 52076696
201, 1, 21
1, 60564, 52313705, 52819031
202, 1, 21
2, 59147, 52076696, 52580100
203, 1, 21
1, 59122, 52819031, 53330294
204, 1, 21
2, 59147, 52580100, 53085822
205, 1, 21
1, 59122, 53330294, 53838497
206, 1, 21
3, 1442, 43125931, 52875930
207, 1, 21
2, 115410, 53085822, 53585959
208, 1, 21
1, 59122, 53838497, 54348520
209, 1, 21
3, 165830, 52875930, 53380212
210, 1, 21
2, 220676, 53585959, 54089671
211, 1, 21
1, 59122, 54348520, 54851023
212, 1, 21
3, 177366, 53380212, 53882806
213, 1, 21
2, 248074, 54089671, 54591443
214, 1, 21
1, 59122, 54851023, 55355194
215, 1, 21
3, 180250, 53882806, 54384397
216, 1, 21
2, 219234, 54591443, 55096637
217, 1, 21
1, 57680, 55355194, 55863040
218, 1, 21
3, 170156, 54384397, 54887857
219, 1, 21
2, 233654, 55096637, 55596645
220, 1, 21
1, 59122, 55863040, 56368517
221, 1, 21
3, 171598, 54887857, 55388938
222, 1, 21
2, 232212, 55596645, 56097699
223, 1, 21
1, 59122, 56368517, 56880195
224, 1, 21
3, 174482, 55388938, 55891915
225, 1, 21
2, 229328, 56097699, 56598771
226, 1, 21
1, 60564, 56880195, 57386424
227, 1, 21
3, 170156, 55891915, 56392488
228, 1, 21
2, 235096, 56598771, 57100329
229, 1, 21
1, 60564, 57386424, 57896753
230, 1, 21
3, 165830, 56392488, 56894124
231, 1, 21
2, 220676, 57100329, 57600356
232, 1, 21
1, 59122, 57896753, 58398844
233, 1, 21
3, 162946, 56894124, 57395340
234, 1, 21
2, 225002, 57600356, 58100516
235, 1, 21
1, 60564, 58398844, 58908763
236, 1, 21
3, 178808, 57395340, 57897329
237, 1, 21
2, 191836, 58100516, 58605333
238, 1, 21
1, 59122, 58908763, 59413573
239, 1, 21
2, 56263, 58605333, 59109562
240, 1, 21
1, 56238, 59413573, 59925854
241, 1, 21
2, 56263, 59109562, 59621792
242, 1, 21
1, 54796, 59925854, 60428921
243, 1, 21
2, 56263, 59621792, 60126574
244, 1, 21
1, 56238, 60428921, 60931297
245, 1, 21
2, 56263, 60126574, 60629684
246, 1, 21
1, 57680, 60931297, 61439060
247, 1, 21
2, 57705, 60629684, 61137626
248, 1, 21
1, 57680, 61439060, 61940645
249, 1, 21
2, 59147, 61137626, 61650431
250, 1, 21
1, 59122, 61940645, 62450360
251, 1, 21
2, 57705, 61650431, 62153966
252, 1, 21
1, 54796, 62450360, 62953445
253, 1, 21
2, 53379, 62153966, 62655588
254, 1, 21
1, 54796, 62953445, 63467920
255, 1, 21
2, 53379, 62655588, 63161246
256, 1, 21
1, 53354, 63467920, 63980459
257, 1, 21
2, 53379, 63161246, 63665738
258, 1, 21
1, 54796, 63980459, 64492697
259, 1, 21
2, 53379, 63665738, 64165805
260, 1, 21
1, 56238, 64492697, 65001581
261, 1, 21
2, 54821, 64165805, 64666599
262, 1, 21
1, 56238, 65001581, 65504266
263, 1, 21
2, 56263, 64666599, 65167149
264, 1, 21
1, 56238, 65504266, 66014910
265, 1, 21
2, 57705, 65167149, 65679593
266, 1, 21
1, 54796, 66014910, 66516272
