0, 2, 21
2, 54796, 5578286, 6138187
1, 54796, 6105290, 6664974
1, 2, 21
2, 53354, 6138187, 6640059
1, 53354, 6664974, 7166966
2, 2, 21
2, 57680, 6640059, 7149473
1, 57680, 7166966, 7675970
3, 2, 21
2, 54796, 7149473, 7653206
1, 54796, 7675970, 8179834
4, 2, 21
2, 56238, 7653206, 8163826
1, 56238, 8179834, 8690159
5, 2, 21
2, 70658, 8163826, 8788912
1, 70658, 8690159, 9316118
6, 2, 21
2, 86520, 8788912, 9573476
1, 86520, 9316118, 10100502
7, 2, 21
2, 1442, 9573476, 15703825
1, 1442, 10100502, 16230692
8, 2, 21
2, 54796, 15703825, 16210912
1, 54796, 16230692, 16737663
9, 2, 21
2, 73542, 16210912, 16836446
1, 73542, 16737663, 17363051
10, 2, 21
2, 89404, 16836446, 17623944
1, 86520, 17363051, 18151110
11, 1, 21
3, 74984, 17037051, 17539086
12, 1, 21
2, 132689, 17623944, 18126833
13, 1, 21
3, 66332, 17539086, 18052992
14, 1, 21
2, 121153, 18126833, 18627857
15, 1, 21
1, 124012, 18151110, 19309594
16, 2, 21
2, 100965, 18627857, 19131231
3, 59122, 18052992, 18558522
17, 1, 21
1, 64890, 19309594, 19945226
18, 2, 21
2, 148551, 19131231, 19634713
3, 79310, 18558522, 19064162
19, 1, 21
4, 76426, 18413691, 18919452
20, 1, 21
2, 201905, 19634713, 20134779
21, 1, 21
3, 73542, 19064162, 19568177
22, 1, 21
1, 86520, 19945226, 20733765
23, 1, 21
4, 79310, 18919452, 19425504
24, 1, 21
2, 207723, 20134779, 20636028
25, 1, 21
3, 76426, 19568177, 20075652
26, 1, 21
4, 63448, 19425504, 19926674
27, 1, 21
3, 64890, 20075652, 20576275
28, 1, 21
2, 212049, 20636028, 21261852
29, 1, 21
4, 49028, 19926674, 20449396
30, 1, 21
3, 51912, 20576275, 21085516
31, 1, 21
1, 157178, 20733765, 22269028
32, 1, 21
2, 154369, 21261852, 21765144
33, 1, 21
4, 77868, 20449396, 20960532
34, 1, 21
3, 69216, 21085516, 21593130
35, 1, 21
1, 50470, 22269028, 22772962
36, 1, 21
2, 206281, 21765144, 22278993
37, 1, 21
4, 74984, 20960532, 21464981
38, 1, 21
1, 50470, 22772962, 23276752
39, 1, 21
2, 180300, 22278993, 22788473
40, 1, 21
4, 59122, 21464981, 21971370
41, 1, 21
2, 105291, 22788473, 23294378
42, 1, 21
1, 53354, 23276752, 23879739
43, 1, 21
4, 54796, 21971370, 22473695
44, 1, 21
2, 95222, 23294378, 23798022
45, 1, 21
1, 51912, 23879739, 24505417
46, 1, 21
4, 51912, 22473695, 22979716
47, 1, 21
2, 126946, 23798022, 24431003
48, 1, 21
4, 67774, 22979716, 23482138
49, 1, 21
1, 77868, 24505417, 25291611
50, 1, 21
2, 125504, 24431003, 24931287
51, 1, 21
4, 90846, 23482138, 24116041
52, 1, 21
1, 57680, 25291611, 25799094
53, 1, 21
2, 158670, 24931287, 25560562
54, 1, 21
4, 111034, 24116041, 24899498
55, 1, 21
1, 92288, 25799094, 26591123
56, 1, 21
2, 259610, 25560562, 26539080
57, 1, 21
4, 76426, 24899498, 25408750
58, 1, 21
1, 142758, 26591123, 27823292
59, 1, 21
4, 112476, 25408750, 26196736
60, 1, 21
4, 175924, 26196736, 27426096
61, 1, 21
3, 72100, 21593130, 28012829
62, 1, 21
2, 625953, 26539080, 28824198
63, 1, 21
3, 62006, 28012829, 28521917
64, 1, 21
4, 77868, 27426096, 28047177
65, 1, 21
2, 177416, 28824198, 29326244
66, 1, 21
1, 240814, 27823292, 29964668
67, 1, 21
3, 72100, 28521917, 29030823
68, 1, 21
4, 72100, 28047177, 28561096
69, 1, 21
2, 194745, 29326244, 29832004
70, 1, 21
1, 69216, 29964668, 30591506
71, 1, 21
3, 89404, 29030823, 29656894
72, 1, 21
4, 92288, 28561096, 29186748
73, 1, 21
2, 252425, 29832004, 30457910
74, 1, 21
1, 92288, 30591506, 31375682
75, 1, 21
3, 111034, 29656894, 30440010
76, 1, 21
2, 256726, 30457910, 31240763
77, 1, 21
2, 132664, 31240763, 31742129
78, 1, 21
1, 180250, 31375682, 32901705
79, 1, 21
2, 207673, 31742129, 32529237
80, 1, 21
3, 223510, 30440010, 31968155
81, 1, 21
3, 77868, 31968155, 32556860
82, 1, 21
1, 124012, 32901705, 34007546
83, 1, 21
2, 240889, 32529237, 33759345
84, 1, 21
1, 20188, 34007546, 34515956
85, 1, 21
2, 25981, 33759345, 34266751
86, 1, 21
1, 33166, 34515956, 35044171
87, 1, 21
2, 38959, 34266751, 34903091
88, 1, 21
1, 47586, 35044171, 35671302
89, 1, 21
3, 41818, 32556860, 35014874
90, 1, 21
2, 193278, 34903091, 35880174
91, 1, 21
1, 77868, 35671302, 36456313
92, 1, 21
3, 164388, 35014874, 35571407
93, 1, 21
2, 181742, 35880174, 36383795
94, 1, 21
1, 49028, 36456313, 36967574
95, 1, 21
3, 96614, 35571407, 36081346
96, 1, 21
2, 142808, 36383795, 36884048
97, 1, 21
1, 40376, 36967574, 37474445
98, 1, 21
3, 171598, 36081346, 36583991
99, 1, 21
1, 59122, 37474445, 37978134
100, 1, 21
2, 274055, 36884048, 37469948
101, 1, 21
3, 207648, 36583991, 37214271
102, 1, 21
1, 56238, 37978134, 38481615
103, 1, 21
2, 210582, 37469948, 37970810
104, 1, 21
3, 141316, 37214271, 37715719
105, 1, 21
2, 255259, 37970810, 38602021
106, 1, 21
1, 87962, 38481615, 39266859
107, 1, 21
2, 53379, 38602021, 39107365
108, 1, 21
1, 82194, 39266859, 40108164
109, 1, 21
2, 46169, 39107365, 39616763
110, 1, 21
1, 64890, 40108164, 40739093
111, 1, 21
2, 67799, 39616763, 40250761
112, 1, 21
1, 54796, 40739093, 41239534
113, 1, 21
2, 54821, 40250761, 40754408
114, 1, 21
3, 100940, 37715719, 40243768
115, 1, 21
1, 46144, 41239534, 41748781
116, 1, 21
2, 158670, 40754408, 41256558
117, 1, 21
3, 224952, 40243768, 41026985
118, 1, 21
1, 51912, 41748781, 42259524
119, 1, 21
2, 212024, 41256558, 41758179
120, 1, 21
3, 162946, 41026985, 41528789
121, 1, 21
1, 59122, 42259524, 42767346
122, 1, 21
2, 225002, 41758179, 42259993
123, 1, 21
3, 180250, 41528789, 42155794
124, 1, 21
2, 193253, 42259993, 42762054
125, 1, 21
1, 67774, 42767346, 43402474
126, 1, 21
3, 164388, 42155794, 42660088
127, 1, 21
2, 276914, 42762054, 43390690
128, 1, 21
3, 151410, 42660088, 43160850
129, 1, 21
1, 108150, 43402474, 44385319
130, 1, 21
2, 199046, 43390690, 44018301
131, 1, 21
1, 47586, 44385319, 44897598
132, 1, 21
2, 47611, 44018301, 44527711
133, 1, 21
1, 56238, 44897598, 45528073
134, 1, 21
2, 51937, 44527711, 45163229
135, 1, 21
1, 40376, 45528073, 46054129
136, 1, 21
2, 59147, 45163229, 45958115
137, 1, 21
1, 53354, 46054129, 46681829
138, 1, 21
1, 57680, 46681829, 47190703
139, 1, 21
1, 59122, 47190703, 47694976
140, 1, 21
2, 175999, 45958115, 47491310
141, 1, 21
1, 92288, 47694976, 48476678
142, 1, 21
1, 69216, 48476678, 49234765
143, 1, 21
2, 158670, 47491310, 49109216
144, 1, 21
1, 56238, 49234765, 49866649
145, 1, 21
2, 51937, 49109216, 49779181
146, 1, 21
1, 60564, 49866649, 50659689
147, 1, 21
2, 44727, 49779181, 50280553
148, 1, 21
2, 53354, 50280553, 50908587
149, 1, 21
1, 105266, 50659689, 51753475
150, 1, 21
2, 59147, 50908587, 51408741
151, 1, 21
1, 74984, 51753475, 52382768
152, 1, 21
2, 60589, 51408741, 51916607
153, 1, 21
2, 73542, 51916607, 52542552
154, 1, 21
1, 92288, 52382768, 53167877
155, 1, 21
2, 115385, 52542552, 53527379
156, 1, 21
3, 34608, 43160850, 53003875
157, 1, 21
2, 210557, 53527379, 54032000
158, 1, 21
3, 165830, 53003875, 53505023
159, 1, 21
1, 178808, 53167877, 54697820
160, 1, 21
2, 233654, 54032000, 54532576
161, 1, 21
3, 222068, 53505023, 54132527
162, 1, 21
2, 239397, 54532576, 55032711
163, 1, 21
3, 278306, 54132527, 54916929
164, 1, 21
2, 233629, 55032711, 55536766
165, 1, 21
2, 286958, 55536766, 56165817
166, 1, 21
3, 523446, 54916929, 56443869
167, 1, 21
2, 451371, 56165817, 57143680
168, 1, 21
2, 676298, 57143680, 58692332
169, 1, 21
2, 56238, 58692332, 59205250
170, 1, 21
2, 69216, 59205250, 59839299
171, 1, 21
2, 87962, 59839299, 60622907
172, 1, 21
2, 175924, 60622907, 62157931
173, 1, 21
1, 1131970, 54697820, 64699294
