0, 2, 21
2, 72100, 5519114, 6264642
1, 72104, 6085514, 6830784
1, 2, 21
2, 144200, 6264642, 7557575
1, 144204, 6830784, 8123333
2, 2, 21
2, 144200, 7557575, 8845902
1, 144204, 8123333, 9411887
3, 2, 21
2, 217742, 8845902, 16906978
1, 217746, 9411887, 17473100
4, 2, 21
2, 82194, 16906978, 17563611
1, 72104, 17473100, 18130015
5, 2, 21
2, 82194, 17563611, 17873894
1, 36054, 18130015, 18440379
6, 2, 21
2, 43260, 17873894, 18034514
1, 18750, 18440379, 18600774
7, 2, 21
2, 23072, 18034514, 18122204
1, 10098, 18600774, 18688691
8, 2, 21
2, 334544, 18122204, 19525424
1, 144204, 18688691, 20091917
9, 2, 21
2, 271096, 19525424, 20190134
1, 72104, 20091917, 20756654
10, 2, 21
2, 132664, 20190134, 20511357
1, 36054, 20756654, 21077899
11, 2, 21
2, 69216, 20511357, 20679636
1, 18750, 21077899, 21246179
12, 2, 21
2, 491722, 20679636, 22128091
1, 144204, 21246179, 22693693
13, 2, 21
2, 220626, 22128091, 22772604
1, 72104, 22693693, 23337982
14, 2, 21
2, 83636, 22772604, 23213433
1, 36054, 23337982, 23779070
15, 2, 21
2, 43260, 23213433, 23385663
1, 18750, 23779070, 23951672
16, 2, 21
2, 24514, 23385663, 23481503
1, 10098, 23951672, 24047362
17, 2, 21
2, 324450, 23481503, 24974624
1, 144204, 24047362, 25540728
18, 2, 21
2, 330218, 24974624, 26207248
1, 144204, 25540728, 26772810
19, 2, 21
2, 165830, 26207248, 26841355
1, 72104, 26772810, 27406817
20, 2, 21
2, 328776, 26841355, 28092175
1, 144204, 27406817, 28657448
21, 2, 21
2, 454230, 28092175, 29403185
1, 144204, 28657448, 29969213
22, 2, 21
2, 256676, 29403185, 30043140
1, 72104, 29969213, 30608492
23, 2, 21
2, 124012, 30043140, 30350709
1, 36054, 30608492, 30916520
24, 2, 21
2, 369152, 30350709, 31567952
1, 144204, 30916520, 32134227
25, 2, 21
2, 162946, 31567952, 32179679
1, 72104, 32134227, 32745965
26, 2, 21
2, 82194, 32179679, 32485477
1, 36054, 32745965, 33051688
27, 2, 21
2, 237930, 32485477, 34344990
1, 144204, 33051688, 34911198
28, 2, 21
2, 72100, 34344990, 35293478
1, 72104, 34911198, 35859688
29, 2, 21
2, 111034, 35293478, 35600630
1, 36054, 35859688, 36166210
30, 2, 21
2, 80752, 35600630, 35770754
1, 18750, 36166210, 36336148
31, 2, 21
2, 36050, 35770754, 35855304
1, 10098, 36336148, 36421481
32, 2, 21
2, 7210, 35855304, 35903537
1, 5772, 36421481, 36469750
33, 2, 21
2, 562380, 35903537, 37388085
1, 144204, 36469750, 37954254
34, 2, 21
2, 263886, 37388085, 38041623
1, 72104, 37954254, 38606520
35, 2, 21
2, 138432, 38041623, 38367733
1, 36054, 38606520, 38933147
36, 2, 21
2, 149968, 38367733, 39826259
1, 144204, 38933147, 40391537
37, 2, 21
2, 72100, 39826259, 40462916
1, 72104, 40391537, 41025060
38, 2, 21
2, 517678, 40462916, 41999366
1, 144204, 41025060, 42541263
39, 2, 21
2, 198996, 41999366, 42652592
1, 72104, 42541263, 43217100
40, 2, 21
2, 136990, 42652592, 42975059
1, 36054, 43217100, 43539636
41, 2, 21
2, 60564, 42975059, 43145730
1, 18750, 43539636, 43707630
42, 2, 21
2, 419622, 43145730, 44589255
1, 144204, 43707630, 45150261
43, 2, 21
2, 72100, 44589255, 45597103
1, 72104, 45150261, 46158817
44, 2, 21
2, 36050, 45597103, 46066013
1, 36054, 46158817, 46630513
45, 2, 21
2, 144200, 46066013, 47575590
1, 144204, 46630513, 48139172
46, 2, 21
2, 72100, 47575590, 48184613
1, 72104, 48139172, 48749784
47, 2, 21
2, 144200, 48184613, 49810112
1, 144204, 48749784, 50375298
48, 2, 21
2, 144200, 49810112, 51483416
1, 144204, 50375298, 52048548
49, 2, 21
2, 144200, 51483416, 52712064
1, 144204, 52048548, 53276998
50, 2, 21
2, 72100, 52712064, 53341227
1, 72104, 53276998, 53906102
51, 2, 21
2, 396550, 53341227, 54605939
1, 144204, 53906102, 55170802
52, 2, 21
2, 281190, 54605939, 55211183
1, 72104, 55170802, 55776930
53, 2, 21
2, 129780, 55211183, 55518722
1, 36054, 55776930, 56084348
54, 2, 21
2, 547960, 55518722, 56756907
1, 144204, 56084348, 57321020
55, 2, 21
2, 527772, 56756907, 57982929
1, 144204, 57321020, 58546929
56, 2, 21
2, 523446, 57982929, 59200876
1, 144204, 58546929, 59766405
57, 2, 21
2, 144200, 59200876, 60512024
1, 144204, 59766405, 61077305
58, 2, 21
2, 72100, 60512024, 61158644
1, 72104, 61077305, 61723730
59, 2, 21
2, 144200, 61158644, 62416829
1, 144204, 61723730, 62983060
60, 2, 21
2, 144200, 62416829, 63780650
1, 144204, 62983060, 64346820
61, 2, 21
2, 144200, 63780650, 65112593
1, 144204, 64346820, 65677966
