0, 2, 21
2, 54796, 5537290, 6099469
1, 54796, 6109955, 6671868
1, 2, 21
2, 53354, 6099469, 6602217
1, 53354, 6671868, 7174560
2, 2, 21
2, 57680, 6602217, 7112038
1, 57680, 7174560, 7684473
3, 2, 21
2, 54796, 7112038, 7616242
1, 54796, 7684473, 8188753
4, 2, 21
2, 56238, 7616242, 8126415
1, 56238, 8188753, 8698957
5, 2, 21
2, 57680, 8126415, 8637489
1, 57680, 8698957, 9210183
6, 2, 21
2, 56238, 8637489, 9142299
1, 56238, 9210183, 9714832
7, 2, 21
2, 44702, 9142299, 15666936
1, 44702, 9714832, 16239247
8, 2, 21
2, 54796, 15666936, 16173377
1, 54796, 16239247, 16745749
9, 2, 21
2, 59122, 16173377, 16676013
1, 59122, 16745749, 17248383
10, 2, 21
2, 57680, 16676013, 17188293
1, 57680, 17248383, 17760805
11, 1, 21
2, 77868, 17188293, 17691967
12, 1, 21
1, 56238, 17760805, 18270043
13, 1, 21
3, 77868, 16977150, 17486006
14, 1, 21
2, 134156, 17691967, 18198677
15, 1, 21
1, 59122, 18270043, 18776580
16, 1, 21
3, 64890, 17486006, 18049456
17, 1, 21
2, 103874, 18198677, 18699281
18, 1, 21
1, 51912, 18776580, 19315645
19, 1, 21
3, 69216, 18049456, 18552360
20, 1, 21
2, 122620, 18699281, 19207125
21, 1, 21
1, 51912, 19315645, 19825098
22, 1, 21
3, 79310, 18552360, 19060124
23, 1, 21
2, 158670, 19207125, 19709703
24, 1, 21
1, 56238, 19825098, 20326486
25, 1, 21
4, 73542, 18414961, 18920685
26, 1, 21
3, 73542, 19060124, 19563003
27, 1, 21
2, 199071, 19709703, 20211579
28, 1, 21
1, 54796, 20326486, 20834455
29, 1, 21
4, 76426, 18920685, 19424985
30, 1, 21
3, 76426, 19563003, 20070413
31, 1, 21
2, 207723, 20211579, 20713959
32, 1, 21
1, 56238, 20834455, 21335630
33, 1, 21
4, 64890, 19424985, 19925098
34, 1, 21
3, 62006, 20070413, 20571395
35, 1, 21
2, 164463, 20713959, 21217630
36, 1, 21
1, 51912, 21335630, 21851260
37, 1, 21
4, 50470, 19925098, 20426262
38, 1, 21
3, 47586, 20571395, 21072795
39, 1, 21
2, 151485, 21217630, 21722011
40, 1, 21
1, 41818, 21851260, 22352300
41, 1, 21
4, 70658, 20426262, 20935645
42, 1, 21
3, 74984, 21072795, 21575406
43, 1, 21
2, 206281, 21722011, 22226484
44, 1, 21
1, 59122, 22352300, 22863941
45, 1, 21
4, 73542, 20935645, 21438733
46, 1, 21
2, 181742, 22226484, 22729560
47, 1, 21
1, 56238, 22863941, 23365057
48, 1, 21
4, 60564, 21438733, 21947120
49, 1, 21
2, 102432, 22729560, 23233161
50, 1, 21
1, 43260, 23365057, 23876220
51, 1, 21
4, 62006, 21947120, 22478591
52, 1, 21
2, 95222, 23233161, 23737868
53, 1, 21
1, 43260, 23876220, 24392058
54, 1, 21
4, 54796, 22478591, 22988187
55, 1, 21
2, 106758, 23737868, 24243645
56, 1, 21
1, 47586, 24392058, 24896713
57, 1, 21
4, 73542, 22988187, 23489772
58, 1, 21
2, 128388, 24243645, 24745400
59, 1, 21
1, 56238, 24896713, 25407660
60, 1, 21
4, 74984, 23489772, 23995921
61, 1, 21
2, 132714, 24745400, 25247303
62, 1, 21
1, 59122, 25407660, 25915929
63, 1, 21
4, 73542, 23995921, 24498500
64, 1, 21
2, 131272, 25247303, 25753106
65, 1, 21
1, 57680, 25915929, 26426650
66, 1, 21
4, 79310, 24498500, 25003424
67, 1, 21
2, 137040, 25753106, 26255939
68, 1, 21
1, 57680, 26426650, 26933565
69, 1, 21
4, 74984, 25003424, 25505456
70, 1, 21
2, 134156, 26255939, 26762961
71, 1, 21
1, 57680, 26933565, 27435307
72, 1, 21
4, 72100, 25505456, 26008596
73, 1, 21
2, 128388, 26762961, 27265477
74, 1, 21
1, 56238, 27435307, 27941500
75, 1, 21
4, 76426, 26008596, 26512761
76, 1, 21
2, 134156, 27265477, 27771936
77, 1, 21
1, 57680, 27941500, 28442048
78, 1, 21
4, 74984, 26512761, 27021511
79, 1, 21
2, 131272, 27771936, 28274711
80, 1, 21
1, 59122, 28442048, 28946797
81, 1, 21
3, 62006, 21575406, 27920552
82, 1, 21
4, 70658, 27021511, 27524384
83, 1, 21
2, 165905, 28274711, 28776957
84, 1, 21
1, 59122, 28946797, 29447936
85, 1, 21
3, 60564, 27920552, 28422732
86, 1, 21
4, 63448, 27524384, 28026396
87, 1, 21
2, 183209, 28776957, 29277331
88, 1, 21
1, 50470, 29447936, 29949407
89, 1, 21
3, 73542, 28422732, 28939076
90, 1, 21
4, 72100, 28026396, 28530781
91, 1, 21
2, 197629, 29277331, 29780110
92, 1, 21
1, 56238, 29949407, 30458560
93, 1, 21
3, 76426, 28939076, 29445235
94, 1, 21
4, 70658, 28530781, 29033071
95, 1, 21
2, 199071, 29780110, 30283442
96, 1, 21
1, 54796, 30458560, 30961510
97, 1, 21
3, 70658, 29445235, 29945947
98, 1, 21
4, 69216, 29033071, 29535962
99, 1, 21
2, 183209, 30283442, 30785596
100, 1, 21
1, 59122, 30961510, 31468293
101, 1, 21
3, 73542, 29945947, 30450166
102, 1, 21
2, 132714, 30785596, 31286259
103, 1, 21
1, 59122, 31468293, 31968957
104, 1, 21
3, 74984, 30450166, 30956075
105, 1, 21
2, 134156, 31286259, 31792867
106, 1, 21
1, 59122, 31968957, 32470195
107, 1, 21
3, 74984, 30956075, 31462806
108, 1, 21
2, 134156, 31792867, 32294286
109, 1, 21
1, 57680, 32470195, 32970396
110, 1, 21
3, 73542, 31462806, 31967236
111, 1, 21
2, 128388, 32294286, 32798083
112, 1, 21
1, 59122, 32970396, 33470612
113, 1, 21
3, 64890, 31967236, 32474482
114, 1, 21
2, 112526, 32798083, 33310387
115, 1, 21
1, 53354, 33470612, 33983372
116, 1, 21
2, 31749, 33310387, 33869140
117, 1, 21
1, 20188, 33983372, 34493091
118, 1, 21
2, 31749, 33869140, 34378381
119, 1, 21
1, 33166, 34493091, 35022661
120, 1, 21
2, 36075, 34378381, 34889540
121, 1, 21
1, 37492, 35022661, 35546181
122, 1, 21
2, 40401, 34889540, 35392513
123, 1, 21
3, 34608, 32474482, 34888902
124, 1, 21
1, 43260, 35546181, 36054453
125, 1, 21
2, 206256, 35392513, 35894773
126, 1, 21
1, 56238, 36054453, 36560043
127, 1, 21
3, 164388, 34888902, 35445169
128, 1, 21
2, 142808, 35894773, 36394831
129, 1, 21
1, 46144, 36560043, 37064183
130, 1, 21
3, 96614, 35445169, 35954946
131, 1, 21
2, 174532, 36394831, 36897988
132, 1, 21
1, 40376, 37064183, 37570064
133, 1, 21
3, 164388, 35954946, 36455711
134, 1, 21
2, 219234, 36897988, 37405402
135, 1, 21
1, 57680, 37570064, 38070396
136, 1, 21
3, 154294, 36455711, 36956547
137, 1, 21
2, 197604, 37405402, 37905670
138, 1, 21
1, 54796, 38070396, 38583568
139, 1, 21
3, 147084, 36956547, 37458456
140, 1, 21
2, 200488, 37905670, 38407115
141, 1, 21
1, 54796, 38583568, 39086496
142, 1, 21
3, 141316, 37458456, 37959380
143, 1, 21
2, 103874, 38407115, 38909322
144, 1, 21
1, 53354, 39086496, 39592272
145, 1, 21
2, 49053, 38909322, 39421963
146, 1, 21
1, 47586, 39592272, 40097665
147, 1, 21
2, 46169, 39421963, 39929448
148, 1, 21
1, 49028, 40097665, 40603088
149, 1, 21
2, 59147, 39929448, 40441251
150, 1, 21
1, 59122, 40603088, 41114932
151, 1, 21
3, 14420, 37959380, 40224029
152, 1, 21
2, 99548, 40441251, 40944675
153, 1, 21
1, 44702, 41114932, 41625987
154, 1, 21
3, 134106, 40224029, 40731857
155, 1, 21
2, 170206, 40944675, 41444895
156, 1, 21
1, 49028, 41625987, 42128712
157, 1, 21
3, 160062, 40731857, 41233971
158, 1, 21
2, 223560, 41444895, 41948276
159, 1, 21
1, 59122, 42128712, 42635037
160, 1, 21
3, 165830, 41233971, 41735546
161, 1, 21
2, 206256, 41948276, 42454476
162, 1, 21
1, 56238, 42635037, 43138814
163, 1, 21
3, 134106, 41735546, 42238874
164, 1, 21
2, 203372, 42454476, 42954646
165, 1, 21
1, 54796, 43138814, 43642341
166, 1, 21
3, 162946, 42238874, 42742795
167, 1, 21
2, 220676, 42954646, 43457576
168, 1, 21
1, 56238, 43642341, 44146065
169, 1, 21
3, 151410, 42742795, 43244903
170, 1, 21
2, 167322, 43457576, 43958360
171, 1, 21
1, 53354, 44146065, 44649854
172, 1, 21
2, 46169, 43958360, 44459151
173, 1, 21
1, 47586, 44649854, 45162263
174, 1, 21
2, 44727, 44459151, 44970573
175, 1, 21
1, 43260, 45162263, 45675983
176, 1, 21
2, 43285, 44970573, 45492216
177, 1, 21
1, 36050, 45675983, 46179174
178, 1, 21
2, 34633, 45492216, 45992720
179, 1, 21
1, 41818, 46179174, 46683630
180, 1, 21
2, 57705, 45992720, 46501540
181, 1, 21
1, 56238, 46683630, 47183972
182, 1, 21
2, 57705, 46501540, 47006085
183, 1, 21
1, 59122, 47183972, 47689236
184, 1, 21
2, 59147, 47006085, 47513390
185, 1, 21
1, 59122, 47689236, 48194701
186, 1, 21
2, 60589, 47513390, 48023874
187, 1, 21
1, 57680, 48194701, 48700434
188, 1, 21
2, 47611, 48023874, 48526203
189, 1, 21
1, 47586, 48700434, 49212456
190, 1, 21
2, 40401, 48526203, 49034514
191, 1, 21
1, 41818, 49212456, 49716456
192, 1, 21
2, 47611, 49034514, 49539235
193, 1, 21
1, 43260, 49716456, 50222132
194, 1, 21
2, 33191, 49539235, 50045057
195, 1, 21
1, 37492, 50222132, 50726196
196, 1, 21
2, 43285, 50045057, 50556168
197, 1, 21
1, 41818, 50726196, 51230713
198, 1, 21
2, 51937, 50556168, 51063330
199, 1, 21
1, 53354, 51230713, 51735096
200, 1, 21
2, 59147, 51063330, 51563442
201, 1, 21
1, 60564, 51735096, 52245126
202, 1, 21
2, 60589, 51563442, 52073565
203, 1, 21
1, 60564, 52245126, 52756489
204, 1, 21
2, 59147, 52073565, 52576493
205, 1, 21
1, 59122, 52756489, 53259108
206, 1, 21
2, 59147, 52576493, 53080401
207, 1, 21
1, 59122, 53259108, 53764945
208, 1, 21
2, 59147, 53080401, 53585786
209, 1, 21
3, 10094, 43244903, 53022777
210, 1, 21
1, 59122, 53764945, 54268957
211, 1, 21
2, 222118, 53585786, 54088082
212, 1, 21
3, 165830, 53022777, 53523661
213, 1, 21
1, 59122, 54268957, 54777095
214, 1, 21
2, 236538, 54088082, 54590816
215, 1, 21
3, 177366, 53523661, 54025839
216, 1, 21
1, 60564, 54777095, 55290267
217, 1, 21
2, 243748, 54590816, 55092018
218, 1, 21
3, 186018, 54025839, 54529929
219, 1, 21
1, 60564, 55290267, 55796749
220, 1, 21
2, 233654, 55092018, 55595793
221, 1, 21
3, 171598, 54529929, 55030900
222, 1, 21
1, 59122, 55796749, 56297950
223, 1, 21
2, 230770, 55595793, 56096620
224, 1, 21
3, 174482, 55030900, 55534316
225, 1, 21
1, 57680, 56297950, 56802210
226, 1, 21
2, 233654, 56096620, 56597122
227, 1, 21
3, 174482, 55534316, 56035892
228, 1, 21
1, 60564, 56802210, 57308633
229, 1, 21
2, 230770, 56597122, 57098898
230, 1, 21
3, 171598, 56035892, 56538780
231, 1, 21
1, 60564, 57308633, 57817147
232, 1, 21
2, 227886, 57098898, 57602154
233, 1, 21
3, 167272, 56538780, 57041703
234, 1, 21
1, 60564, 57817147, 58329016
235, 1, 21
2, 223560, 57602154, 58104438
236, 1, 21
3, 164388, 57041703, 57543188
237, 1, 21
1, 59122, 58329016, 58829783
238, 1, 21
2, 237980, 58104438, 58605576
239, 1, 21
1, 60564, 58829783, 59339028
240, 1, 21
2, 57705, 58605576, 59111628
241, 1, 21
1, 54796, 59339028, 59842605
242, 1, 21
2, 56263, 59111628, 59624425
243, 1, 21
1, 54796, 59842605, 60342798
244, 1, 21
2, 56263, 59624425, 60128183
245, 1, 21
1, 56238, 60342798, 60845729
246, 1, 21
2, 56263, 60128183, 60630804
247, 1, 21
1, 57680, 60845729, 61357280
248, 1, 21
2, 57705, 60630804, 61137343
249, 1, 21
1, 59122, 61357280, 61868912
250, 1, 21
2, 59147, 61137343, 61649431
251, 1, 21
1, 57680, 61868912, 62369142
252, 1, 21
2, 57705, 61649431, 62152906
253, 1, 21
1, 56238, 62369142, 62869982
254, 1, 21
2, 53379, 62152906, 62658023
255, 1, 21
1, 53354, 62869982, 63380768
256, 1, 21
2, 53379, 62658023, 63162676
257, 1, 21
1, 53354, 63380768, 63888583
258, 1, 21
2, 53379, 63162676, 63671568
259, 1, 21
1, 53354, 63888583, 64392229
260, 1, 21
2, 54821, 63671568, 64179049
261, 1, 21
1, 54796, 64392229, 64893038
262, 1, 21
2, 54821, 64179049, 64681212
263, 1, 21
1, 56238, 64893038, 65399841
264, 1, 21
2, 57705, 64681212, 65193861
265, 1, 21
1, 56238, 65399841, 65907304
266, 1, 21
2, 56263, 65193861, 65701252
267, 1, 21
1, 56238, 65907304, 66422408
