0, 2, 21
2, 27398, 5534493, 5790507
1, 27398, 6110958, 6365710
1, 2, 21
2, 46144, 5790507, 6293534
1, 46144, 6365710, 6869506
2, 2, 21
2, 28840, 6293534, 6545542
1, 28840, 6869506, 7121617
3, 2, 21
2, 28840, 6545542, 6805210
1, 28840, 7121617, 7381433
4, 2, 21
2, 63448, 6805210, 7373412
1, 63448, 7381433, 7949087
5, 1, 21
2, 28840, 7373412, 7634828
6, 1, 21
2, 27398, 7634828, 7887169
7, 1, 21
2, 56238, 7887169, 8392710
8, 2, 21
2, 128338, 8392710, 15662867
1, 240814, 7949087, 16238235
9, 2, 21
2, 27398, 15662867, 15919969
1, 27398, 16238235, 16494984
10, 2, 21
2, 57680, 15919969, 16424753
1, 57680, 16494984, 17000974
11, 1, 21
2, 170156, 16424753, 17709618
12, 1, 21
3, 40376, 16976907, 17235387
13, 1, 21
2, 67799, 17709618, 17962583
14, 1, 21
3, 38934, 17235387, 17492252
15, 1, 21
3, 36050, 17492252, 17749583
16, 1, 21
2, 126946, 17962583, 18466436
17, 1, 21
3, 27398, 17749583, 18045765
18, 1, 21
2, 44727, 18466436, 18742821
19, 1, 21
1, 253792, 17000974, 19324734
20, 1, 21
3, 30282, 18045765, 18301925
21, 1, 21
2, 60614, 18742821, 18995321
22, 1, 21
1, 24514, 19324734, 19580290
23, 1, 21
3, 40376, 18301925, 18557637
24, 1, 21
2, 67824, 18995321, 19252169
25, 1, 21
1, 27398, 19580290, 19836073
26, 1, 21
3, 79310, 18557637, 19063711
27, 1, 21
2, 165880, 19252169, 19754771
28, 1, 21
1, 56238, 19836073, 20341072
29, 1, 21
4, 40376, 18420260, 18674939
30, 1, 21
3, 38934, 19063711, 19323391
31, 1, 21
4, 36050, 18674939, 18928832
32, 1, 21
1, 54796, 20341072, 20861170
33, 1, 21
4, 40376, 18928832, 19183749
34, 1, 21
1, 28840, 20861170, 21119417
35, 1, 21
4, 38934, 19183749, 19435985
36, 1, 21
4, 37492, 19435985, 19688859
37, 1, 21
2, 499157, 19754771, 21015381
38, 1, 21
1, 56238, 21119417, 21625181
39, 1, 21
4, 25956, 19688859, 19939771
40, 1, 21
3, 174482, 19323391, 20601961
41, 1, 21
2, 63523, 21015381, 21276170
42, 1, 21
1, 24514, 21625181, 21902200
43, 1, 21
4, 18746, 19939771, 20203708
44, 1, 21
2, 79360, 21276170, 21526602
45, 1, 21
1, 18746, 21902200, 22159081
46, 1, 21
4, 30282, 20203708, 20463129
47, 1, 21
3, 50470, 20601961, 21110038
48, 1, 21
1, 24514, 22159081, 22416704
49, 1, 21
4, 38934, 20463129, 20716007
50, 1, 21
3, 38934, 21110038, 21367728
51, 1, 21
2, 189052, 21526602, 22027815
52, 1, 21
1, 30282, 22416704, 22677050
53, 1, 21
3, 37492, 21367728, 21623633
54, 1, 21
2, 100990, 22027815, 22280990
55, 1, 21
2, 171598, 22280990, 22794015
56, 1, 21
4, 138432, 20716007, 21732806
57, 1, 21
2, 43285, 22794015, 23048782
58, 1, 21
1, 103824, 22677050, 23687825
59, 1, 21
4, 33166, 21732806, 21985170
60, 1, 21
2, 63498, 23048782, 23303946
61, 1, 21
1, 24514, 23687825, 23942744
62, 1, 21
4, 37492, 21985170, 22239514
63, 1, 21
2, 50520, 23303946, 23554818
64, 1, 21
1, 27398, 23942744, 24192915
65, 1, 21
4, 21630, 22239514, 22490571
66, 1, 21
1, 14420, 24192915, 24447679
67, 1, 21
4, 28840, 22490571, 22745349
68, 1, 21
1, 23072, 24447679, 24705840
69, 1, 21
2, 152977, 23554818, 24317684
70, 1, 21
4, 64890, 22745349, 23249844
71, 1, 21
1, 25956, 24705840, 24968032
72, 1, 21
4, 36050, 23249844, 23503256
73, 1, 21
2, 129855, 24317684, 24822964
74, 1, 21
3, 54796, 21623633, 27917021
75, 1, 21
2, 1028171, 24822964, 28623874
76, 1, 21
3, 36050, 27917021, 28182250
77, 1, 21
4, 633038, 23503256, 27856709
78, 1, 21
3, 27398, 28182250, 28434913
79, 1, 21
1, 533540, 24968032, 29604163
80, 1, 21
2, 176024, 28623874, 29126191
81, 1, 21
4, 38934, 27856709, 28111007
82, 1, 21
3, 38934, 28434913, 28686302
83, 1, 21
2, 103874, 29126191, 29377039
84, 1, 21
4, 33166, 28111007, 28361240
85, 1, 21
3, 33166, 28686302, 28938166
86, 1, 21
2, 95222, 29377039, 29631298
87, 1, 21
4, 38934, 28361240, 28620034
88, 1, 21
3, 40376, 28938166, 29197192
89, 1, 21
2, 100990, 29631298, 29883066
90, 1, 21
4, 73542, 28620034, 29121514
91, 1, 21
3, 73542, 29197192, 29699917
92, 1, 21
2, 203372, 29883066, 30384333
93, 1, 21
2, 167272, 30384333, 30900624
94, 1, 21
2, 132664, 30900624, 31403042
95, 1, 21
3, 372036, 29699917, 32275283
96, 1, 21
2, 395133, 31403042, 32935704
97, 1, 21
3, 36050, 32275283, 32528567
98, 1, 21
1, 465766, 29604163, 33708266
99, 1, 21
3, 15862, 32528567, 32784314
100, 1, 21
2, 96689, 32935704, 33445311
101, 1, 21
1, 40376, 33708266, 34231695
102, 1, 21
2, 10119, 33445311, 33848950
103, 1, 21
1, 8652, 34231695, 34490739
104, 1, 21
1, 17304, 34490739, 34746037
105, 1, 21
2, 53404, 33848950, 34628734
106, 1, 21
1, 34608, 34746037, 35246653
107, 1, 21
2, 14445, 34628734, 34881526
108, 1, 21
1, 15862, 35246653, 35510370
109, 1, 21
2, 20213, 34881526, 35154215
110, 1, 21
1, 17304, 35510370, 35776633
111, 1, 21
3, 4326, 32784314, 34846934
112, 1, 21
1, 25956, 35776633, 36037415
113, 1, 21
2, 132739, 35154215, 35656122
114, 1, 21
3, 83636, 34846934, 35100055
115, 1, 21
1, 30282, 36037415, 36295818
116, 1, 21
2, 112526, 35656122, 35913499
117, 1, 21
1, 28840, 36295818, 36551266
118, 1, 21
3, 131222, 35100055, 35600487
119, 1, 21
2, 86570, 35913499, 36179031
120, 1, 21
1, 24514, 36551266, 36827038
121, 1, 21
3, 37492, 35600487, 35851273
122, 1, 21
2, 57730, 36179031, 36431914
123, 1, 21
1, 25956, 36827038, 37083294
124, 1, 21
3, 67774, 35851273, 36104318
125, 1, 21
2, 83686, 36431914, 36684807
126, 1, 21
1, 12978, 37083294, 37336959
127, 1, 21
3, 92288, 36104318, 36356836
128, 1, 21
2, 116852, 36684807, 36937549
129, 1, 21
1, 28840, 37336959, 37592509
130, 1, 21
3, 87962, 36356836, 36610261
131, 1, 21
3, 80752, 36610261, 36860911
132, 1, 21
2, 226469, 36937549, 37439080
133, 1, 21
3, 77868, 36860911, 37113875
134, 1, 21
2, 103849, 37439080, 37692020
135, 1, 21
3, 76426, 37113875, 37371562
136, 1, 21
2, 105291, 37692020, 37944444
137, 1, 21
3, 90846, 37371562, 37680107
138, 1, 21
1, 173040, 37592509, 39128623
139, 1, 21
2, 229328, 37944444, 38714796
140, 1, 21
1, 53354, 39128623, 39632009
141, 1, 21
2, 49053, 38714796, 39217088
142, 1, 21
1, 23072, 39632009, 39883717
143, 1, 21
1, 46144, 39883717, 40393861
144, 1, 21
1, 30282, 40393861, 40653096
145, 1, 21
1, 30282, 40653096, 40909819
146, 1, 21
1, 30282, 40909819, 41187668
147, 1, 21
3, 56238, 37680107, 40074587
148, 1, 21
2, 207798, 39217088, 40774877
149, 1, 21
1, 21630, 41187668, 41484423
150, 1, 21
3, 77868, 40074587, 40387705
151, 1, 21
1, 28840, 41484423, 41812294
152, 1, 21
2, 168789, 40774877, 41277016
153, 1, 21
3, 157178, 40387705, 40889386
154, 1, 21
2, 112501, 41277016, 41529949
155, 1, 21
3, 82194, 40889386, 41143130
156, 1, 21
1, 59122, 41812294, 42318680
157, 1, 21
2, 225002, 41529949, 42033042
158, 1, 21
3, 154294, 41143130, 41666801
159, 1, 21
2, 93755, 42033042, 42288022
160, 1, 21
1, 86520, 42318680, 43102246
161, 1, 21
2, 100965, 42288022, 42539429
162, 1, 21
3, 154294, 41666801, 42168580
163, 1, 21
1, 28840, 43102246, 43359133
164, 1, 21
3, 237930, 42168580, 42934226
165, 1, 21
2, 429791, 42539429, 43544109
166, 1, 21
2, 63448, 43544109, 43797586
167, 1, 21
1, 113918, 43359133, 44386778
168, 1, 21
2, 27423, 43797586, 44083472
169, 1, 21
1, 46144, 44386778, 44888204
170, 1, 21
1, 27398, 44888204, 45139302
171, 2, 21
2, 69266, 44083472, 44866541
1, 21630, 45139302, 45441244
172, 2, 21
2, 41818, 44866541, 45366956
1, 41818, 45441244, 45941664
173, 1, 21
1, 15862, 45941664, 46198284
174, 1, 21
1, 18746, 46198284, 46448600
175, 2, 21
2, 66382, 45366956, 46163748
1, 31724, 46448600, 46739403
176, 2, 21
2, 233604, 46163748, 48218933
1, 233604, 46739403, 48794776
177, 2, 21
2, 40376, 48218933, 48720871
1, 40376, 48794776, 49297031
178, 2, 21
2, 23072, 48720871, 48980224
1, 23072, 49297031, 49555558
179, 2, 21
2, 24514, 48980224, 49237617
1, 24514, 49555558, 49813060
180, 2, 21
2, 24514, 49237617, 49540237
1, 24514, 49813060, 50114882
181, 2, 21
2, 15862, 49540237, 49793346
1, 15862, 50114882, 50369263
182, 2, 21
2, 21630, 49793346, 50052824
1, 21630, 50369263, 50628691
183, 2, 21
2, 41818, 50052824, 50557751
1, 41818, 50628691, 51133929
184, 2, 21
2, 59122, 50557751, 51114802
1, 59122, 51133929, 51689752
185, 1, 21
3, 54796, 42934226, 52833318
186, 1, 21
2, 276889, 51114802, 53414132
187, 1, 21
3, 85078, 52833318, 53085675
188, 1, 21
2, 113943, 53414132, 53666244
189, 1, 21
3, 165830, 53085675, 53588285
190, 1, 21
2, 224977, 53666244, 54168614
191, 1, 21
3, 95172, 53588285, 53845055
192, 1, 21
2, 122595, 54168614, 54421519
193, 1, 21
2, 122570, 54421519, 54672315
194, 1, 21
3, 184576, 53845055, 54345334
195, 1, 21
3, 83636, 54345334, 54601140
196, 1, 21
2, 236538, 54672315, 55177200
197, 1, 21
3, 90846, 54601140, 54855055
198, 1, 21
2, 230745, 55177200, 55677206
199, 1, 21
3, 855106, 54855055, 57377211
200, 1, 21
2, 1293499, 55677206, 58707490
201, 1, 21
2, 54796, 58707490, 59210816
202, 1, 21
1, 1162252, 51689752, 61691496
203, 1, 21
1, 144200, 61691496, 62976561
204, 1, 21
1, 53354, 62976561, 63481821
