0, 2, 21
2, 72100, 5524473, 6271054
1, 72104, 6105691, 6852179
1, 2, 21
2, 144200, 6271054, 7563716
1, 144204, 6852179, 8144774
2, 2, 21
2, 144200, 7563716, 8851027
1, 144204, 8144774, 9432107
3, 2, 21
2, 217742, 8851027, 16913564
1, 217746, 9432107, 17494646
4, 2, 21
2, 76426, 16913564, 17571927
1, 72104, 17494646, 18152382
5, 2, 21
2, 80752, 17571927, 17881993
1, 36054, 18152382, 18462901
6, 2, 21
2, 43260, 17881993, 18042349
1, 18750, 18462901, 18623383
7, 2, 21
2, 23072, 18042349, 18130232
1, 10098, 18623383, 18711113
8, 2, 21
2, 333102, 18130232, 19532710
1, 144204, 18711113, 20113863
9, 2, 21
2, 271096, 19532710, 20204020
1, 72104, 20113863, 20784899
10, 2, 21
2, 134106, 20204020, 20527794
1, 36054, 20784899, 21108528
11, 2, 21
2, 72100, 20527794, 20699079
1, 18750, 21108528, 21278121
12, 2, 21
2, 496048, 20699079, 22145775
1, 144204, 21278121, 22726685
13, 2, 21
2, 223510, 22145775, 22788091
1, 72104, 22726685, 23369164
14, 2, 21
2, 92288, 22788091, 23229616
1, 36054, 23369164, 23810304
15, 2, 21
2, 43260, 23229616, 23402581
1, 18750, 23810304, 23982982
16, 2, 21
2, 15862, 23402581, 23498595
1, 10098, 23982982, 24078818
17, 2, 21
2, 335986, 23498595, 24982994
1, 144204, 24078818, 25563731
18, 2, 21
2, 330218, 24982994, 26205031
1, 144204, 25563731, 26785228
19, 2, 21
2, 164388, 26205031, 26824503
1, 72104, 26785228, 27404883
20, 2, 21
2, 325892, 26824503, 28066518
1, 144204, 27404883, 28647166
21, 2, 21
2, 439810, 28066518, 29371134
1, 144204, 28647166, 29952022
22, 2, 21
2, 250908, 29371134, 30012218
1, 72104, 29952022, 30593162
23, 2, 21
2, 122570, 30012218, 30320237
1, 36054, 30593162, 30901178
24, 2, 21
2, 357616, 30320237, 31537405
1, 144204, 30901178, 32118499
25, 2, 21
2, 161504, 31537405, 32149280
1, 72104, 32118499, 32730248
26, 2, 21
2, 79310, 32149280, 32457034
1, 36054, 32730248, 33038117
27, 2, 21
2, 261002, 32457034, 34318789
1, 144204, 33038117, 34899319
28, 2, 21
2, 72100, 34318789, 35267227
1, 72104, 34899319, 35848301
29, 2, 21
2, 64890, 35267227, 35581851
1, 36054, 35848301, 36162607
30, 2, 21
2, 79310, 35581851, 35755514
1, 18750, 36162607, 36336334
31, 2, 21
2, 40376, 35755514, 35840926
1, 10098, 36336334, 36421706
32, 2, 21
2, 24514, 35840926, 35890443
1, 5772, 36421706, 36471207
33, 2, 21
2, 543634, 35890443, 37375835
1, 144204, 36471207, 37956192
34, 2, 21
2, 269654, 37375835, 38026915
1, 72104, 37956192, 38607943
35, 2, 21
2, 131222, 38026915, 38354268
1, 36054, 38607943, 38934932
36, 2, 21
2, 196112, 38354268, 39803534
1, 144204, 38934932, 40384571
37, 2, 21
2, 72100, 39803534, 40424944
1, 72104, 40384571, 41005862
38, 2, 21
2, 481628, 40424944, 41868580
1, 144204, 41005862, 42449325
39, 2, 21
2, 265328, 41868580, 42536874
1, 72104, 42449325, 43117869
40, 2, 21
2, 136990, 42536874, 42849330
1, 36054, 43117869, 43430279
41, 2, 21
2, 73542, 42849330, 43010907
1, 18750, 43430279, 43591775
42, 2, 21
2, 376362, 43010907, 44410115
1, 144204, 43591775, 44991128
43, 2, 21
2, 72100, 44410115, 45367541
1, 72104, 44991128, 45948688
44, 2, 21
2, 36050, 45367541, 45819835
1, 36054, 45948688, 46400833
45, 2, 21
2, 144200, 45819835, 47080616
1, 144204, 46400833, 47660883
46, 2, 21
2, 72100, 47080616, 47683467
1, 72104, 47660883, 48264595
47, 2, 21
2, 144200, 47683467, 49272904
1, 144204, 48264595, 49853313
48, 2, 21
2, 144200, 49272904, 50936414
1, 144204, 49853313, 51517513
49, 2, 21
2, 144200, 50936414, 52155635
1, 144204, 51517513, 52736740
50, 2, 21
2, 72100, 52155635, 52765910
1, 72104, 52736740, 53346802
51, 2, 21
2, 311472, 52765910, 54002988
1, 144204, 53346802, 54583670
52, 2, 21
2, 286958, 54002988, 54607259
1, 72104, 54583670, 55188239
53, 2, 21
2, 148526, 54607259, 54913642
1, 36054, 55188239, 55494621
54, 2, 21
2, 573916, 54913642, 56147693
1, 144204, 55494621, 56727457
55, 2, 21
2, 553728, 56147693, 57358134
1, 144204, 56727457, 57938948
56, 2, 21
2, 537866, 57358134, 58582854
1, 144204, 57938948, 59163994
57, 2, 21
2, 144200, 58582854, 59890042
1, 144204, 59163994, 60471363
58, 2, 21
2, 72100, 59890042, 60533461
1, 72104, 60471363, 61114828
59, 2, 21
2, 144200, 60533461, 61785494
1, 144204, 61114828, 62366643
60, 2, 21
2, 144200, 61785494, 63147671
1, 144204, 62366643, 63729032
61, 2, 21
2, 144200, 63147671, 64476994
1, 144204, 63729032, 65058357
