0, 2, 21
2, 27398, 5516919, 5771853
1, 27398, 6239253, 6493840
1, 2, 21
2, 27398, 5771853, 6077395
1, 27398, 6493840, 6799143
2, 2, 21
2, 25956, 6077395, 6340405
1, 25956, 6799143, 7061213
3, 2, 21
2, 28840, 6340405, 6594483
1, 28840, 7061213, 7316187
4, 2, 21
2, 27398, 6594483, 6847719
1, 27398, 7316187, 7569961
5, 2, 21
2, 28840, 6847719, 7101725
1, 28840, 7569961, 7823105
6, 2, 21
2, 27398, 7101725, 7356019
1, 27398, 7823105, 8077519
7, 2, 21
2, 27398, 7356019, 7606080
1, 27398, 8077519, 8328134
8, 2, 21
2, 27398, 7606080, 7858897
1, 27398, 8328134, 8580912
9, 2, 21
2, 28840, 7858897, 8118858
1, 28840, 8580912, 8840605
10, 2, 21
2, 28840, 8118858, 8378817
1, 28840, 8840605, 9100843
11, 2, 21
2, 28840, 8378817, 8631804
1, 28840, 9100843, 9353376
12, 2, 21
2, 28840, 8631804, 8891349
1, 28840, 9353376, 9613373
13, 2, 21
2, 28840, 8891349, 9151348
1, 28840, 9613373, 9873356
14, 2, 21
2, 27398, 9151348, 9407580
1, 27398, 9873356, 10129165
15, 2, 21
2, 15862, 9407580, 15662159
1, 15862, 10129165, 16384240
16, 2, 21
2, 27398, 15662159, 15919501
1, 27398, 16384240, 16641457
17, 2, 21
2, 27398, 15919501, 16170231
1, 27398, 16641457, 16891655
18, 2, 21
2, 30282, 16170231, 16425814
1, 30282, 16891655, 17147940
19, 2, 21
2, 30282, 16425814, 16685705
1, 30282, 17147940, 17407855
20, 2, 21
2, 28840, 16685705, 16938687
1, 28840, 17407855, 17660620
21, 2, 21
2, 28840, 16938687, 17203718
1, 28840, 17660620, 17925770
22, 2, 21
2, 27398, 17203718, 17461477
1, 27398, 17925770, 18183507
23, 1, 21
2, 54796, 17461477, 17712580
24, 1, 21
1, 28840, 18183507, 18436717
25, 1, 21
3, 40376, 16975326, 17233767
26, 1, 21
2, 69266, 17712580, 17970374
27, 1, 21
1, 30282, 18436717, 18696544
28, 1, 21
3, 38934, 17233767, 17490819
29, 2, 21
2, 67824, 17970374, 18228272
1, 28840, 18696544, 18950173
30, 1, 21
3, 36050, 17490819, 17748374
31, 1, 21
2, 62031, 18228272, 18484458
32, 1, 21
1, 30282, 18950173, 19210617
33, 1, 21
3, 27398, 17748374, 18044691
34, 1, 21
2, 40426, 18484458, 18742150
35, 1, 21
1, 20188, 19210617, 19479406
36, 1, 21
3, 30282, 18044691, 18301238
37, 1, 21
2, 59172, 18742150, 18994933
38, 1, 21
1, 24514, 19479406, 19734753
39, 1, 21
3, 40376, 18301238, 18557285
40, 1, 21
2, 67824, 18994933, 19251877
41, 1, 21
1, 27398, 19734753, 19989114
42, 1, 21
3, 38934, 18557285, 18807606
43, 1, 21
2, 69266, 19251877, 19511010
44, 1, 21
1, 28840, 19989114, 20246940
45, 1, 21
3, 40376, 18807606, 19065125
46, 1, 21
2, 103874, 19511010, 19764426
47, 1, 21
1, 28840, 20246940, 20502785
48, 1, 21
4, 40376, 18415844, 18673871
49, 1, 21
3, 37492, 19065125, 19315472
50, 1, 21
2, 98131, 19764426, 20014459
51, 1, 21
4, 34608, 18673871, 18924152
52, 1, 21
1, 30282, 20502785, 20767482
53, 1, 21
3, 36050, 19315472, 19569141
54, 1, 21
2, 98131, 20014459, 20264922
55, 1, 21
4, 37492, 18924152, 19181060
56, 1, 21
1, 25956, 20767482, 21027748
57, 1, 21
3, 37492, 19569141, 19824329
58, 1, 21
2, 106783, 20264922, 20519695
59, 1, 21
4, 38934, 19181060, 19440389
60, 1, 21
1, 28840, 21027748, 21283361
61, 1, 21
3, 38934, 19824329, 20079116
62, 1, 21
2, 105341, 20519695, 20770794
63, 1, 21
4, 38934, 19440389, 19700637
64, 1, 21
1, 28840, 21283361, 21540483
65, 1, 21
3, 38934, 20079116, 20337810
66, 1, 21
2, 88037, 20770794, 21023434
67, 1, 21
4, 27398, 19700637, 19953955
68, 1, 21
1, 28840, 21540483, 21792629
69, 1, 21
3, 24514, 20337810, 20602239
70, 1, 21
2, 62081, 21023434, 21276485
71, 1, 21
1, 21630, 21792629, 22048086
72, 1, 21
4, 18746, 19953955, 20217621
73, 1, 21
3, 18746, 20602239, 20852414
74, 1, 21
2, 77943, 21276485, 21527762
75, 1, 21
1, 18746, 22048086, 22303443
76, 1, 21
4, 31724, 20217621, 20493002
77, 1, 21
3, 31724, 20852414, 21112073
78, 1, 21
2, 83711, 21527762, 21779782
79, 1, 21
1, 24514, 22303443, 22553477
80, 1, 21
4, 37492, 20493002, 20743228
81, 1, 21
3, 38934, 21112073, 21370263
82, 1, 21
2, 108225, 21779782, 22032958
83, 1, 21
1, 30282, 22553477, 22811454
84, 1, 21
4, 38934, 20743228, 21004418
85, 1, 21
3, 37492, 21370263, 21627543
86, 1, 21
2, 102457, 22032958, 22284850
87, 1, 21
1, 28840, 22811454, 23070673
88, 1, 21
4, 37492, 21004418, 21257591
89, 1, 21
3, 37492, 21627543, 21881567
90, 1, 21
2, 102457, 22284850, 22537222
91, 1, 21
1, 28840, 23070673, 23331814
92, 1, 21
4, 37492, 21257591, 21511358
93, 1, 21
2, 69266, 22537222, 22795090
94, 1, 21
1, 28840, 23331814, 23582950
95, 1, 21
4, 25956, 21511358, 21763277
96, 1, 21
2, 41868, 22795090, 23050239
97, 1, 21
1, 17304, 23582950, 23835840
98, 1, 21
4, 33166, 21763277, 22015704
99, 1, 21
2, 62056, 23050239, 23300915
100, 1, 21
1, 25956, 23835840, 24090071
101, 1, 21
4, 37492, 22015704, 22269920
102, 1, 21
2, 53404, 23300915, 23555811
103, 1, 21
1, 27398, 24090071, 24356760
104, 1, 21
4, 21630, 22269920, 22523370
105, 1, 21
2, 41868, 23555811, 23807303
106, 1, 21
4, 28840, 22523370, 22776455
107, 1, 21
1, 15862, 24356760, 24611906
108, 1, 21
2, 47636, 23807303, 24064294
109, 1, 21
1, 21630, 24611906, 24862553
110, 1, 21
4, 27398, 22776455, 23031191
111, 1, 21
2, 63498, 24064294, 24317870
112, 1, 21
1, 27398, 24862553, 25115741
113, 1, 21
4, 37492, 23031191, 23283343
114, 1, 21
2, 63498, 24317870, 24571897
115, 1, 21
4, 36050, 23283343, 23538137
116, 1, 21
1, 27398, 25115741, 25373141
117, 1, 21
2, 64940, 24571897, 24826164
118, 1, 21
1, 28840, 25373141, 25625964
119, 1, 21
4, 37492, 23538137, 23792545
120, 1, 21
2, 67824, 24826164, 25082276
121, 1, 21
4, 36050, 23792545, 24044131
122, 1, 21
1, 30282, 25625964, 25881428
123, 1, 21
2, 67824, 25082276, 25335824
124, 1, 21
4, 37492, 24044131, 24299180
125, 1, 21
1, 30282, 25881428, 26137035
126, 1, 21
2, 66382, 25335824, 25589277
127, 1, 21
4, 38934, 24299180, 24556849
128, 1, 21
1, 30282, 26137035, 26397211
129, 1, 21
2, 69266, 25589277, 25844160
130, 1, 21
4, 38934, 24556849, 24807576
131, 1, 21
1, 30282, 26397211, 26653043
132, 1, 21
2, 70708, 25844160, 26099143
133, 1, 21
4, 40376, 24807576, 25061749
134, 1, 21
1, 30282, 26653043, 26908557
135, 1, 21
2, 69266, 26099143, 26352366
136, 1, 21
4, 38934, 25061749, 25320288
137, 1, 21
1, 30282, 26908557, 27163526
138, 1, 21
2, 66382, 26352366, 26606817
139, 1, 21
4, 37492, 25320288, 25574755
140, 1, 21
1, 28840, 27163526, 27414653
141, 1, 21
2, 67824, 26606817, 26859335
142, 1, 21
1, 30282, 27414653, 27674329
143, 1, 21
4, 38934, 25574755, 25831377
144, 1, 21
2, 64940, 26859335, 27114327
145, 1, 21
4, 34608, 25831377, 26087411
146, 1, 21
1, 28840, 27674329, 27931267
147, 1, 21
2, 66382, 27114327, 27368568
148, 1, 21
4, 38934, 26087411, 26339882
149, 1, 21
1, 28840, 27931267, 28183148
150, 1, 21
2, 67824, 27368568, 27621212
151, 1, 21
4, 37492, 26339882, 26594679
152, 1, 21
1, 30282, 28183148, 28443946
153, 1, 21
2, 66382, 27621212, 27878927
154, 1, 21
4, 36050, 26594679, 26849501
155, 1, 21
1, 30282, 28443946, 28702660
156, 1, 21
2, 67824, 27878927, 28130288
157, 1, 21
4, 38934, 26849501, 27107893
158, 1, 21
1, 30282, 28702660, 28959246
159, 1, 21
2, 63498, 28130288, 28383838
160, 1, 21
4, 33166, 27107893, 27359780
161, 1, 21
3, 17304, 21881567, 27923170
162, 1, 21
1, 30282, 28959246, 29216486
163, 1, 21
2, 86595, 28383838, 28636675
164, 1, 21
4, 36050, 27359780, 27616374
165, 1, 21
3, 36050, 27923170, 28186550
166, 1, 21
1, 30282, 29216486, 29477952
167, 1, 21
2, 83711, 28636675, 28887821
168, 1, 21
4, 25956, 27616374, 27874884
169, 1, 21
3, 27398, 28186550, 28439158
170, 1, 21
1, 24514, 29477952, 29733707
171, 1, 21
2, 93805, 28887821, 29141205
172, 1, 21
4, 38934, 27874884, 28125514
173, 1, 21
3, 38934, 28439158, 28690416
174, 1, 21
1, 28840, 29733707, 29998195
175, 1, 21
2, 102457, 29141205, 29391208
176, 1, 21
4, 36050, 28125514, 28378696
177, 1, 21
3, 33166, 28690416, 28942766
178, 1, 21
1, 28840, 29998195, 30253270
179, 1, 21
2, 95247, 29391208, 29642393
180, 1, 21
4, 34608, 28378696, 28631090
181, 1, 21
3, 38934, 28942766, 29193378
182, 1, 21
1, 27398, 30253270, 30510017
183, 1, 21
2, 101015, 29642393, 29895433
184, 1, 21
4, 36050, 28631090, 28884576
185, 1, 21
3, 37492, 29193378, 29450251
186, 1, 21
1, 30282, 30510017, 30767705
187, 1, 21
2, 102457, 29895433, 30145897
188, 1, 21
4, 33166, 28884576, 29134835
189, 1, 21
3, 37492, 29450251, 29705940
190, 1, 21
1, 30282, 30767705, 31027514
191, 1, 21
2, 98131, 30145897, 30395917
192, 1, 21
4, 34608, 29134835, 29387303
193, 1, 21
3, 36050, 29705940, 29964614
194, 1, 21
1, 30282, 31027514, 31284202
195, 1, 21
2, 99573, 30395917, 30646663
196, 1, 21
3, 36050, 29964614, 30218307
197, 1, 21
1, 30282, 31284202, 31540239
198, 1, 21
2, 73592, 30646663, 30904450
199, 1, 21
3, 38934, 30218307, 30476895
200, 1, 21
1, 30282, 31540239, 31801533
201, 1, 21
2, 67824, 30904450, 31158819
202, 1, 21
3, 37492, 30476895, 30732411
203, 1, 21
1, 30282, 31801533, 32055847
204, 1, 21
2, 67824, 31158819, 31412761
205, 1, 21
3, 37492, 30732411, 30982539
206, 1, 21
1, 30282, 32055847, 32312113
207, 1, 21
2, 66382, 31412761, 31663313
208, 1, 21
3, 36050, 30982539, 31233370
209, 1, 21
1, 30282, 32312113, 32571400
210, 1, 21
2, 67824, 31663313, 31919755
211, 1, 21
3, 38934, 31233370, 31484344
212, 1, 21
1, 30282, 32571400, 32829636
213, 1, 21
2, 64940, 31919755, 32169839
214, 1, 21
3, 36050, 31484344, 31739572
215, 1, 21
1, 30282, 32829636, 33089299
216, 1, 21
2, 67824, 32169839, 32423845
217, 1, 21
3, 38934, 31739572, 31994381
218, 1, 21
1, 30282, 33089299, 33342435
219, 1, 21
2, 69266, 32423845, 32680246
220, 1, 21
3, 33166, 31994381, 32252077
221, 1, 21
1, 28840, 33342435, 33593714
222, 1, 21
2, 56288, 32680246, 32937945
223, 1, 21
3, 33166, 32252077, 32508890
224, 1, 21
1, 27398, 33593714, 33856623
225, 1, 21
2, 63498, 32937945, 33196243
226, 1, 21
3, 20188, 32508890, 32770639
227, 1, 21
1, 24514, 33856623, 34107041
228, 1, 21
2, 31774, 33196243, 33482248
229, 2, 21
2, 5768, 33482248, 33758342
1, 8652, 34107041, 34479805
230, 2, 21
2, 18746, 33758342, 34018648
1, 18746, 34479805, 34740465
231, 2, 21
2, 14420, 34018648, 34281937
1, 14420, 34740465, 35003685
232, 2, 21
2, 21630, 34281937, 34535611
1, 21630, 35003685, 35257296
233, 2, 21
2, 14420, 34535611, 34789316
1, 14420, 35257296, 35510159
234, 2, 21
2, 18746, 34789316, 35049570
1, 18746, 35510159, 35771400
235, 2, 21
2, 23072, 35049570, 35303110
1, 23072, 35771400, 36024881
236, 1, 21
3, 5768, 32770639, 34867630
237, 1, 21
2, 69241, 35303110, 35556365
238, 1, 21
1, 30282, 36024881, 36282062
239, 1, 21
3, 83636, 34867630, 35121059
240, 1, 21
2, 118294, 35556365, 35808859
241, 1, 21
1, 28840, 36282062, 36540479
242, 1, 21
3, 80752, 35121059, 35424957
243, 1, 21
2, 89454, 35808859, 36065027
244, 1, 21
1, 30282, 36540479, 36865779
245, 1, 21
3, 67774, 35424957, 35677927
246, 1, 21
2, 72150, 36065027, 36316049
247, 1, 21
1, 24514, 36865779, 37117163
248, 1, 21
3, 31724, 35677927, 35935351
249, 1, 21
2, 51962, 36316049, 36567567
250, 1, 21
1, 14420, 37117163, 37388497
251, 1, 21
3, 77868, 35935351, 36185578
252, 1, 21
2, 111084, 36567567, 36817729
253, 1, 21
1, 27398, 37388497, 37641179
254, 1, 21
3, 90846, 36185578, 36438634
255, 1, 21
2, 115410, 36817729, 37069504
256, 1, 21
1, 28840, 37641179, 37894531
257, 1, 21
3, 86520, 36438634, 36692752
258, 1, 21
2, 116852, 37069504, 37329235
259, 1, 21
1, 28840, 37894531, 38150005
260, 1, 21
3, 80752, 36692752, 36943298
261, 1, 21
2, 111084, 37329235, 37580342
262, 1, 21
1, 28840, 38150005, 38411929
263, 1, 21
3, 74984, 36943298, 37195860
264, 1, 21
2, 102432, 37580342, 37831984
265, 1, 21
1, 27398, 38411929, 38663647
266, 1, 21
3, 70658, 37195860, 37445864
267, 1, 21
2, 95222, 37831984, 38082174
268, 1, 21
1, 27398, 38663647, 38921436
269, 1, 21
3, 79310, 37445864, 37699788
270, 1, 21
2, 105316, 38082174, 38333577
271, 1, 21
1, 30282, 38921436, 39180156
272, 1, 21
2, 66357, 38333577, 38595582
273, 1, 21
1, 28840, 39180156, 39434110
274, 1, 21
2, 25981, 38595582, 38852086
275, 1, 21
1, 24514, 39434110, 39685401
276, 1, 21
2, 25981, 38852086, 39123687
277, 1, 21
1, 24514, 39685401, 39949939
278, 1, 21
2, 24539, 39123687, 39381762
279, 1, 21
1, 23072, 39949939, 40207584
280, 1, 21
2, 21655, 39381762, 39640405
281, 1, 21
1, 23072, 40207584, 40459347
282, 1, 21
2, 28865, 39640405, 39896962
283, 1, 21
1, 30282, 40459347, 40718805
284, 1, 21
2, 30307, 39896962, 40156973
285, 1, 21
1, 30282, 40718805, 40975706
286, 1, 21
2, 30307, 40156973, 40415801
287, 1, 21
1, 28840, 40975706, 41226938
288, 2, 21
2, 25981, 40415801, 40667227
3, 57680, 37699788, 40101325
289, 1, 21
1, 23072, 41226938, 41488909
290, 1, 21
2, 96639, 40667227, 40927240
291, 1, 21
3, 77868, 40101325, 40417604
292, 1, 21
1, 21630, 41488909, 41744132
293, 1, 21
2, 76476, 40927240, 41177950
294, 1, 21
3, 73542, 40417604, 40671206
295, 1, 21
1, 21630, 41744132, 42002559
296, 1, 21
2, 106758, 41177950, 41428367
297, 1, 21
3, 79310, 40671206, 40921719
298, 1, 21
1, 30282, 42002559, 42260147
299, 1, 21
2, 109642, 41428367, 41681620
300, 1, 21
3, 79310, 40921719, 41172664
301, 1, 21
1, 30282, 42260147, 42521983
302, 1, 21
2, 109642, 41681620, 41933716
303, 1, 21
3, 77868, 41172664, 41422760
304, 1, 21
1, 30282, 42521983, 42780975
305, 1, 21
2, 111084, 41933716, 42186665
306, 1, 21
3, 77868, 41422760, 41687297
307, 1, 21
1, 30282, 42780975, 43041461
308, 1, 21
2, 77918, 42186665, 42440674
309, 1, 21
3, 59122, 41687297, 41937888
310, 1, 21
1, 24514, 43041461, 43303586
311, 1, 21
2, 111084, 42440674, 42692338
312, 1, 21
3, 80752, 41937888, 42192746
313, 1, 21
1, 30282, 43303586, 43566810
314, 1, 21
2, 106758, 42692338, 42942684
315, 1, 21
3, 83636, 42192746, 42443737
316, 1, 21
1, 30282, 43566810, 43825469
317, 1, 21
2, 112526, 42942684, 43194724
318, 1, 21
3, 82194, 42443737, 42694797
319, 1, 21
1, 28840, 43825469, 44083285
320, 1, 21
2, 105316, 43194724, 43449019
321, 1, 21
3, 72100, 42694797, 42958866
322, 1, 21
1, 27398, 44083285, 44335523
323, 1, 21
2, 103874, 43449019, 43700680
324, 1, 21
1, 27398, 44335523, 44600152
325, 1, 21
2, 40401, 43700680, 43962495
326, 1, 21
1, 23072, 44600152, 44862872
327, 1, 21
2, 20213, 43962495, 44214985
328, 1, 21
1, 25956, 44862872, 45121772
329, 1, 21
2, 27423, 44214985, 44466312
330, 1, 21
1, 23072, 45121772, 45372346
331, 1, 21
2, 24539, 44466312, 44793404
332, 1, 21
1, 20188, 45372346, 45633689
333, 1, 21
2, 20213, 44793404, 45044468
334, 1, 21
1, 20188, 45633689, 45886639
335, 1, 21
2, 23097, 45044468, 45316331
336, 1, 21
1, 15862, 45886639, 46138354
337, 1, 21
2, 17329, 45316331, 45575801
338, 1, 21
1, 21630, 46138354, 46399161
339, 1, 21
2, 18771, 45575801, 45831710
340, 1, 21
1, 21630, 46399161, 46657528
341, 1, 21
2, 28865, 45831710, 46088270
342, 1, 21
1, 28840, 46657528, 46908280
343, 1, 21
2, 28865, 46088270, 46338702
344, 1, 21
1, 28840, 46908280, 47170061
345, 1, 21
2, 28865, 46338702, 46595587
346, 1, 21
1, 30282, 47170061, 47427908
347, 1, 21
2, 30307, 46595587, 46855654
348, 1, 21
1, 30282, 47427908, 47687372
349, 1, 21
2, 30307, 46855654, 47115055
350, 1, 21
1, 28840, 47687372, 47938869
351, 1, 21
2, 30307, 47115055, 47374002
352, 1, 21
1, 30282, 47938869, 48192478
353, 1, 21
2, 30307, 47374002, 47628304
354, 1, 21
1, 30282, 48192478, 48444858
355, 1, 21
2, 30307, 47628304, 47887115
356, 1, 21
1, 27398, 48444858, 48699770
357, 1, 21
2, 24539, 47887115, 48146131
358, 1, 21
1, 23072, 48699770, 48962983
359, 1, 21
2, 23097, 48146131, 48401986
360, 1, 21
1, 23072, 48962983, 49213525
361, 1, 21
2, 18771, 48401986, 48680485
362, 1, 21
1, 15862, 49213525, 49476159
363, 1, 21
2, 24539, 48680485, 48936825
364, 1, 21
1, 27398, 49476159, 49734258
365, 1, 21
2, 24539, 48936825, 49201200
366, 1, 21
1, 24514, 49734258, 50005475
367, 1, 21
2, 21655, 49201200, 49472896
368, 1, 21
1, 20188, 50005475, 50303634
369, 1, 21
2, 15887, 49472896, 49726536
370, 1, 21
1, 18746, 50303634, 50584735
371, 1, 21
2, 21655, 49726536, 49985854
372, 1, 21
1, 25956, 50584735, 50837323
373, 1, 21
2, 23097, 49985854, 50268700
374, 1, 21
1, 17304, 50837323, 51097682
375, 1, 21
2, 23097, 50268700, 50528690
376, 1, 21
1, 21630, 51097682, 51348458
377, 1, 21
2, 24539, 50528690, 50787466
378, 1, 21
1, 30282, 51348458, 51608069
379, 1, 21
2, 30307, 50787466, 51047929
380, 1, 21
1, 30282, 51608069, 51866810
381, 1, 21
2, 30307, 51047929, 51303389
382, 1, 21
1, 30282, 51866810, 52122681
383, 1, 21
2, 30307, 51303389, 51557611
384, 1, 21
1, 30282, 52122681, 52380148
385, 1, 21
2, 30307, 51557611, 51816523
386, 1, 21
1, 30282, 52380148, 52637619
387, 1, 21
2, 30307, 51816523, 52075113
388, 1, 21
1, 30282, 52637619, 52898307
389, 1, 21
2, 30307, 52075113, 52333933
390, 1, 21
1, 30282, 52898307, 53154182
391, 1, 21
2, 30307, 52333933, 52590322
392, 1, 21
1, 30282, 53154182, 53408833
393, 1, 21
2, 30307, 52590322, 52845053
394, 1, 21
1, 28840, 53408833, 53658947
395, 1, 21
2, 28865, 52845053, 53098929
396, 1, 21
1, 30282, 53658947, 53920151
397, 1, 21
2, 30307, 53098929, 53358354
398, 1, 21
1, 30282, 53920151, 54177460
399, 1, 21
3, 74984, 42958866, 52919793
400, 1, 21
2, 73592, 53358354, 53612748
401, 1, 21
1, 28840, 54177460, 54430988
402, 1, 21
3, 85078, 52919793, 53172534
403, 1, 21
2, 111084, 53612748, 53863256
404, 1, 21
1, 30282, 54430988, 54691167
405, 1, 21
3, 82194, 53172534, 53427100
406, 1, 21
2, 109642, 53863256, 54115273
407, 1, 21
1, 30282, 54691167, 54947750
408, 1, 21
3, 85078, 53427100, 53680411
409, 1, 21
2, 121178, 54115273, 54367243
410, 1, 21
1, 30282, 54947750, 55205848
411, 1, 21
3, 92288, 53680411, 53931107
412, 1, 21
2, 122620, 54367243, 54617329
413, 1, 21
1, 30282, 55205848, 55462458
414, 1, 21
3, 92288, 53931107, 54181272
415, 1, 21
2, 119736, 54617329, 54869553
416, 1, 21
1, 30282, 55462458, 55720037
417, 1, 21
3, 92288, 54181272, 54433496
418, 1, 21
2, 116852, 54869553, 55119985
419, 1, 21
1, 30282, 55720037, 55972944
420, 1, 21
3, 82194, 54433496, 54686752
421, 1, 21
2, 118294, 55119985, 55371436
422, 1, 21
3, 90846, 54686752, 54939594
423, 1, 21
1, 30282, 55972944, 56231070
424, 1, 21
2, 113968, 55371436, 55621895
425, 1, 21
3, 85078, 54939594, 55192573
426, 1, 21
1, 28840, 56231070, 56489047
427, 1, 21
2, 115410, 55621895, 55873593
428, 1, 21
3, 89404, 55192573, 55444944
429, 1, 21
1, 28840, 56489047, 56748690
430, 1, 21
2, 116852, 55873593, 56124365
431, 1, 21
3, 87962, 55444944, 55697111
432, 1, 21
1, 30282, 56748690, 57002470
433, 1, 21
2, 115410, 56124365, 56377770
434, 1, 21
3, 86520, 55697111, 55948027
435, 1, 21
1, 30282, 57002470, 57258869
436, 1, 21
2, 113968, 56377770, 56628712
437, 1, 21
3, 83636, 55948027, 56198089
438, 1, 21
1, 28840, 57258869, 57515601
439, 1, 21
2, 115410, 56628712, 56880845
440, 1, 21
3, 86520, 56198089, 56448519
441, 1, 21
1, 28840, 57515601, 57766259
442, 1, 21
2, 118294, 56880845, 57131068
443, 1, 21
3, 83636, 56448519, 56701016
444, 1, 21
1, 30282, 57766259, 58021211
445, 1, 21
2, 109642, 57131068, 57384198
446, 1, 21
3, 83636, 56701016, 56952338
447, 1, 21
1, 30282, 58021211, 58280574
448, 1, 21
2, 113968, 57384198, 57634604
449, 1, 21
3, 77868, 56952338, 57205251
450, 1, 21
1, 28840, 58280574, 58536691
451, 1, 21
2, 108200, 57634604, 57885220
452, 1, 21
3, 87962, 57205251, 57458969
453, 1, 21
1, 30282, 58536691, 58792261
454, 1, 21
2, 116852, 57885220, 58136219
455, 1, 21
3, 89404, 57458969, 57711072
456, 1, 21
1, 30282, 58792261, 59047790
457, 1, 21
2, 118294, 58136219, 58389615
458, 1, 21
1, 28840, 59047790, 59297897
459, 1, 21
2, 75009, 58389615, 58649393
460, 1, 21
1, 28840, 59297897, 59561239
461, 1, 21
2, 27423, 58649393, 58906778
462, 1, 21
1, 28840, 59561239, 59819249
463, 1, 21
2, 28865, 58906778, 59164870
464, 1, 21
1, 28840, 59819249, 60082463
465, 1, 21
2, 28865, 59164870, 59424899
466, 1, 21
1, 27398, 60082463, 60339505
467, 1, 21
2, 27423, 59424899, 59680772
468, 1, 21
1, 28840, 60339505, 60596578
469, 1, 21
2, 28865, 59680772, 59936123
470, 1, 21
1, 28840, 60596578, 60853006
471, 1, 21
2, 28865, 59936123, 60196479
472, 1, 21
1, 28840, 60853006, 61113747
473, 1, 21
2, 28865, 60196479, 60455388
474, 1, 21
1, 28840, 61113747, 61366111
475, 1, 21
2, 28865, 60455388, 60708074
476, 1, 21
1, 28840, 61366111, 61620553
477, 1, 21
2, 28865, 60708074, 60962511
478, 1, 21
1, 30282, 61620553, 61881596
479, 1, 21
2, 30307, 60962511, 61219779
480, 1, 21
1, 28840, 61881596, 62135481
481, 1, 21
2, 28865, 61219779, 61473639
482, 1, 21
1, 30282, 62135481, 62394207
483, 1, 21
2, 30307, 61473639, 61732437
484, 1, 21
1, 28840, 62394207, 62646259
485, 1, 21
2, 28865, 61732437, 61985239
486, 1, 21
1, 28840, 62646259, 62902549
487, 1, 21
2, 28865, 61985239, 62249263
488, 1, 21
1, 25956, 62902549, 63154286
489, 1, 21
2, 27423, 62249263, 62513478
490, 1, 21
1, 27398, 63154286, 63415656
491, 1, 21
2, 27423, 62513478, 62767207
492, 1, 21
1, 27398, 63415656, 63672973
493, 1, 21
2, 25981, 62767207, 63021717
494, 1, 21
1, 25956, 63672973, 63924405
495, 1, 21
2, 27423, 63021717, 63281075
496, 1, 21
1, 27398, 63924405, 64181011
497, 1, 21
2, 27423, 63281075, 63538722
498, 1, 21
1, 27398, 64181011, 64437261
499, 1, 21
2, 27423, 63538722, 63794896
500, 1, 21
1, 28840, 64437261, 64697868
501, 1, 21
2, 27423, 63794896, 64047339
502, 1, 21
1, 27398, 64697868, 64951157
503, 1, 21
2, 28865, 64047339, 64307260
504, 1, 21
1, 27398, 64951157, 65205770
505, 1, 21
2, 27423, 64307260, 64564055
506, 1, 21
1, 28840, 65205770, 65459479
507, 1, 21
2, 30307, 64564055, 64821458
508, 1, 21
1, 28840, 65459479, 65718908
509, 1, 21
2, 27423, 64821458, 65072455
510, 1, 21
1, 28840, 65718908, 65978386
511, 1, 21
2, 28865, 65072455, 65331476
512, 1, 21
1, 28840, 65978386, 66235018
513, 1, 21
2, 28865, 65331476, 65593644
514, 1, 21
1, 27398, 66235018, 66488142
515, 1, 21
2, 27423, 65593644, 65846439
