0, 2, 21
2, 102382, 5546209, 6557050
1, 102382, 6103281, 7113276
1, 2, 21
2, 111034, 6557050, 7561548
1, 111034, 7113276, 8117666
2, 2, 21
2, 112476, 7561548, 8574682
1, 112476, 8117666, 9130784
3, 2, 21
2, 109592, 8574682, 15675765
1, 109592, 9130784, 16231639
4, 2, 21
2, 113918, 15675765, 16685400
1, 113918, 16231639, 17241613
5, 1, 21
2, 137015, 16685400, 17689378
6, 1, 21
1, 111034, 17241613, 18245316
7, 1, 21
3, 142758, 16966873, 18035288
8, 1, 21
2, 237955, 17689378, 18694344
9, 1, 21
1, 112476, 18245316, 19271597
10, 1, 21
3, 148526, 18035288, 19044258
11, 1, 21
2, 275472, 18694344, 19695136
12, 1, 21
1, 99498, 19271597, 20272111
13, 1, 21
4, 152852, 18412778, 19415952
14, 1, 21
3, 149968, 19044258, 20053912
15, 1, 21
2, 409603, 19695136, 20695538
16, 1, 21
1, 111034, 20272111, 21277314
17, 1, 21
4, 113918, 19415952, 20423462
18, 1, 21
3, 109592, 20053912, 21056124
19, 1, 21
2, 311547, 20695538, 21696639
20, 1, 21
1, 98056, 21277314, 22287139
21, 1, 21
4, 139874, 20423462, 21425974
22, 1, 21
2, 376412, 21696639, 22698662
23, 1, 21
1, 132664, 22287139, 23548885
24, 1, 21
4, 125454, 21425974, 22474673
25, 1, 21
2, 207698, 22698662, 23702026
26, 1, 21
1, 131222, 23548885, 25112716
27, 1, 21
4, 126896, 22474673, 23476512
28, 1, 21
2, 279798, 23702026, 24953742
29, 1, 21
4, 147084, 23476512, 24476515
30, 1, 21
1, 129780, 25112716, 26328184
31, 1, 21
2, 259610, 24953742, 25960654
32, 1, 21
4, 154294, 24476515, 25482537
33, 1, 21
1, 145642, 26328184, 27581298
34, 1, 21
2, 333152, 25960654, 27214033
35, 1, 21
4, 147084, 25482537, 26485569
36, 1, 21
3, 136990, 21056124, 27904046
37, 1, 21
1, 170156, 27581298, 29145819
38, 1, 21
4, 145642, 26485569, 27493268
39, 1, 21
2, 416838, 27214033, 28723366
40, 1, 21
3, 122570, 27904046, 28909078
41, 1, 21
2, 364851, 28723366, 29731059
42, 1, 21
4, 171598, 27493268, 28754453
43, 1, 21
3, 132664, 28909078, 29912374
44, 1, 21
2, 445628, 29731059, 30985541
45, 1, 21
3, 142758, 29912374, 30920400
46, 1, 21
1, 347522, 29145819, 32198631
47, 1, 21
2, 263936, 30985541, 31986318
48, 1, 21
3, 145642, 30920400, 31923494
49, 1, 21
2, 321591, 31986318, 33243954
50, 1, 21
3, 128338, 31923494, 32979836
51, 1, 21
1, 239372, 32198631, 34399880
52, 1, 21
2, 99548, 33243954, 34259689
53, 1, 21
1, 56238, 34399880, 35402913
54, 1, 21
2, 70683, 34259689, 35271232
55, 1, 21
3, 5768, 32979836, 35076970
56, 1, 21
1, 83636, 35402913, 36406767
57, 1, 21
2, 287008, 35271232, 36273981
58, 1, 21
3, 246582, 35076970, 36079507
59, 1, 21
1, 96614, 36406767, 37423390
60, 1, 21
2, 346130, 36273981, 37277265
61, 1, 21
3, 323008, 36079507, 37083375
62, 1, 21
1, 132664, 37423390, 38683608
63, 1, 21
2, 423998, 37277265, 38278931
64, 1, 21
3, 302820, 37083375, 38085528
65, 1, 21
2, 235071, 38278931, 39296442
66, 1, 21
1, 162946, 38683608, 40246363
67, 1, 21
2, 96639, 39296442, 40300570
68, 1, 21
1, 106708, 40246363, 41258437
69, 1, 21
3, 10094, 38085528, 40333850
70, 1, 21
2, 302870, 40300570, 41554812
71, 1, 21
1, 92288, 41258437, 42268493
72, 1, 21
3, 294168, 40333850, 41337021
73, 1, 21
2, 425440, 41554812, 42556627
74, 1, 21
1, 115360, 42268493, 43268570
75, 1, 21
3, 383572, 41337021, 42588850
76, 1, 21
2, 425440, 42556627, 43556924
77, 1, 21
1, 106708, 43268570, 44281238
78, 1, 21
2, 235071, 43556924, 44818164
79, 1, 21
1, 122570, 44281238, 45521541
80, 1, 21
2, 77893, 44818164, 45819770
81, 1, 21
1, 76426, 45521541, 46522246
82, 1, 21
2, 96639, 45819770, 46823666
83, 1, 21
1, 102382, 46522246, 47528525
84, 1, 21
1, 118244, 47528525, 48539801
85, 1, 21
2, 181742, 46823666, 48396021
86, 1, 21
1, 98056, 48539801, 49545250
87, 1, 21
1, 82194, 49545250, 50545885
88, 1, 21
2, 201930, 48396021, 50837786
89, 1, 21
1, 108150, 50545885, 51803840
90, 1, 21
2, 119711, 50837786, 51920147
91, 1, 21
1, 118244, 51803840, 52805109
92, 1, 21
2, 148551, 51920147, 53178165
93, 1, 21
1, 147084, 52805109, 54061921
94, 1, 21
3, 240814, 42588850, 53098272
95, 1, 21
2, 287008, 53178165, 54178833
96, 1, 21
3, 341754, 53098272, 54099248
97, 1, 21
2, 481653, 54178833, 55184499
98, 1, 21
1, 230720, 54061921, 56020225
99, 1, 21
3, 441252, 54099248, 55352464
100, 1, 21
2, 579734, 55184499, 56437379
101, 1, 21
3, 534982, 55352464, 56918566
102, 1, 21
2, 674881, 56437379, 57935376
103, 1, 21
2, 385014, 57935376, 58944902
104, 1, 21
2, 109592, 58944902, 59950024
105, 1, 21
1, 532098, 56020225, 60608273
106, 1, 21
2, 141341, 59950024, 61203838
107, 1, 21
1, 141316, 60608273, 61864508
108, 1, 21
2, 177391, 61203838, 62776973
109, 1, 21
1, 175924, 61864508, 63429865
110, 1, 21
2, 331685, 62776973, 65834879
111, 1, 21
1, 331660, 63429865, 66484137
