0, 2, 21
2, 72100, 5659143, 6408465
1, 72104, 6230152, 6979326
1, 2, 21
2, 144200, 6408465, 7701199
1, 144204, 6979326, 8272269
2, 2, 21
2, 144200, 7701199, 8988081
1, 144204, 8272269, 9559152
3, 2, 21
2, 217742, 8988081, 17051116
1, 217746, 9559152, 17621487
4, 2, 21
2, 82194, 17051116, 17708839
1, 72104, 17621487, 18279085
5, 2, 21
2, 82194, 17708839, 18019752
1, 36054, 18279085, 18590059
6, 2, 21
2, 43260, 18019752, 18181549
1, 18750, 18590059, 18751617
7, 2, 21
2, 23072, 18181549, 18269607
1, 10098, 18751617, 18840152
8, 2, 21
2, 330218, 18269607, 19682164
1, 144204, 18840152, 20252013
9, 2, 21
2, 255234, 19682164, 20356214
1, 72104, 20252013, 20926746
10, 2, 21
2, 129780, 20356214, 20680469
1, 36054, 20926746, 21250660
11, 2, 21
2, 64890, 20680469, 20849032
1, 18750, 21250660, 21419611
12, 2, 21
2, 501816, 20849032, 22358186
1, 144204, 21419611, 22927688
13, 2, 21
2, 239372, 22358186, 23012398
1, 72104, 22927688, 23583090
14, 2, 21
2, 86520, 23012398, 23458965
1, 36054, 23583090, 24029704
15, 2, 21
2, 43260, 23458965, 23633292
1, 18750, 24029704, 24202185
16, 2, 21
2, 20188, 23633292, 23727555
1, 10098, 24202185, 24298040
17, 2, 21
2, 323008, 23727555, 25278327
1, 144204, 24298040, 25848177
18, 2, 21
2, 323008, 25278327, 26508739
1, 144204, 25848177, 27079246
19, 2, 21
2, 164388, 26508739, 27150833
1, 72104, 27079246, 27719743
20, 2, 21
2, 331660, 27150833, 28432018
1, 144204, 27719743, 29002598
21, 2, 21
2, 444136, 28432018, 29743118
1, 144204, 29002598, 30313610
22, 2, 21
2, 255234, 29743118, 30387330
1, 72104, 30313610, 30957952
23, 2, 21
2, 124012, 30387330, 30696470
1, 36054, 30957952, 31267125
24, 2, 21
2, 377804, 30696470, 31972387
1, 144204, 31267125, 32541318
25, 2, 21
2, 164388, 31972387, 32597950
1, 72104, 32541318, 33167788
26, 2, 21
2, 80752, 32597950, 32908748
1, 36054, 33167788, 33475730
27, 2, 21
2, 248024, 32908748, 34800490
1, 144204, 33475730, 35370185
28, 2, 21
2, 72100, 34800490, 35782683
1, 72104, 35370185, 36352817
29, 2, 21
2, 111034, 35782683, 36117138
1, 36054, 36352817, 36686051
30, 2, 21
2, 79310, 36117138, 36293734
1, 18750, 36686051, 36862844
31, 2, 21
2, 36050, 36293734, 36380579
1, 10098, 36862844, 36950422
32, 2, 21
2, 8652, 36380579, 36428655
1, 5772, 36950422, 36998958
33, 2, 21
2, 547960, 36428655, 37981019
1, 144204, 36998958, 38551101
34, 2, 21
2, 263886, 37981019, 38658930
1, 72104, 38551101, 39229218
35, 2, 21
2, 144200, 38658930, 39016832
1, 36054, 39229218, 39586695
36, 2, 21
2, 158620, 39016832, 40566028
1, 144204, 39586695, 41135860
37, 2, 21
2, 72100, 40566028, 41192104
1, 72104, 41135860, 41761721
38, 2, 21
2, 536424, 41192104, 42636736
1, 144204, 41761721, 43206832
39, 2, 21
2, 256676, 42636736, 43307515
1, 72104, 43206832, 43877628
40, 2, 21
2, 135548, 43307515, 43624242
1, 36054, 43877628, 44192796
41, 2, 21
2, 72100, 43624242, 43785475
1, 18750, 44192796, 44356209
42, 2, 21
2, 330218, 43785475, 45215432
1, 144204, 44356209, 45786251
43, 2, 21
2, 72100, 45215432, 46169698
1, 72104, 45786251, 46740360
44, 2, 21
2, 36050, 46169698, 46622900
1, 36054, 46740360, 47192792
45, 2, 21
2, 144200, 46622900, 47884341
1, 144204, 47192792, 48453819
46, 2, 21
2, 72100, 47884341, 48492719
1, 72104, 48453819, 49057995
47, 2, 21
2, 144200, 48492719, 50079045
1, 144204, 49057995, 50647721
48, 2, 21
2, 144200, 50079045, 51744231
1, 144204, 50647721, 52315014
49, 2, 21
2, 144200, 51744231, 52991989
1, 144204, 52315014, 53562683
50, 2, 21
2, 72100, 52991989, 53605929
1, 72104, 53562683, 54175923
51, 2, 21
2, 372036, 53605929, 54851281
1, 144204, 54175923, 55421687
52, 2, 21
2, 295610, 54851281, 55456611
1, 72104, 55421687, 56026398
53, 2, 21
2, 145642, 55456611, 55765912
1, 36054, 56026398, 56333283
54, 2, 21
2, 568148, 55765912, 56999597
1, 144204, 56333283, 57569708
55, 2, 21
2, 549402, 56999597, 58210838
1, 144204, 57569708, 58781788
56, 2, 21
2, 483070, 58210838, 59436288
1, 144204, 58781788, 60007236
57, 2, 21
2, 144200, 59436288, 60749293
1, 144204, 60007236, 61318517
58, 2, 21
2, 72100, 60749293, 61413984
1, 72104, 61318517, 61984437
59, 2, 21
2, 144200, 61413984, 62678011
1, 144204, 61984437, 63248963
60, 2, 21
2, 144200, 62678011, 64042836
1, 144204, 63248963, 64613706
61, 2, 21
2, 144200, 64042836, 65400329
1, 144204, 64613706, 65971370
