0, 2, 21
2, 100940, 5558289, 6560359
1, 100940, 6123103, 7124816
1, 2, 21
2, 111034, 6560359, 7564841
1, 111034, 7124816, 8129341
2, 2, 21
2, 111034, 7564841, 8567787
1, 111034, 8129341, 9132084
3, 2, 21
2, 112476, 8567787, 15697161
1, 112476, 9132084, 16261735
4, 2, 21
2, 113918, 15697161, 16706967
1, 113918, 16261735, 17271349
5, 1, 21
2, 131222, 16706967, 17708167
6, 1, 21
1, 112476, 17271349, 18280879
7, 1, 21
3, 141316, 17020235, 18030842
8, 1, 21
2, 240864, 17708167, 18717133
9, 1, 21
1, 112476, 18280879, 19342621
10, 1, 21
3, 138432, 18030842, 19036737
11, 1, 21
2, 274030, 18717133, 19719125
12, 1, 21
1, 106708, 19342621, 20345502
13, 1, 21
4, 154294, 18452941, 19459868
14, 1, 21
3, 149968, 19036737, 20045176
15, 1, 21
2, 411045, 19719125, 20721333
16, 1, 21
1, 109592, 20345502, 21345521
17, 1, 21
3, 118244, 20045176, 21053227
18, 1, 21
4, 113918, 19459868, 20496833
19, 1, 21
2, 315873, 20721333, 21723423
20, 1, 21
1, 93730, 21345521, 22365378
21, 1, 21
4, 149968, 20496833, 21497961
22, 1, 21
2, 387948, 21723423, 22725114
23, 1, 21
1, 115360, 22365378, 23376295
24, 1, 21
4, 118244, 21497961, 22506825
25, 1, 21
2, 201930, 22725114, 23726382
26, 1, 21
1, 86520, 23376295, 24379082
27, 1, 21
4, 128338, 22506825, 23512667
28, 1, 21
2, 229328, 23726382, 24728055
29, 1, 21
1, 100940, 24379082, 25382317
30, 1, 21
4, 147084, 23512667, 24514741
31, 1, 21
2, 265378, 24728055, 25728231
32, 1, 21
1, 118244, 25382317, 26391483
33, 1, 21
4, 154294, 24514741, 25522294
34, 1, 21
2, 269704, 25728231, 26728567
35, 1, 21
1, 118244, 26391483, 27397745
36, 1, 21
4, 147084, 25522294, 26523079
37, 1, 21
2, 263936, 26728567, 27736838
38, 1, 21
1, 115360, 27397745, 28397822
39, 1, 21
3, 139874, 21053227, 27971223
40, 1, 21
4, 144200, 26523079, 27526306
41, 1, 21
2, 292801, 27736838, 28740763
42, 1, 21
1, 118244, 28397822, 29403457
43, 1, 21
3, 134106, 27971223, 28981338
44, 1, 21
4, 134106, 27526306, 28527418
45, 1, 21
2, 376437, 28740763, 29743179
46, 1, 21
1, 105266, 29403457, 30407767
47, 1, 21
3, 147084, 28981338, 29982015
48, 1, 21
2, 390832, 29743179, 30749228
49, 1, 21
1, 118244, 30407767, 31411231
50, 1, 21
3, 149968, 29982015, 30988831
51, 1, 21
2, 268262, 30749228, 31754342
52, 1, 21
1, 119686, 31411231, 32422942
53, 1, 21
3, 148526, 30988831, 31991230
54, 1, 21
2, 265378, 31754342, 32757775
55, 1, 21
1, 118244, 32422942, 33427788
56, 1, 21
2, 144225, 32757775, 33776797
57, 1, 21
1, 72100, 33427788, 34442429
58, 1, 21
2, 66357, 33776797, 34780527
59, 1, 21
1, 66332, 34442429, 35442732
60, 1, 21
3, 98056, 31991230, 34900436
61, 1, 21
2, 207698, 34780527, 35782009
62, 1, 21
1, 100940, 35442732, 36444663
63, 1, 21
3, 250908, 34900436, 35903242
64, 1, 21
2, 321616, 35782009, 36783465
65, 1, 21
1, 87962, 36444663, 37450068
66, 1, 21
3, 325892, 35903242, 36903945
67, 1, 21
2, 445628, 36783465, 37784411
68, 1, 21
1, 113918, 37450068, 38455467
69, 1, 21
3, 302820, 36903945, 37906299
70, 1, 21
2, 317290, 37784411, 38798900
71, 1, 21
1, 109592, 38455467, 39456472
72, 1, 21
2, 96639, 38798900, 39805722
73, 1, 21
1, 96614, 39456472, 40460705
74, 1, 21
3, 2884, 37906299, 40131682
75, 1, 21
2, 141366, 39805722, 40806530
76, 1, 21
1, 102382, 40460705, 41463804
77, 1, 21
3, 292726, 40131682, 41133681
78, 1, 21
2, 400926, 40806530, 41809211
79, 1, 21
1, 108150, 41463804, 42472699
80, 1, 21
3, 301378, 41133681, 42133777
81, 1, 21
2, 411020, 41809211, 42811190
82, 1, 21
1, 111034, 42472699, 43478159
83, 1, 21
3, 315798, 42133777, 43135670
84, 1, 21
2, 395158, 42811190, 43819192
85, 1, 21
1, 109592, 43478159, 44482460
86, 1, 21
2, 89429, 43819192, 44831022
87, 1, 21
1, 87962, 44482460, 45500107
88, 1, 21
2, 77893, 44831022, 45840728
89, 1, 21
1, 80752, 45500107, 46512500
90, 1, 21
2, 115385, 45840728, 46849308
91, 1, 21
1, 116802, 46512500, 47523971
92, 1, 21
2, 118269, 46849308, 47854444
93, 1, 21
1, 116802, 47523971, 48552125
94, 1, 21
2, 87987, 47854444, 48865706
95, 1, 21
1, 89404, 48552125, 49569773
96, 1, 21
2, 79335, 48865706, 49866268
97, 1, 21
1, 80752, 49569773, 50570833
98, 1, 21
2, 93755, 49866268, 50871686
99, 1, 21
1, 95172, 50570833, 51572617
100, 1, 21
2, 119711, 50871686, 51882181
101, 1, 21
1, 119686, 51572617, 52581352
102, 1, 21
2, 118269, 51882181, 52889162
103, 1, 21
1, 118244, 52581352, 53591326
104, 1, 21
3, 8652, 43135670, 52909513
105, 1, 21
2, 258168, 52889162, 53891220
106, 1, 21
1, 118244, 53591326, 54602409
107, 1, 21
3, 341754, 52909513, 53911417
108, 1, 21
2, 475910, 53891220, 54891990
109, 1, 21
1, 119686, 54602409, 55609213
110, 1, 21
3, 356174, 53911417, 54913122
111, 1, 21
2, 461490, 54891990, 55893742
112, 1, 21
1, 116802, 55609213, 56615597
113, 1, 21
3, 347522, 54913122, 55915598
114, 1, 21
2, 464374, 55893742, 56896687
115, 1, 21
1, 119686, 56615597, 57619373
116, 1, 21
3, 337428, 55915598, 56918962
117, 1, 21
2, 451396, 56896687, 57898712
118, 1, 21
1, 118244, 57619373, 58620520
119, 1, 21
3, 340312, 56918962, 57920285
120, 1, 21
2, 324500, 57898712, 58910550
121, 1, 21
1, 113918, 58620520, 59621504
122, 1, 21
2, 111059, 58910550, 59914613
123, 1, 21
1, 111034, 59621504, 60625308
124, 1, 21
2, 113943, 59914613, 60928722
125, 1, 21
1, 115360, 60625308, 61636474
126, 1, 21
2, 115385, 60928722, 61933513
127, 1, 21
1, 115360, 61636474, 62649990
128, 1, 21
2, 106733, 61933513, 62936981
129, 1, 21
1, 105266, 62649990, 63656366
130, 1, 21
2, 106733, 62936981, 63942044
131, 1, 21
1, 108150, 63656366, 64659579
132, 1, 21
2, 112501, 63942044, 64952786
133, 1, 21
1, 111034, 64659579, 65661068
