0, 2, 21
2, 102382, 4659643, 5669657
1, 102382, 5273883, 6283292
1, 1, 21
1, 111034, 6283292, 7283658
2, 1, 21
2, 112501, 5669657, 6680842
3, 2, 21
2, 111034, 6680842, 7682029
1, 112476, 7283658, 8296214
4, 2, 21
2, 109592, 7682029, 14783481
1, 109592, 8296214, 15397116
5, 2, 21
2, 113918, 14783481, 15793027
1, 113918, 15397116, 16407144
6, 1, 21
2, 135548, 15793027, 16794026
7, 1, 21
1, 112476, 16407144, 17417301
8, 1, 21
3, 141316, 16049553, 17049967
9, 1, 21
2, 237980, 16794026, 17795352
10, 1, 21
3, 136990, 17049967, 18050557
11, 1, 21
2, 275447, 17795352, 18799948
12, 1, 21
1, 236488, 17417301, 19420710
13, 1, 21
3, 142758, 18050557, 19050639
14, 1, 21
2, 403810, 18799948, 19801543
15, 1, 21
1, 261002, 19420710, 20427331
16, 1, 21
3, 112476, 19050639, 20053283
17, 1, 21
2, 305754, 19801543, 20804098
18, 1, 21
1, 201880, 20427331, 21429222
19, 1, 21
3, 136990, 20053283, 21065482
20, 1, 21
2, 392274, 20804098, 21807896
21, 1, 21
1, 255234, 21429222, 22432048
22, 1, 21
2, 207673, 21807896, 22821369
23, 1, 21
1, 206206, 22432048, 23448876
24, 1, 21
2, 224977, 22821369, 23822023
25, 1, 21
1, 227836, 23448876, 24455211
26, 1, 21
2, 263911, 23822023, 24826830
27, 1, 21
1, 265328, 24455211, 25465048
28, 1, 21
1, 269654, 25465048, 26469017
29, 1, 21
1, 268212, 26469017, 27508726
30, 1, 21
3, 17304, 21065482, 27106248
31, 1, 21
2, 807620, 24826830, 27832058
32, 1, 21
3, 122570, 27106248, 28112330
33, 1, 21
2, 350431, 27832058, 28834637
34, 1, 21
3, 125454, 28112330, 29112751
35, 1, 21
3, 147084, 29112751, 30119981
36, 1, 21
2, 644624, 28834637, 30835827
37, 1, 21
1, 853664, 27508726, 31531373
38, 1, 21
2, 262469, 30835827, 31838505
39, 1, 21
3, 276864, 30119981, 32177356
40, 1, 21
2, 210557, 31838505, 32859570
41, 1, 21
1, 206206, 31531373, 33687305
42, 1, 21
2, 62031, 32859570, 33869662
43, 1, 21
1, 66332, 33687305, 34698839
44, 1, 21
3, 5768, 32177356, 34274799
45, 1, 21
1, 95172, 34698839, 35704801
46, 2, 21
2, 412487, 33869662, 35884613
3, 236488, 34274799, 35287299
47, 1, 21
3, 273980, 35287299, 36288972
48, 1, 21
2, 376387, 35884613, 36888044
49, 1, 21
1, 194670, 35704801, 37714191
50, 2, 21
2, 406669, 36888044, 37888815
3, 298494, 36288972, 37292100
51, 1, 21
2, 171598, 37888815, 38909637
52, 1, 21
1, 203322, 37714191, 39721767
53, 1, 21
2, 112501, 38909637, 39917618
54, 1, 21
1, 111034, 39721767, 40730348
55, 1, 21
3, 73542, 37292100, 39738342
56, 1, 21
2, 222118, 39917618, 40920491
57, 1, 21
1, 90846, 40730348, 41735489
58, 1, 21
3, 249466, 39738342, 40738984
59, 1, 21
2, 377854, 40920491, 41923805
60, 1, 21
2, 351848, 41923805, 42931292
61, 1, 21
1, 200438, 41735489, 43745872
62, 1, 21
3, 509026, 40738984, 42743514
63, 1, 21
2, 435534, 42931292, 44948661
64, 1, 21
1, 174482, 43745872, 45789941
65, 1, 21
1, 96614, 45789941, 46800289
66, 1, 21
2, 199046, 44948661, 46948794
67, 1, 21
1, 116802, 46800289, 47807899
68, 1, 21
1, 106708, 47807899, 48821414
69, 1, 21
1, 86520, 48821414, 49858617
70, 1, 21
1, 187460, 49858617, 51863169
71, 1, 21
1, 116802, 51863169, 52867142
72, 1, 21
3, 160062, 42743514, 53052770
73, 1, 21
2, 852372, 46948794, 54011752
74, 1, 21
3, 327334, 53052770, 54053688
75, 1, 21
2, 434067, 54011752, 55014559
76, 1, 21
2, 454230, 55014559, 56016983
77, 1, 21
3, 670530, 54053688, 56054707
78, 1, 21
2, 904159, 56016983, 58021344
79, 1, 21
2, 382130, 58021344, 59033808
80, 1, 21
2, 111034, 59033808, 60040995
81, 1, 21
1, 1134854, 52867142, 62875941
