0, 2, 21
2, 72100, 4557065, 5306097
1, 72104, 5150288, 5899537
1, 2, 21
2, 144200, 5306097, 6600279
1, 144204, 5899537, 7193156
2, 2, 21
2, 144200, 6600279, 7888385
1, 144204, 7193156, 8481668
3, 2, 21
2, 217742, 7888385, 15954555
1, 217746, 8481668, 16547277
4, 2, 21
2, 86520, 15954555, 16611689
1, 72104, 16547277, 17204912
5, 2, 21
2, 82194, 16611689, 16922696
1, 36054, 17204912, 17515686
6, 2, 21
2, 43260, 16922696, 17083768
1, 18750, 17515686, 17676796
7, 2, 21
2, 23072, 17083768, 17171632
1, 10098, 17676796, 17764436
8, 2, 21
2, 343196, 17171632, 18578638
1, 154298, 17764436, 19169358
9, 2, 21
2, 268212, 18578638, 19241598
1, 171602, 19169358, 19834193
10, 2, 21
2, 135548, 19241598, 19563690
1, 86524, 19834193, 20155820
11, 2, 21
2, 69216, 19563690, 19731250
1, 43264, 20155820, 20324214
12, 2, 21
2, 494606, 19731250, 21180160
1, 321570, 20324214, 21772729
13, 2, 21
2, 210532, 21180160, 21823034
1, 155740, 21772729, 22415913
14, 2, 21
2, 98056, 21823034, 22263964
1, 98060, 22415913, 22856990
15, 2, 21
2, 40376, 22263964, 22436499
1, 40380, 22856990, 23029476
16, 2, 21
2, 12978, 22436499, 22532571
1, 12982, 23029476, 23125129
17, 2, 21
2, 341754, 22532571, 24017599
1, 341758, 23125129, 24610231
18, 2, 21
2, 331660, 24017599, 25242753
1, 331664, 24610231, 25832338
19, 2, 21
2, 160062, 25242753, 25858041
1, 160066, 25832338, 26451048
20, 2, 21
2, 324450, 25858041, 27104040
1, 324454, 26451048, 27694377
21, 2, 21
2, 451346, 27104040, 28410512
1, 323012, 27694377, 29003454
22, 2, 21
2, 255234, 28410512, 29053807
1, 162950, 29003454, 29645672
23, 2, 21
2, 122570, 29053807, 29362007
1, 79314, 29645672, 29954902
24, 2, 21
2, 359058, 29362007, 30595476
1, 178812, 29954902, 31188214
25, 2, 21
2, 161504, 30595476, 31207495
1, 72104, 31188214, 31800468
26, 2, 21
2, 77868, 31207495, 31513491
1, 36054, 31800468, 32106360
27, 2, 21
2, 246582, 31513491, 33375072
1, 144204, 32106360, 33968086
28, 2, 21
2, 72100, 33375072, 34324413
1, 72104, 33968086, 34917328
29, 2, 21
2, 87962, 34324413, 34632060
1, 36054, 34917328, 35224013
30, 2, 21
2, 76426, 34632060, 34802467
1, 18750, 35224013, 35394273
31, 2, 21
2, 38934, 34802467, 34889424
1, 10098, 35394273, 35481478
32, 2, 21
2, 21630, 34889424, 34937684
1, 5772, 35481478, 35529811
33, 2, 21
2, 537866, 34937684, 36422725
1, 144204, 35529811, 37015482
34, 2, 21
2, 268212, 36422725, 37075151
1, 72104, 37015482, 37667476
35, 2, 21
2, 134106, 37075151, 37402361
1, 36054, 37667476, 37994740
36, 2, 21
2, 183134, 37402361, 38854008
1, 144204, 37994740, 39447059
37, 2, 21
2, 72100, 38854008, 39476529
1, 72104, 39447059, 40068853
38, 2, 21
2, 497490, 39476529, 40921740
1, 144204, 40068853, 41514166
39, 2, 21
2, 263886, 40921740, 41591177
1, 72104, 41514166, 42183224
40, 2, 21
2, 136990, 41591177, 41904188
1, 36054, 42183224, 42496292
41, 2, 21
2, 70658, 41904188, 42065365
1, 18750, 42496292, 42657331
42, 2, 21
2, 363384, 42065365, 43466345
1, 144204, 42657331, 44058846
43, 2, 21
2, 72100, 43466345, 44419868
1, 72104, 44058846, 45011847
44, 2, 21
2, 36050, 44419868, 44871765
1, 36054, 45011847, 45464458
45, 2, 21
2, 144200, 44871765, 46133434
1, 144204, 45464458, 46725944
46, 2, 21
2, 72100, 46133434, 46736778
1, 72104, 46725944, 47329031
47, 2, 21
2, 144200, 46736778, 48325940
1, 144204, 47329031, 48918872
48, 2, 21
2, 144200, 48325940, 49990467
1, 144204, 48918872, 50583621
49, 2, 21
2, 144200, 49990467, 51210445
1, 144204, 50583621, 51803658
50, 2, 21
2, 72100, 51210445, 51820830
1, 72104, 51803658, 52413891
51, 2, 21
2, 317240, 51820830, 53059815
1, 144204, 52413891, 53651985
52, 2, 21
2, 271096, 53059815, 53664137
1, 72104, 53651985, 54257083
53, 2, 21
2, 135548, 53664137, 53970921
1, 36054, 54257083, 54563778
54, 2, 21
2, 539308, 53970921, 55205674
1, 144204, 54563778, 55798180
55, 2, 21
2, 556612, 55205674, 56418640
1, 144204, 55798180, 57011498
56, 2, 21
2, 552286, 56418640, 57645028
1, 144204, 57011498, 58237786
57, 2, 21
2, 186018, 57645028, 58953270
1, 144204, 58237786, 59546496
58, 2, 21
2, 72100, 58953270, 59597253
1, 72104, 59546496, 60190420
59, 2, 21
2, 144200, 59597253, 60850310
1, 144204, 60190420, 61443216
60, 2, 21
2, 144200, 60850310, 62213675
1, 144204, 61443216, 62806766
61, 2, 21
2, 144200, 62213675, 63544996
1, 144204, 62806766, 64137947
