0, 2, 21
2, 102382, 4559958, 5567243
1, 102382, 5162288, 6172789
1, 2, 21
2, 111034, 5567243, 6567815
1, 111034, 6172789, 7173321
2, 2, 21
2, 112476, 6567815, 7580377
1, 112476, 7173321, 8185917
3, 2, 21
2, 109592, 7580377, 14681952
1, 109592, 8185917, 15286880
4, 2, 21
2, 113918, 14681952, 15691252
1, 113918, 15286880, 16296166
5, 2, 21
2, 134106, 15691252, 16700372
1, 112476, 16296166, 17305497
6, 1, 21
3, 142758, 15967800, 17037109
7, 1, 21
2, 239397, 16700372, 17705335
8, 1, 21
1, 112476, 17305497, 18362913
9, 1, 21
3, 148526, 17037109, 18045868
10, 1, 21
2, 275472, 17705335, 18706322
11, 1, 21
1, 138432, 18362913, 19368711
12, 1, 21
3, 148526, 18045868, 19046323
13, 1, 21
2, 409578, 18706322, 19706842
14, 1, 21
1, 259560, 19368711, 20368986
15, 1, 21
3, 109592, 19046323, 20048273
16, 1, 21
2, 311522, 19706842, 20706910
17, 1, 21
1, 200438, 20368986, 21374096
18, 1, 21
2, 386481, 20706910, 21710901
19, 1, 21
1, 263886, 21374096, 22380805
20, 1, 21
2, 201905, 21710901, 22711644
21, 1, 21
1, 198996, 22380805, 23387009
22, 1, 21
2, 230745, 22711644, 23714337
23, 1, 21
1, 233604, 23387009, 24388598
24, 1, 21
2, 265353, 23714337, 24715329
25, 1, 21
1, 266770, 24388598, 25390817
26, 1, 21
2, 271121, 24715329, 25717881
27, 1, 21
1, 272538, 25390817, 26398944
28, 1, 21
2, 263911, 25717881, 26720953
29, 1, 21
1, 263886, 26398944, 27401708
30, 1, 21
3, 138432, 20048273, 26903499
31, 1, 21
2, 295660, 26720953, 27721314
32, 1, 21
1, 258118, 27401708, 28404872
33, 1, 21
3, 134106, 26903499, 27912903
34, 1, 21
2, 376412, 27721314, 28723660
35, 1, 21
1, 243698, 28404872, 29405938
36, 1, 21
3, 148526, 27912903, 28919940
37, 1, 21
2, 395158, 28723660, 29726363
38, 1, 21
1, 239372, 29405938, 30416413
39, 1, 21
3, 149968, 28919940, 29927031
40, 1, 21
2, 265378, 29726363, 30728426
41, 1, 21
1, 118244, 30416413, 31419285
42, 1, 21
3, 148526, 29927031, 30929086
43, 1, 21
2, 266820, 30728426, 31729906
44, 1, 21
1, 118244, 31419285, 32419923
45, 1, 21
2, 141341, 31729906, 32743351
46, 1, 21
1, 72100, 32419923, 33425737
47, 1, 21
2, 66357, 32743351, 33746058
48, 1, 21
1, 67774, 33425737, 34448903
49, 1, 21
3, 96614, 30929086, 33828489
50, 1, 21
2, 209140, 33746058, 34746571
51, 1, 21
1, 100940, 34448903, 35450295
52, 1, 21
3, 250908, 33828489, 34829240
53, 1, 21
2, 323058, 34746571, 35748307
54, 1, 21
1, 87962, 35450295, 36455474
55, 1, 21
3, 325892, 34829240, 35829868
56, 1, 21
2, 445628, 35748307, 36749902
57, 1, 21
1, 113918, 36455474, 37460798
58, 1, 21
3, 302820, 35829868, 36830935
59, 1, 21
2, 314406, 36749902, 37751768
60, 1, 21
1, 109592, 37460798, 38461872
61, 1, 21
2, 96639, 37751768, 38757973
62, 1, 21
1, 96614, 38461872, 39465440
63, 1, 21
3, 2884, 36830935, 39055906
64, 1, 21
2, 141366, 38757973, 39758646
65, 1, 21
1, 102382, 39465440, 40467943
66, 1, 21
3, 294168, 39055906, 40058065
67, 1, 21
2, 402368, 39758646, 40763891
68, 1, 21
1, 108150, 40467943, 41476238
69, 1, 21
3, 302820, 40058065, 41061413
70, 1, 21
2, 412462, 40763891, 41765825
71, 1, 21
1, 111034, 41476238, 42481151
72, 1, 21
3, 320124, 41061413, 42064774
73, 1, 21
2, 393716, 41765825, 42767374
74, 1, 21
1, 109592, 42481151, 43486999
75, 1, 21
2, 89429, 42767374, 43776749
76, 1, 21
1, 87962, 43486999, 44501634
77, 1, 21
2, 77893, 43776749, 44789272
78, 1, 21
1, 80752, 44501634, 45513857
79, 1, 21
2, 115385, 44789272, 45798034
80, 1, 21
1, 116802, 45513857, 46525349
81, 1, 21
2, 118269, 45798034, 46802773
82, 1, 21
1, 116802, 46525349, 47553429
83, 1, 21
2, 87987, 46802773, 47813808
84, 1, 21
1, 89404, 47553429, 48570429
85, 1, 21
2, 80777, 47813808, 48825820
86, 1, 21
1, 80752, 48570429, 49570920
87, 1, 21
2, 93755, 48825820, 49830229
88, 1, 21
1, 95172, 49570920, 50572569
89, 1, 21
2, 119711, 49830229, 50841496
90, 1, 21
1, 119686, 50572569, 51580946
91, 1, 21
2, 118269, 50841496, 51848663
92, 1, 21
1, 118244, 51580946, 52590847
93, 1, 21
3, 1442, 42064774, 51814725
94, 1, 21
2, 263936, 51848663, 52850540
95, 1, 21
1, 118244, 52590847, 53602335
96, 1, 21
3, 341754, 51814725, 52815626
97, 1, 21
2, 475910, 52850540, 53851317
98, 1, 21
1, 119686, 53602335, 54609356
99, 1, 21
3, 356174, 52815626, 53818293
100, 1, 21
2, 460048, 53851317, 54851844
101, 1, 21
1, 116802, 54609356, 55617674
102, 1, 21
3, 347522, 53818293, 54821679
103, 1, 21
2, 464374, 54851844, 55853923
104, 1, 21
1, 119686, 55617674, 56621628
105, 1, 21
3, 337428, 54821679, 55824481
106, 1, 21
2, 449954, 55853923, 56855629
107, 1, 21
1, 118244, 56621628, 57622611
108, 1, 21
3, 341754, 55824481, 56827716
109, 1, 21
2, 318732, 56855629, 57859495
110, 1, 21
1, 113918, 57622611, 58623358
111, 1, 21
2, 111059, 57859495, 58862483
112, 1, 21
1, 111034, 58623358, 59626173
113, 1, 21
2, 113943, 58862483, 59873020
114, 1, 21
1, 115360, 59626173, 60636970
115, 1, 21
2, 115385, 59873020, 60875762
116, 1, 21
1, 115360, 60636970, 61650188
117, 1, 21
2, 106733, 60875762, 61882427
118, 1, 21
1, 105266, 61650188, 62655569
119, 1, 21
2, 106733, 61882427, 62886801
120, 1, 21
1, 108150, 62655569, 63657896
121, 1, 21
2, 112501, 62886801, 63895969
122, 1, 21
1, 111034, 63657896, 64658995
