0, 2, 21
2, 102382, 5665081, 6676572
1, 102382, 7020621, 8030403
1, 1, 21
1, 111034, 8030403, 9031021
2, 1, 21
2, 112501, 6676572, 7687088
3, 2, 21
2, 111034, 7687088, 8688535
1, 112476, 9031021, 10043791
4, 2, 21
2, 109592, 8688535, 15789863
1, 109592, 10043791, 17145177
5, 2, 21
2, 113918, 15789863, 16798874
1, 113918, 17145177, 18154353
6, 1, 21
2, 136990, 16798874, 17800113
7, 1, 21
1, 112476, 18154353, 19164248
8, 1, 21
3, 141316, 17039572, 18043861
9, 1, 21
2, 237980, 17800113, 18800687
10, 1, 21
1, 129780, 19164248, 20414872
11, 1, 21
3, 136990, 18043861, 19048681
12, 1, 21
2, 276914, 18800687, 19804394
13, 1, 21
1, 112476, 20414872, 21420931
14, 1, 21
4, 154294, 18451440, 19459129
15, 1, 21
3, 147084, 19048681, 20049707
16, 1, 21
2, 411045, 19804394, 20806073
17, 1, 21
1, 111034, 21420931, 22432526
18, 1, 21
3, 116802, 20049707, 21052212
19, 1, 21
4, 113918, 19459129, 20491908
20, 1, 21
2, 315873, 20806073, 21806705
21, 1, 21
1, 93730, 22432526, 23442701
22, 1, 21
3, 141316, 21052212, 22056465
23, 1, 21
4, 151410, 20491908, 21496408
24, 1, 21
2, 389415, 21806705, 22812705
25, 1, 21
1, 108150, 23442701, 24488541
26, 1, 21
4, 118244, 21496408, 22505266
27, 1, 21
2, 201930, 22812705, 23820147
28, 1, 21
1, 92288, 24488541, 25501951
29, 1, 21
4, 128338, 22505266, 23510013
30, 1, 21
2, 230770, 23820147, 24820571
31, 1, 21
1, 108150, 25501951, 26513054
32, 1, 21
4, 148526, 23510013, 24515864
33, 1, 21
2, 266820, 24820571, 25823557
34, 1, 21
1, 118244, 26513054, 27516078
35, 1, 21
4, 151410, 24515864, 25518129
36, 1, 21
2, 331710, 25823557, 27083265
37, 1, 21
1, 145642, 27516078, 28775164
38, 1, 21
4, 145642, 25518129, 26527127
39, 1, 21
3, 4326, 22056465, 28011661
40, 1, 21
2, 413929, 27083265, 28648003
41, 1, 21
4, 173040, 26527127, 27786908
42, 1, 21
1, 220626, 28775164, 30736573
43, 1, 21
3, 134106, 28011661, 29030564
44, 1, 21
2, 374995, 28648003, 29648269
45, 1, 21
4, 224952, 27786908, 29356364
46, 1, 21
3, 147084, 29030564, 30035603
47, 1, 21
2, 406694, 29648269, 30654050
48, 1, 21
1, 183134, 30736573, 32333580
49, 1, 21
3, 149968, 30035603, 31043891
50, 1, 21
2, 321616, 30654050, 31843147
51, 1, 21
1, 147084, 32333580, 33596294
52, 1, 21
3, 183134, 31043891, 32303481
53, 1, 21
2, 321616, 31843147, 33096948
54, 1, 21
1, 149968, 33596294, 35245100
55, 1, 21
2, 106733, 33096948, 34102412
56, 1, 21
1, 66332, 35245100, 36249033
57, 1, 21
2, 72125, 34102412, 35107920
58, 1, 21
3, 63448, 32303481, 34954728
59, 1, 21
1, 115360, 36249033, 37396167
60, 1, 21
2, 268262, 35107920, 36111778
61, 1, 21
3, 250908, 34954728, 35955760
62, 1, 21
1, 87962, 37396167, 38401285
63, 1, 21
2, 351898, 36111778, 37111910
64, 1, 21
3, 325892, 35955760, 36956892
65, 1, 21
1, 113918, 38401285, 39408383
66, 1, 21
2, 429766, 37111910, 38114636
67, 1, 21
3, 302820, 36956892, 37958006
68, 1, 21
2, 245165, 38114636, 39117085
69, 1, 21
1, 132664, 39408383, 40668241
70, 1, 21
2, 98081, 39117085, 40117842
71, 1, 21
1, 103824, 40668241, 41674466
72, 1, 21
3, 2884, 37958006, 40183417
73, 1, 21
2, 184626, 40117842, 41119216
74, 1, 21
1, 122570, 41674466, 42935545
75, 1, 21
3, 294168, 40183417, 41185829
76, 1, 21
2, 431208, 41119216, 42123973
77, 1, 21
3, 385014, 41185829, 42438373
78, 1, 21
2, 522029, 42123973, 43378977
79, 1, 21
1, 217742, 42935545, 44896024
80, 1, 21
2, 226419, 43378977, 44381477
81, 1, 21
1, 144200, 44896024, 46464071
82, 1, 21
2, 86545, 44381477, 45390731
83, 1, 21
1, 111034, 46464071, 47718407
84, 1, 21
2, 118269, 45390731, 46648345
85, 1, 21
1, 115360, 47718407, 48721480
86, 1, 21
2, 118269, 46648345, 47654607
87, 1, 21
1, 132664, 48721480, 49997735
88, 1, 21
2, 116827, 47654607, 48908320
89, 1, 21
1, 85078, 49997735, 51030765
90, 1, 21
2, 167297, 48908320, 50868024
91, 1, 21
1, 108150, 51030765, 52287796
92, 1, 21
1, 118244, 52287796, 53291833
93, 1, 21
1, 118244, 53291833, 54298020
94, 1, 21
3, 239372, 42438373, 52942694
95, 1, 21
2, 516336, 50868024, 53994888
96, 1, 21
1, 183134, 54298020, 55865564
97, 1, 21
3, 343196, 52942694, 53946306
98, 1, 21
2, 477352, 53994888, 54994965
99, 1, 21
3, 441252, 53946306, 55199071
100, 1, 21
2, 460023, 54994965, 55996825
101, 1, 21
1, 288400, 55865564, 58309698
102, 1, 21
2, 569615, 55996825, 57246903
103, 1, 21
3, 524888, 55199071, 56763786
104, 1, 21
2, 431183, 57246903, 58247576
105, 1, 21
2, 252350, 58247576, 59251072
106, 1, 21
2, 111034, 59251072, 60254104
107, 1, 21
2, 142758, 60254104, 61504548
108, 1, 21
2, 211974, 61504548, 63465449
