0, 2, 21
2, 72100, 5656406, 6402408
1, 72104, 6208862, 6954441
1, 2, 21
2, 144200, 6402408, 7695119
1, 144204, 6954441, 8247273
2, 2, 21
2, 144200, 7695119, 8981976
1, 144204, 8247273, 9534151
3, 2, 21
2, 217742, 8981976, 17043223
1, 217746, 9534151, 17595250
4, 2, 21
2, 86520, 17043223, 17700315
1, 72104, 17595250, 18252523
5, 2, 21
2, 82194, 17700315, 18012070
1, 36054, 18252523, 18564319
6, 2, 21
2, 44702, 18012070, 18182788
1, 18750, 18564319, 18735040
7, 2, 21
2, 23072, 18182788, 18271312
1, 10098, 18735040, 18822838
8, 2, 21
2, 338870, 18271312, 19680841
1, 144204, 18822838, 20232480
9, 2, 21
2, 269654, 19680841, 20346994
1, 72104, 20232480, 20899249
10, 2, 21
2, 134106, 20346994, 20670010
1, 36054, 20899249, 21221759
11, 2, 21
2, 67774, 20670010, 20838225
1, 18750, 21221759, 21390126
12, 2, 21
2, 500374, 20838225, 22311468
1, 144204, 21390126, 22863651
13, 2, 21
2, 207648, 22311468, 22955199
1, 72104, 22863651, 23507261
14, 2, 21
2, 95172, 22955199, 23395971
1, 36054, 23507261, 23948246
15, 2, 21
2, 43260, 23395971, 23568486
1, 18750, 23948246, 24120749
16, 2, 21
2, 12978, 23568486, 23664811
1, 10098, 24120749, 24216658
17, 2, 21
2, 340312, 23664811, 25162516
1, 144204, 24216658, 25714130
18, 2, 21
2, 331660, 25162516, 26388007
1, 144204, 25714130, 26939979
19, 2, 21
2, 162946, 26388007, 27006214
1, 72104, 26939979, 27558182
20, 2, 21
2, 327334, 27006214, 28249547
1, 144204, 27558182, 28801399
21, 2, 21
2, 454230, 28249547, 29554084
1, 144204, 28801399, 30105984
22, 2, 21
2, 259560, 29554084, 30193748
1, 72104, 30105984, 30745496
23, 2, 21
2, 124012, 30193748, 30502279
1, 36054, 30745496, 31053836
24, 2, 21
2, 354732, 30502279, 31719495
1, 144204, 31053836, 32270762
25, 2, 21
2, 162946, 31719495, 32331252
1, 72104, 32270762, 32882578
26, 2, 21
2, 82194, 32331252, 32636908
1, 36054, 32882578, 33188191
27, 2, 21
2, 233604, 32636908, 34496213
1, 144204, 33188191, 35048374
28, 2, 21
2, 72100, 34496213, 35446892
1, 72104, 35048374, 35998292
29, 2, 21
2, 122570, 35446892, 35752861
1, 36054, 35998292, 36304825
30, 2, 21
2, 80752, 35752861, 35922884
1, 18750, 36304825, 36474821
31, 2, 21
2, 24514, 35922884, 36008207
1, 10098, 36474821, 36560227
32, 2, 21
2, 8652, 36008207, 36056442
1, 5772, 36560227, 36608492
33, 2, 21
2, 568148, 36056442, 37541376
1, 144204, 36608492, 38093293
34, 2, 21
2, 261002, 37541376, 38192998
1, 72104, 38093293, 38745042
35, 2, 21
2, 136990, 38192998, 38520041
1, 36054, 38745042, 39072133
36, 2, 21
2, 144200, 38520041, 39969789
1, 144204, 39072133, 40521891
37, 2, 21
2, 72100, 39969789, 40594050
1, 72104, 40521891, 41146156
38, 2, 21
2, 542192, 40594050, 42039528
1, 144204, 41146156, 42590369
39, 2, 21
2, 265328, 42039528, 42706981
1, 72104, 42590369, 43259003
40, 2, 21
2, 138432, 42706981, 43019930
1, 36054, 43259003, 43571501
41, 2, 21
2, 69216, 43019930, 43180330
1, 18750, 43571501, 43732306
42, 2, 21
2, 317240, 43180330, 44579435
1, 144204, 43732306, 45131336
43, 2, 21
2, 72100, 44579435, 45530334
1, 72104, 45131336, 46082462
44, 2, 21
2, 36050, 45530334, 45982515
1, 36054, 46082462, 46534642
45, 2, 21
2, 144200, 45982515, 47242818
1, 144204, 46534642, 47794869
46, 2, 21
2, 72100, 47242818, 47845635
1, 72104, 47794869, 48397795
47, 2, 21
2, 144200, 47845635, 49434836
1, 144204, 48397795, 49986896
48, 2, 21
2, 144200, 49434836, 51098919
1, 144204, 49986896, 51651036
49, 2, 21
2, 144200, 51098919, 52319048
1, 144204, 51651036, 52870477
50, 2, 21
2, 72100, 52319048, 52929506
1, 72104, 52870477, 53480718
51, 2, 21
2, 369152, 52929506, 54166962
1, 144204, 53480718, 54718535
52, 2, 21
2, 295610, 54166962, 54771829
1, 72104, 54718535, 55323421
53, 2, 21
2, 144200, 54771829, 55077953
1, 36054, 55323421, 55629993
54, 2, 21
2, 571032, 55077953, 56311545
1, 144204, 55629993, 56863527
55, 2, 21
2, 556612, 56311545, 57530348
1, 144204, 56863527, 58081900
56, 2, 21
2, 475860, 57530348, 58757345
1, 144204, 58081900, 59309468
57, 2, 21
2, 144200, 58757345, 60064625
1, 144204, 59309468, 60616959
58, 2, 21
2, 72100, 60064625, 60708290
1, 72104, 60616959, 61260600
59, 2, 21
2, 144200, 60708290, 61961058
1, 144204, 61260600, 62513332
60, 2, 21
2, 144200, 61961058, 63323512
1, 144204, 62513332, 63875829
61, 2, 21
2, 144200, 63323512, 64653579
1, 144204, 63875829, 65205283
