0, 2, 21
2, 102382, 5604507, 6615059
1, 102382, 6193099, 7203025
1, 2, 21
2, 111034, 6615059, 7619404
1, 111034, 7203025, 8207257
2, 2, 21
2, 112476, 7619404, 8632483
1, 112476, 8207257, 9220342
3, 2, 21
2, 109592, 8632483, 15733018
1, 109592, 9220342, 16321461
4, 2, 21
2, 113918, 15733018, 16742747
1, 113918, 16321461, 17331065
5, 1, 21
2, 138432, 16742747, 17750840
6, 1, 21
1, 112476, 17331065, 18341097
7, 1, 21
3, 142758, 17009672, 18078475
8, 1, 21
2, 239422, 17750840, 18754656
9, 1, 21
1, 112476, 18341097, 19398765
10, 1, 21
3, 147084, 18078475, 19078936
11, 1, 21
2, 281240, 18754656, 19756911
12, 1, 21
1, 108150, 19398765, 20409410
13, 1, 21
4, 149968, 18436285, 19436791
14, 1, 21
3, 148526, 19078936, 20079456
15, 1, 21
2, 411045, 19756911, 20761457
16, 1, 21
1, 111034, 20409410, 21418428
17, 1, 21
4, 116802, 19436791, 20440342
18, 1, 21
3, 111034, 20079456, 21090778
19, 1, 21
2, 314431, 20761457, 21761655
20, 1, 21
1, 92288, 21418428, 22422559
21, 1, 21
4, 142758, 20440342, 21441344
22, 1, 21
2, 382180, 21761655, 22761753
23, 1, 21
1, 115360, 22422559, 23435107
24, 1, 21
4, 122570, 21441344, 22470473
25, 1, 21
2, 200488, 22761753, 23768486
26, 1, 21
1, 86520, 23435107, 24453202
27, 1, 21
4, 126896, 22470473, 23471310
28, 1, 21
2, 232212, 23768486, 24770148
29, 1, 21
1, 103824, 24453202, 25466999
30, 1, 21
4, 148526, 23471310, 24479742
31, 1, 21
2, 265378, 24770148, 25771889
32, 1, 21
1, 118244, 25466999, 26473689
33, 1, 21
4, 154294, 24479742, 25484580
34, 1, 21
2, 272588, 25771889, 26778575
35, 1, 21
1, 118244, 26473689, 27479203
36, 1, 21
4, 148526, 25484580, 26491916
37, 1, 21
2, 262494, 26778575, 27779246
38, 1, 21
1, 116802, 27479203, 28488141
39, 1, 21
3, 138432, 21090778, 27946206
40, 1, 21
4, 145642, 26491916, 27501299
41, 1, 21
2, 295685, 27779246, 28779269
42, 1, 21
1, 118244, 28488141, 29500170
43, 1, 21
3, 134106, 27946206, 28963971
44, 1, 21
4, 135548, 27501299, 28507202
45, 1, 21
2, 380763, 28779269, 29782034
46, 1, 21
1, 106708, 29500170, 30506598
47, 1, 21
3, 148526, 28963971, 29971195
48, 1, 21
2, 383622, 29782034, 30784556
49, 1, 21
1, 118244, 30506598, 31510397
50, 1, 21
3, 149968, 29971195, 30978840
51, 1, 21
2, 266820, 30784556, 31787124
52, 1, 21
1, 119686, 31510397, 32522192
53, 1, 21
3, 148526, 30978840, 31981254
54, 1, 21
2, 262494, 31787124, 32787699
55, 1, 21
1, 116802, 32522192, 33530664
56, 1, 21
2, 139899, 32787699, 33804086
57, 1, 21
1, 67774, 33530664, 34532564
58, 1, 21
2, 66357, 33804086, 34806818
59, 1, 21
1, 69216, 34532564, 35533567
60, 1, 21
3, 96614, 31981254, 34880860
61, 1, 21
2, 219234, 34806818, 35809090
62, 1, 21
1, 100940, 35533567, 36538009
63, 1, 21
3, 250908, 34880860, 35882563
64, 1, 21
2, 324500, 35809090, 36811017
65, 1, 21
1, 87962, 36538009, 37543625
66, 1, 21
3, 325892, 35882563, 36883664
67, 1, 21
2, 442744, 36811017, 37813077
68, 1, 21
1, 112476, 37543625, 38544221
69, 1, 21
3, 302820, 36883664, 37884888
70, 1, 21
2, 305754, 37813077, 38827543
71, 1, 21
1, 109592, 38544221, 39549239
72, 1, 21
2, 96639, 38827543, 39837380
73, 1, 21
1, 96614, 39549239, 40552975
74, 1, 21
3, 2884, 37884888, 40110238
75, 1, 21
2, 157228, 39837380, 40838335
76, 1, 21
1, 102382, 40552975, 41561698
77, 1, 21
3, 294168, 40110238, 41112982
78, 1, 21
2, 398042, 40838335, 41839192
79, 1, 21
1, 108150, 41561698, 42566473
80, 1, 21
3, 302820, 41112982, 42116691
81, 1, 21
2, 412462, 41839192, 42840427
82, 1, 21
1, 111034, 42566473, 43576559
83, 1, 21
3, 318682, 42116691, 43117330
84, 1, 21
2, 380738, 42840427, 43844215
85, 1, 21
1, 109592, 43576559, 44584617
86, 1, 21
2, 90871, 43844215, 44866598
87, 1, 21
1, 86520, 44584617, 45604343
88, 1, 21
2, 77893, 44866598, 45878813
89, 1, 21
1, 82194, 45604343, 46610373
90, 1, 21
2, 115385, 45878813, 46888116
91, 1, 21
1, 116802, 46610373, 47622835
92, 1, 21
2, 118269, 46888116, 47892970
93, 1, 21
1, 113918, 47622835, 48626712
94, 1, 21
2, 87987, 47892970, 48904025
95, 1, 21
1, 89404, 48626712, 49643798
96, 1, 21
2, 80777, 48904025, 49917741
97, 1, 21
1, 80752, 49643798, 50645908
98, 1, 21
2, 93755, 49917741, 50922427
99, 1, 21
1, 95172, 50645908, 51647507
100, 1, 21
2, 119711, 50922427, 51933948
101, 1, 21
1, 119686, 51647507, 52656172
102, 1, 21
2, 118269, 51933948, 52940535
103, 1, 21
1, 118244, 52656172, 53665866
104, 1, 21
3, 2884, 43117330, 52871420
105, 1, 21
2, 282682, 52940535, 53942663
106, 1, 21
1, 118244, 53665866, 54677794
107, 1, 21
3, 341754, 52871420, 53871558
108, 1, 21
2, 478794, 53942663, 54943255
109, 1, 21
1, 119686, 54677794, 55685763
110, 1, 21
3, 356174, 53871558, 54874199
111, 1, 21
2, 461490, 54943255, 55944326
112, 1, 21
1, 115360, 55685763, 56686255
113, 1, 21
3, 347522, 54874199, 55877047
114, 1, 21
2, 464374, 55944326, 56947088
115, 1, 21
1, 119686, 56686255, 57689903
116, 1, 21
3, 337428, 55877047, 56878946
117, 1, 21
2, 449954, 56947088, 57951025
118, 1, 21
1, 118244, 57689903, 58691106
119, 1, 21
3, 340312, 56878946, 57878947
120, 1, 21
2, 297102, 57951025, 58956803
121, 1, 21
1, 113918, 58691106, 59691606
122, 1, 21
2, 111059, 58956803, 59965076
123, 1, 21
1, 111034, 59691606, 60693442
124, 1, 21
2, 113943, 59965076, 60970748
125, 1, 21
1, 113918, 60693442, 61693816
126, 1, 21
2, 115385, 60970748, 61973513
127, 1, 21
1, 115360, 61693816, 62703387
128, 1, 21
2, 106733, 61973513, 62980252
129, 1, 21
1, 105266, 62703387, 63712105
130, 1, 21
2, 106733, 62980252, 63984722
131, 1, 21
1, 108150, 63712105, 64714477
132, 1, 21
2, 112501, 63984722, 64993980
133, 1, 21
1, 111034, 64714477, 65715102
