0, 2, 21
2, 100940, 5781650, 6782949
1, 100940, 6341630, 7341952
1, 2, 21
2, 111034, 6782949, 7787788
1, 111034, 7341952, 8347433
2, 2, 21
2, 167272, 7787788, 9289487
1, 167272, 8347433, 9849305
3, 2, 21
2, 56238, 9289487, 15916504
1, 56238, 9849305, 16476201
4, 2, 21
2, 113918, 15916504, 16927211
1, 113918, 16476201, 17486300
5, 2, 21
2, 136990, 16927211, 17932086
1, 111034, 17486300, 18491129
6, 1, 21
3, 141316, 17184979, 18198466
7, 1, 21
2, 235071, 17932086, 18937068
8, 1, 21
1, 112476, 18491129, 19500155
9, 1, 21
3, 136990, 18198466, 19204048
10, 1, 21
2, 279798, 18937068, 19938452
11, 1, 21
1, 100940, 19500155, 20508416
12, 1, 21
4, 154294, 18529874, 19537774
13, 1, 21
3, 139874, 19204048, 20211646
14, 1, 21
2, 399509, 19938452, 20940628
15, 1, 21
1, 111034, 20508416, 21512850
16, 1, 21
3, 109592, 20211646, 21213096
17, 1, 21
4, 113918, 19537774, 20570657
18, 1, 21
2, 315873, 20940628, 21946234
19, 1, 21
1, 98056, 21512850, 22523625
20, 1, 21
3, 139874, 21213096, 22214363
21, 1, 21
4, 151410, 20570657, 21577868
22, 1, 21
2, 398067, 21946234, 22951105
23, 1, 21
1, 109592, 22523625, 23531643
24, 1, 21
4, 116802, 21577868, 22584391
25, 1, 21
2, 200488, 22951105, 23953994
26, 1, 21
1, 89404, 23531643, 24548737
27, 1, 21
4, 122570, 22584391, 23588767
28, 1, 21
2, 223560, 23953994, 24960090
29, 1, 21
1, 152852, 24548737, 26052415
30, 1, 21
4, 138432, 23588767, 24595916
31, 1, 21
2, 248074, 24960090, 25960336
32, 1, 21
1, 111034, 26052415, 27057802
33, 1, 21
4, 148526, 24595916, 25602889
34, 1, 21
2, 385064, 25960336, 27461798
35, 1, 21
1, 167272, 27057802, 28562821
36, 1, 21
4, 222068, 25602889, 27111950
37, 1, 21
3, 20188, 22214363, 28281278
38, 1, 21
2, 411045, 27461798, 28967487
39, 1, 21
4, 132664, 27111950, 28113094
40, 1, 21
3, 134106, 28281278, 29297165
41, 1, 21
2, 373528, 28967487, 29970892
42, 1, 21
1, 222068, 28562821, 30589999
43, 1, 21
4, 213416, 28113094, 29614646
44, 1, 21
3, 144200, 29297165, 30303328
45, 1, 21
2, 523521, 29970892, 31473238
46, 1, 21
1, 168714, 30589999, 32094621
47, 1, 21
3, 147084, 30303328, 31311244
48, 1, 21
2, 262494, 31473238, 32473558
49, 1, 21
3, 201880, 31311244, 32815758
50, 1, 21
2, 328801, 32473558, 34025639
51, 1, 21
1, 273980, 32094621, 34616745
52, 1, 21
2, 54821, 34025639, 35026982
53, 1, 21
1, 57680, 34616745, 35625074
54, 1, 21
3, 50470, 32815758, 35339405
55, 1, 21
2, 121178, 35026982, 36028418
56, 1, 21
1, 85078, 35625074, 36634357
57, 1, 21
3, 250908, 35339405, 36341839
58, 1, 21
2, 333152, 36028418, 37029317
59, 1, 21
1, 145642, 36634357, 38143684
60, 1, 21
3, 325892, 36341839, 37344660
61, 1, 21
2, 447070, 37029317, 38032972
62, 1, 21
1, 113918, 38143684, 39153442
63, 1, 21
3, 302820, 37344660, 38347185
64, 1, 21
2, 379296, 38032972, 39035689
65, 1, 21
2, 95172, 39035689, 40039807
66, 1, 21
1, 149968, 39153442, 40661737
67, 1, 21
1, 112476, 40661737, 41671834
68, 1, 21
3, 2884, 38347185, 40572417
69, 1, 21
2, 255309, 40039807, 41542124
70, 1, 21
1, 98056, 41671834, 42683504
71, 1, 21
3, 294168, 40572417, 41576040
72, 1, 21
2, 435534, 41542124, 42544456
73, 1, 21
1, 111034, 42683504, 43688944
74, 1, 21
2, 412437, 42544456, 43546726
75, 1, 21
3, 467208, 41576040, 43079586
76, 1, 21
1, 113918, 43688944, 44709978
77, 1, 21
2, 344688, 43546726, 45057151
78, 1, 21
1, 99498, 44709978, 45732614
79, 1, 21
2, 76451, 45057151, 46057753
80, 1, 21
1, 74984, 45732614, 46733008
81, 1, 21
1, 106708, 46733008, 47737009
82, 1, 21
2, 161554, 46057753, 47559432
83, 1, 21
1, 118244, 47737009, 48742085
84, 1, 21
1, 92288, 48742085, 49749794
85, 1, 21
1, 128338, 49749794, 51305156
86, 1, 21
2, 442769, 47559432, 52113478
87, 1, 21
1, 160062, 51305156, 52770664
88, 1, 21
2, 175949, 52113478, 53614706
89, 1, 21
1, 175924, 52770664, 54275233
90, 1, 21
3, 157178, 43079586, 53332958
91, 1, 21
2, 351898, 53614706, 54615401
92, 1, 21
3, 343196, 53332958, 54336831
93, 1, 21
2, 477327, 54615401, 55616080
94, 1, 21
3, 529214, 54336831, 55838847
95, 1, 21
2, 697953, 55616080, 57116508
96, 1, 21
2, 454230, 57116508, 58125652
97, 1, 21
2, 397992, 58125652, 59136523
98, 1, 21
2, 109592, 59136523, 60142078
99, 1, 21
2, 171598, 60142078, 61655013
100, 1, 21
1, 1144948, 54275233, 64277844
