0, 2, 21
2, 72100, 5622421, 6369342
1, 72104, 6188857, 6935015
1, 2, 21
2, 144200, 6369342, 7661548
1, 144204, 6935015, 8228153
2, 2, 21
2, 144200, 7661548, 8950602
1, 144204, 8228153, 9516497
3, 2, 21
2, 217742, 8950602, 17012505
1, 217746, 9516497, 17579006
4, 2, 21
2, 86520, 17012505, 17670052
1, 72104, 17579006, 18236481
5, 2, 21
2, 82194, 17670052, 17980464
1, 36054, 18236481, 18547147
6, 2, 21
2, 43260, 17980464, 18141482
1, 18750, 18547147, 18707623
7, 2, 21
2, 23072, 18141482, 18228997
1, 10098, 18707623, 18795691
8, 2, 21
2, 340312, 18228997, 19632771
1, 144204, 18795691, 20198657
9, 2, 21
2, 269654, 19632771, 20297333
1, 72104, 20198657, 20863604
10, 2, 21
2, 135548, 20297333, 20618275
1, 36054, 20863604, 21184975
11, 2, 21
2, 70658, 20618275, 20786902
1, 18750, 21184975, 21353524
12, 2, 21
2, 497490, 20786902, 22237398
1, 144204, 21353524, 22804120
13, 2, 21
2, 207648, 22237398, 22882417
1, 72104, 22804120, 23448991
14, 2, 21
2, 98056, 22882417, 23325082
1, 36054, 23448991, 23891461
15, 2, 21
2, 40376, 23325082, 23498350
1, 18750, 23891461, 24064684
16, 2, 21
2, 12978, 23498350, 23595512
1, 10098, 24064684, 24160980
17, 2, 21
2, 343196, 23595512, 25084714
1, 144204, 24160980, 25650754
18, 2, 21
2, 330218, 25084714, 26310706
1, 144204, 25650754, 26876920
19, 2, 21
2, 162946, 26310706, 26933581
1, 72104, 26876920, 27498135
20, 2, 21
2, 328776, 26933581, 28181124
1, 144204, 27498135, 28747457
21, 2, 21
2, 454230, 28181124, 29492536
1, 144204, 28747457, 30058576
22, 2, 21
2, 259560, 29492536, 30134353
1, 72104, 30058576, 30700606
23, 2, 21
2, 122570, 30134353, 30440283
1, 36054, 30700606, 31006633
24, 2, 21
2, 350406, 30440283, 31668596
1, 144204, 31006633, 32234851
25, 2, 21
2, 164388, 31668596, 32288845
1, 72104, 32234851, 32855286
26, 2, 21
2, 82194, 32288845, 32596421
1, 36054, 32855286, 33162852
27, 2, 21
2, 232162, 32596421, 34464969
1, 144204, 33162852, 35030855
28, 2, 21
2, 72100, 34464969, 35414394
1, 72104, 35030855, 35980924
29, 2, 21
2, 126896, 35414394, 35722031
1, 36054, 35980924, 36287812
30, 2, 21
2, 80752, 35722031, 35892177
1, 18750, 36287812, 36457923
31, 2, 21
2, 21630, 35892177, 35977542
1, 10098, 36457923, 36543270
32, 2, 21
2, 12978, 35977542, 36026537
1, 5772, 36543270, 36591637
33, 2, 21
2, 568148, 36026537, 37510494
1, 144204, 36591637, 38076797
34, 2, 21
2, 262444, 37510494, 38162465
1, 72104, 38076797, 38728793
35, 2, 21
2, 132664, 38162465, 38489872
1, 36054, 38728793, 39055963
36, 2, 21
2, 144200, 38489872, 39939671
1, 144204, 39055963, 40506225
37, 2, 21
2, 72100, 39939671, 40561848
1, 72104, 40506225, 41128304
38, 2, 21
2, 545076, 40561848, 42005775
1, 144204, 41128304, 42572162
39, 2, 21
2, 262444, 42005775, 42674443
1, 72104, 42572162, 43240865
40, 2, 21
2, 139874, 42674443, 42987968
1, 36054, 43240865, 43553612
41, 2, 21
2, 69216, 42987968, 43148071
1, 18750, 43553612, 43714246
42, 2, 21
2, 312914, 43148071, 44549371
1, 144204, 43714246, 45114270
43, 2, 21
2, 72100, 44549371, 45500811
1, 72104, 45114270, 46066896
44, 2, 21
2, 36050, 45500811, 45953602
1, 36054, 46066896, 46519661
45, 2, 21
2, 144200, 45953602, 47214220
1, 144204, 46519661, 47780649
46, 2, 21
2, 72100, 47214220, 47817405
1, 72104, 47780649, 48383658
47, 2, 21
2, 144200, 47817405, 49407074
1, 144204, 48383658, 49972819
48, 2, 21
2, 144200, 49407074, 51071446
1, 144204, 49972819, 51637849
49, 2, 21
2, 144200, 51071446, 52291087
1, 144204, 51637849, 52857576
50, 2, 21
2, 72100, 52291087, 52902421
1, 72104, 52857576, 53468228
51, 2, 21
2, 373478, 52902421, 54140134
1, 144204, 53468228, 54705666
52, 2, 21
2, 295610, 54140134, 54743953
1, 72104, 54705666, 55310342
53, 2, 21
2, 144200, 54743953, 55050557
1, 36054, 55310342, 55616821
54, 2, 21
2, 571032, 55050557, 56284116
1, 144204, 55616821, 56849768
55, 2, 21
2, 555170, 56284116, 57495541
1, 144204, 56849768, 58061368
56, 2, 21
2, 474418, 57495541, 58720770
1, 144204, 58061368, 59287202
57, 2, 21
2, 144200, 58720770, 60029301
1, 144204, 59287202, 60595464
58, 2, 21
2, 72100, 60029301, 60672812
1, 72104, 60595464, 61239078
59, 2, 21
2, 144200, 60672812, 61924634
1, 144204, 61239078, 62491333
60, 2, 21
2, 144200, 61924634, 63286799
1, 144204, 62491333, 63853468
61, 2, 21
2, 144200, 63286799, 64616228
1, 144204, 63853468, 65182939
