0, 2, 21
2, 102382, 5589672, 6600661
1, 102382, 6181729, 7191822
1, 2, 21
2, 111034, 6600661, 7601907
1, 111034, 7191822, 8193314
2, 2, 21
2, 111034, 7601907, 8602389
1, 111034, 8193314, 9193772
3, 2, 21
2, 111034, 8602389, 15717194
1, 111034, 9193772, 16308751
4, 2, 21
2, 113918, 15717194, 16725876
1, 113918, 16308751, 17317955
5, 1, 21
2, 141316, 16725876, 17726645
6, 1, 21
1, 112476, 17317955, 18327433
7, 1, 21
3, 142758, 16946071, 18014720
8, 1, 21
2, 239422, 17726645, 18737574
9, 1, 21
1, 112476, 18327433, 19384689
10, 1, 21
3, 147084, 18014720, 19016765
11, 1, 21
2, 285566, 18737574, 19742225
12, 1, 21
1, 108150, 19384689, 20395391
13, 1, 21
4, 154294, 18384760, 19386084
14, 1, 21
3, 148526, 19016765, 20023701
15, 1, 21
2, 412487, 19742225, 20743270
16, 1, 21
1, 111034, 20395391, 21404971
17, 1, 21
4, 113918, 19386084, 20419353
18, 1, 21
3, 111034, 20023701, 21035011
19, 1, 21
2, 314431, 20743270, 21744477
20, 1, 21
1, 92288, 21404971, 22409793
21, 1, 21
4, 151410, 20419353, 21424404
22, 1, 21
2, 380738, 21744477, 22755568
23, 1, 21
1, 115360, 22409793, 23423111
24, 1, 21
4, 118244, 21424404, 22433320
25, 1, 21
2, 201930, 22755568, 23761179
26, 1, 21
1, 85078, 23423111, 24429831
27, 1, 21
4, 128338, 22433320, 23437383
28, 1, 21
2, 230770, 23761179, 24768004
29, 1, 21
1, 100940, 24429831, 25438510
30, 1, 21
4, 147084, 23437383, 24437846
31, 1, 21
2, 265378, 24768004, 25768197
32, 1, 21
1, 116802, 25438510, 26446495
33, 1, 21
4, 154294, 24437846, 25444208
34, 1, 21
2, 263936, 25768197, 26770836
35, 1, 21
1, 112476, 26446495, 27449889
36, 1, 21
4, 147084, 25444208, 26445992
37, 1, 21
2, 259610, 26770836, 27777155
38, 1, 21
1, 112476, 27449889, 28458729
39, 1, 21
3, 138432, 21035011, 27890340
40, 1, 21
4, 144200, 26445992, 27451049
41, 1, 21
2, 298569, 27777155, 28778958
42, 1, 21
1, 118244, 28458729, 29467890
43, 1, 21
3, 134106, 27890340, 28899921
44, 1, 21
4, 134106, 27451049, 28452265
45, 1, 21
2, 380763, 28778958, 29783109
46, 1, 21
1, 106708, 29467890, 30479723
47, 1, 21
3, 148526, 28899921, 29906834
48, 1, 21
2, 380738, 29783109, 30784199
49, 1, 21
1, 118244, 30479723, 31485047
50, 1, 21
3, 148526, 29906834, 30907699
51, 1, 21
2, 266820, 30784199, 31785738
52, 1, 21
1, 118244, 31485047, 32487178
53, 1, 21
3, 148526, 30907699, 31909741
54, 1, 21
2, 262494, 31785738, 32787820
55, 1, 21
1, 118244, 32487178, 33489613
56, 2, 21
2, 145667, 32787820, 33900972
1, 73542, 33489613, 34492863
57, 2, 21
2, 66332, 33900972, 34904578
1, 66332, 34492863, 35495718
58, 1, 21
3, 98056, 31909741, 34819138
59, 2, 21
2, 262469, 34904578, 35909071
1, 98056, 35495718, 36500237
60, 1, 21
3, 250908, 34819138, 35821925
61, 1, 21
2, 331685, 35909071, 36911460
62, 1, 21
1, 87962, 36500237, 37509134
63, 1, 21
3, 325892, 35821925, 36824807
64, 1, 21
2, 439860, 36911460, 37914691
65, 1, 21
1, 115360, 37509134, 38516692
66, 1, 21
3, 302820, 36824807, 37827274
67, 2, 21
2, 259610, 37914691, 38929060
1, 109592, 38516692, 39521000
68, 2, 21
2, 96614, 38929060, 39936448
1, 96614, 39521000, 40527760
69, 1, 21
3, 2884, 37827274, 40052703
70, 2, 21
2, 180275, 39936448, 40941651
1, 102382, 40527760, 41532872
71, 1, 21
3, 294168, 40052703, 41055294
72, 1, 21
2, 423973, 40941651, 41947319
73, 1, 21
1, 108150, 41532872, 42543127
74, 1, 21
3, 302820, 41055294, 42059039
75, 1, 21
2, 413904, 41947319, 42949038
76, 1, 21
1, 111034, 42543127, 43548257
77, 1, 21
3, 318682, 42059039, 43060896
78, 2, 21
2, 333152, 42949038, 43960998
1, 111034, 43548257, 44552925
79, 2, 21
2, 89404, 43960998, 44973052
1, 89404, 44552925, 45564281
80, 2, 21
2, 77868, 44973052, 45983908
1, 77868, 45564281, 46575213
81, 2, 21
2, 115360, 45983908, 46993223
1, 115360, 46575213, 47585208
82, 2, 21
2, 118244, 46993223, 48006906
1, 118244, 47585208, 48598693
83, 2, 21
2, 87962, 48006906, 49010558
1, 87962, 48598693, 49602449
84, 2, 21
2, 79310, 49010558, 50013563
1, 79310, 49602449, 50604779
85, 2, 21
2, 93730, 50013563, 51016401
1, 93730, 50604779, 51607498
86, 2, 21
2, 119686, 51016401, 52027049
1, 119686, 51607498, 52619047
87, 2, 21
2, 118244, 52027049, 53035440
1, 118244, 52619047, 53626617
88, 1, 21
3, 2884, 43060896, 52814691
89, 2, 21
2, 323033, 53035440, 54035544
1, 116802, 53626617, 54627401
90, 1, 21
3, 343196, 52814691, 53818280
91, 1, 21
2, 481653, 54035544, 55039461
92, 1, 21
1, 119686, 54627401, 55636626
93, 1, 21
3, 356174, 53818280, 54819566
94, 1, 21
2, 467258, 55039461, 56041502
95, 1, 21
1, 116802, 55636626, 56642179
96, 1, 21
3, 347522, 54819566, 55821923
97, 1, 21
2, 465816, 56041502, 57045098
98, 1, 21
1, 119686, 56642179, 57645552
99, 1, 21
3, 337428, 55821923, 56822789
100, 1, 21
2, 449954, 57045098, 58046850
101, 1, 21
1, 118244, 57645552, 58647694
102, 1, 21
3, 341754, 56822789, 57826148
103, 2, 21
2, 248074, 58046850, 59056080
1, 115360, 58647694, 59648242
104, 2, 21
2, 111034, 59056080, 60059257
1, 111034, 59648242, 60651423
105, 2, 21
2, 113918, 60059257, 61068179
1, 113918, 60651423, 61660334
106, 2, 21
2, 115360, 61068179, 62071472
1, 115360, 61660334, 62663638
107, 2, 21
2, 106708, 62071472, 63079865
1, 106708, 62663638, 63672033
108, 2, 21
2, 106708, 63079865, 64084314
1, 106708, 63672033, 64675710
109, 2, 21
2, 112476, 64084314, 65093995
1, 112476, 64675710, 65686159
