0, 2, 21
2, 213416, 5627035, 7639784
1, 213416, 6229424, 8241447
1, 2, 21
2, 222068, 7639784, 15755762
1, 222068, 8241447, 16356960
2, 1, 21
2, 246582, 15755762, 17756370
3, 1, 21
1, 224952, 16356960, 18366893
4, 1, 21
3, 276864, 17019776, 19021900
5, 1, 21
2, 510518, 17756370, 19760687
6, 1, 21
1, 213416, 18366893, 20376375
7, 1, 21
3, 265328, 19021900, 21030351
8, 1, 21
4, 266770, 18437679, 20446143
9, 1, 21
2, 710981, 19760687, 21761335
10, 1, 21
1, 198996, 20376375, 22388086
11, 1, 21
4, 265328, 20446143, 22484836
12, 1, 21
2, 598480, 21761335, 23761736
13, 1, 21
1, 206206, 22388086, 24406667
14, 1, 21
4, 272538, 22484836, 24486837
15, 1, 21
2, 486004, 23761736, 25769244
16, 1, 21
1, 207648, 24406667, 26412745
17, 1, 21
4, 299936, 24486837, 26492189
18, 1, 21
2, 527822, 25769244, 27772848
19, 1, 21
1, 227836, 26412745, 28412823
20, 1, 21
3, 145642, 21030351, 27991265
21, 1, 21
4, 272538, 26492189, 28494229
22, 1, 21
2, 660511, 27772848, 29773035
23, 1, 21
1, 224952, 28412823, 30417750
24, 1, 21
3, 278306, 27991265, 29995225
25, 1, 21
3, 297052, 29995225, 31998720
26, 1, 21
2, 933049, 29773035, 32774252
27, 1, 21
1, 353290, 30417750, 33429615
28, 1, 21
2, 229303, 32774252, 34784219
29, 1, 21
1, 151410, 33429615, 35472498
30, 1, 21
3, 102382, 31998720, 34934490
31, 1, 21
2, 496098, 34784219, 36785821
32, 1, 21
1, 180250, 35472498, 37482059
33, 1, 21
3, 573916, 34934490, 36936009
34, 1, 21
2, 783056, 36785821, 38791198
35, 1, 21
1, 223510, 37482059, 39485431
36, 1, 21
3, 307146, 36936009, 40172322
37, 1, 21
2, 212024, 38791198, 40792384
38, 1, 21
1, 298494, 39485431, 42487182
39, 1, 21
3, 550844, 40172322, 42176561
40, 1, 21
2, 748448, 40792384, 42795000
41, 1, 21
2, 569590, 42795000, 44806045
42, 1, 21
1, 393666, 42487182, 46600484
43, 1, 21
2, 174507, 44806045, 46819093
44, 1, 21
1, 222068, 46600484, 48605340
45, 1, 21
2, 301403, 46819093, 49823239
46, 1, 21
1, 173040, 48605340, 50616638
47, 1, 21
1, 200438, 50616638, 52616813
48, 1, 21
3, 367710, 42176561, 53167684
49, 1, 21
2, 465841, 49823239, 53870825
50, 1, 21
1, 233604, 52616813, 54625977
51, 1, 21
3, 684950, 53167684, 55171352
52, 1, 21
2, 914278, 53870825, 55872693
53, 1, 21
1, 348964, 54625977, 57631764
54, 1, 21
3, 994980, 55171352, 58174219
55, 1, 21
2, 1346878, 55872693, 58873105
56, 1, 21
2, 235046, 58873105, 60881755
57, 1, 21
2, 226394, 60881755, 62893338
