0, 2, 21
2, 72100, 5612440, 6359449
1, 72104, 6223827, 6970913
1, 2, 21
2, 144200, 6359449, 7656009
1, 144204, 6970913, 8267525
2, 2, 21
2, 144200, 7656009, 8943393
1, 144204, 8267525, 9554784
3, 2, 21
2, 217742, 8943393, 17009534
1, 217746, 9554784, 17620926
4, 2, 21
2, 85078, 17009534, 17667224
1, 72104, 17620926, 18278738
5, 2, 21
2, 82194, 17667224, 17978089
1, 36054, 18278738, 18589583
6, 2, 21
2, 43260, 17978089, 18138744
1, 18750, 18589583, 18750296
7, 2, 21
2, 21630, 18138744, 18226991
1, 10098, 18750296, 18838190
8, 2, 21
2, 341754, 18226991, 19631758
1, 144204, 18838190, 20242251
9, 2, 21
2, 269654, 19631758, 20301651
1, 72104, 20242251, 20913008
10, 2, 21
2, 136990, 20301651, 20633639
1, 36054, 20913008, 21243783
11, 2, 21
2, 69216, 20633639, 20802070
1, 18750, 21243783, 21412991
12, 2, 21
2, 488838, 20802070, 22274523
1, 144204, 21412991, 22885406
13, 2, 21
2, 220626, 22274523, 22918265
1, 72104, 22885406, 23528987
14, 2, 21
2, 98056, 22918265, 23364930
1, 36054, 23528987, 23974345
15, 2, 21
2, 37492, 23364930, 23542846
1, 18750, 23974345, 24154024
16, 2, 21
2, 15862, 23542846, 23639155
1, 10098, 24154024, 24250374
17, 2, 21
2, 344638, 23639155, 25139005
1, 144204, 24250374, 25750203
18, 2, 21
2, 328776, 25139005, 26361083
1, 144204, 25750203, 26972283
19, 2, 21
2, 162946, 26361083, 26982065
1, 72104, 26972283, 27591871
20, 2, 21
2, 325892, 26982065, 28224767
1, 144204, 27591871, 28835917
21, 2, 21
2, 434042, 28224767, 29540301
1, 144204, 28835917, 30151483
22, 2, 21
2, 249466, 29540301, 30181513
1, 72104, 30151483, 30791279
23, 2, 21
2, 125454, 30181513, 30489754
1, 36054, 30791279, 31100850
24, 2, 21
2, 356174, 30489754, 31707805
1, 144204, 31100850, 32318498
25, 2, 21
2, 162946, 31707805, 32320063
1, 72104, 32318498, 32930812
26, 2, 21
2, 79310, 32320063, 32625752
1, 36054, 32930812, 33236617
27, 2, 21
2, 258118, 32625752, 34488402
1, 144204, 33236617, 35099155
28, 2, 21
2, 72100, 34488402, 35437165
1, 72104, 35099155, 36048179
29, 2, 21
2, 67774, 35437165, 35743634
1, 36054, 36048179, 36354814
30, 2, 21
2, 76426, 35743634, 35914053
1, 18750, 36354814, 36524867
31, 2, 21
2, 43260, 35914053, 35999403
1, 10098, 36524867, 36610261
32, 2, 21
2, 21630, 35999403, 36047943
1, 5772, 36610261, 36658589
33, 2, 21
2, 540750, 36047943, 37541124
1, 144204, 36658589, 38151711
34, 2, 21
2, 266770, 37541124, 38193374
1, 72104, 38151711, 38803724
35, 2, 21
2, 125454, 38193374, 38521065
1, 36054, 38803724, 39130771
36, 2, 21
2, 203322, 38521065, 39971039
1, 144204, 39130771, 40581707
37, 2, 21
2, 72100, 39971039, 40594751
1, 72104, 40581707, 41205332
38, 2, 21
2, 472976, 40594751, 42041211
1, 144204, 41205332, 42651420
39, 2, 21
2, 253792, 42041211, 42730659
1, 72104, 42651420, 43341385
40, 2, 21
2, 122570, 42730659, 43060191
1, 36054, 43341385, 43669147
41, 2, 21
2, 69216, 43060191, 43229658
1, 18750, 43669147, 43840341
42, 2, 21
2, 415296, 43229658, 44683048
1, 144204, 43840341, 45294273
43, 2, 21
2, 72100, 44683048, 45637223
1, 72104, 45294273, 46247629
44, 2, 21
2, 36050, 45637223, 46088614
1, 36054, 46247629, 46699860
45, 2, 21
2, 144200, 46088614, 47353353
1, 144204, 46699860, 47963987
46, 2, 21
2, 72100, 47353353, 47956566
1, 72104, 47963987, 48567827
47, 2, 21
2, 144200, 47956566, 49547509
1, 144204, 48567827, 50158860
48, 2, 21
2, 144200, 49547509, 51212841
1, 144204, 50158860, 51823994
49, 2, 21
2, 144200, 51212841, 52434563
1, 144204, 51823994, 53045008
50, 2, 21
2, 72100, 52434563, 53045376
1, 72104, 53045008, 53655804
51, 2, 21
2, 265328, 53045376, 54283011
1, 144204, 53655804, 54894289
52, 2, 21
2, 282632, 54283011, 54888011
1, 72104, 54894289, 55499253
53, 2, 21
2, 148526, 54888011, 55194987
1, 36054, 55499253, 55806090
54, 2, 21
2, 573916, 55194987, 56431509
1, 144204, 55806090, 57042782
55, 2, 21
2, 560938, 56431509, 57651908
1, 144204, 57042782, 58261000
56, 2, 21
2, 559496, 57651908, 58880920
1, 144204, 58261000, 59491993
57, 2, 21
2, 165830, 58880920, 60191510
1, 144204, 59491993, 60803031
58, 2, 21
2, 72100, 60191510, 60835636
1, 72104, 60803031, 61447071
59, 2, 21
2, 144200, 60835636, 62089146
1, 144204, 61447071, 62700122
60, 2, 21
2, 144200, 62089146, 63451452
1, 144204, 62700122, 64062869
61, 2, 21
2, 144200, 63451452, 64781818
1, 144204, 64062869, 65393198
