0, 2, 21
2, 210532, 5563387, 7568019
1, 210532, 6158087, 8161997
1, 2, 21
2, 220626, 7568019, 9573109
1, 220626, 8161997, 10167502
2, 2, 21
2, 4326, 9573109, 15729171
1, 4326, 10167502, 16323325
3, 2, 21
2, 252350, 15729171, 17730263
1, 223510, 16323325, 18324392
4, 1, 21
3, 275422, 16962328, 18962726
5, 1, 21
2, 517703, 17730263, 19738476
6, 1, 21
1, 213416, 18324392, 20333251
7, 1, 21
3, 266770, 18962726, 20969742
8, 1, 21
4, 268212, 18419419, 20455145
9, 1, 21
2, 722517, 19738476, 21742955
10, 1, 21
1, 201880, 20333251, 22339769
11, 1, 21
4, 268212, 20455145, 22457735
12, 2, 21
2, 584060, 21742955, 23745763
1, 198996, 22339769, 24339835
13, 1, 21
4, 275422, 22457735, 24461599
14, 2, 21
2, 487421, 23745763, 25754113
1, 204764, 24339835, 26347712
15, 1, 21
4, 301378, 24461599, 26467358
16, 2, 21
2, 529239, 25754113, 27758858
1, 229278, 26347712, 28353033
17, 1, 21
3, 145642, 20969742, 27924795
18, 1, 21
4, 279748, 26467358, 28474133
19, 1, 21
2, 676348, 27758858, 29764828
20, 1, 21
1, 226394, 28353033, 30361606
21, 1, 21
3, 272538, 27924795, 29935531
22, 2, 21
2, 638856, 29764828, 31774189
1, 232162, 30361606, 32368476
23, 1, 21
3, 295610, 29935531, 31937334
24, 2, 21
2, 432625, 31774189, 33803018
1, 213416, 32368476, 34396608
25, 1, 21
3, 109592, 31937334, 34920472
26, 1, 21
2, 250933, 33803018, 35804445
27, 1, 21
1, 147084, 34396608, 36409592
28, 1, 21
3, 576800, 34920472, 36922650
29, 1, 21
2, 768636, 35804445, 37810969
30, 1, 21
1, 203322, 36409592, 38420250
31, 1, 21
2, 416763, 37810969, 39824953
32, 1, 21
1, 204764, 38420250, 40432965
33, 1, 21
3, 305704, 36922650, 40150678
34, 1, 21
2, 535032, 39824953, 41828285
35, 1, 21
1, 206206, 40432965, 42437602
36, 1, 21
3, 594104, 40150678, 42153701
37, 1, 21
2, 813338, 41828285, 43831755
38, 1, 21
1, 223510, 42437602, 44439716
39, 2, 21
2, 173065, 43831755, 45865465
1, 171598, 44439716, 46459493
40, 2, 21
2, 222068, 45865465, 47867454
1, 222068, 46459493, 48461401
41, 2, 21
2, 177366, 47867454, 49887596
1, 177366, 48461401, 50481116
42, 2, 21
2, 201880, 49887596, 51892537
1, 201880, 50481116, 52486559
43, 1, 21
3, 324450, 42153701, 52923248
44, 1, 21
2, 364876, 51892537, 53893108
45, 1, 21
1, 233604, 52486559, 54487096
46, 1, 21
3, 697928, 52923248, 54927262
47, 2, 21
2, 937325, 53893108, 55896935
1, 236488, 54487096, 56490724
48, 1, 21
3, 682066, 54927262, 56928678
49, 2, 21
2, 911369, 55896935, 57897993
1, 235046, 56490724, 58491116
50, 2, 21
2, 447020, 57897993, 59899009
1, 226394, 58491116, 60493400
51, 2, 21
2, 229278, 59899009, 61911053
1, 229278, 60493400, 62505368
52, 2, 21
2, 213416, 61911053, 63912686
1, 213416, 62505368, 64507074
53, 2, 21
2, 222068, 63912686, 65918139
1, 222068, 64507074, 66512166
