0, 2, 21
2, 54796, 5632106, 6192457
1, 54796, 6231051, 6791470
1, 2, 21
2, 53354, 6192457, 6694590
1, 53354, 6791470, 7293726
2, 2, 21
2, 57680, 6694590, 7204590
1, 57680, 7293726, 7803547
3, 2, 21
2, 54796, 7204590, 7710085
1, 54796, 7803547, 8308255
4, 2, 21
2, 56238, 7710085, 8220429
1, 56238, 8308255, 8818652
5, 2, 21
2, 57680, 8220429, 8731771
1, 57680, 8818652, 9330115
6, 2, 21
2, 56238, 8731771, 9236442
1, 56238, 9330115, 9834680
7, 2, 21
2, 44702, 9236442, 15759928
1, 44702, 9834680, 16358273
8, 2, 21
2, 54796, 15759928, 16266433
1, 54796, 16358273, 16864836
9, 2, 21
2, 74984, 16266433, 16902933
1, 74984, 16864836, 17501765
10, 1, 21
2, 90846, 16902933, 17688622
11, 1, 21
1, 86520, 17501765, 18290300
12, 1, 21
3, 76426, 17080669, 17585957
13, 1, 21
2, 134156, 17688622, 18189482
14, 1, 21
3, 64890, 17585957, 18088175
15, 1, 21
2, 118269, 18189482, 18693440
16, 1, 21
1, 122570, 18290300, 19435408
17, 1, 21
3, 60564, 18088175, 18597056
18, 1, 21
2, 106758, 18693440, 19196233
19, 1, 21
1, 64890, 19435408, 20067341
20, 1, 21
3, 79310, 18597056, 19103446
21, 1, 21
2, 138482, 19196233, 19697945
22, 1, 21
4, 72100, 18526285, 19030972
23, 1, 21
3, 73542, 19103446, 19606533
24, 1, 21
2, 196162, 19697945, 20199335
25, 1, 21
1, 86520, 20067341, 20854897
26, 1, 21
4, 74984, 19030972, 19531668
27, 1, 21
3, 76426, 19606533, 20110489
28, 1, 21
2, 207723, 20199335, 20699477
29, 1, 21
4, 66332, 19531668, 20044722
30, 1, 21
3, 66332, 20110489, 20623395
31, 1, 21
2, 213466, 20699477, 21310366
32, 1, 21
4, 50470, 20044722, 20549442
33, 1, 21
3, 51912, 20623395, 21169964
34, 1, 21
1, 157178, 20854897, 22388960
35, 1, 21
2, 144275, 21310366, 21815925
36, 1, 21
4, 66332, 20549442, 21053477
37, 1, 21
3, 76426, 21169964, 21680420
38, 1, 21
1, 53354, 22388960, 22894703
39, 1, 21
2, 201955, 21815925, 22317330
40, 1, 21
4, 70658, 21053477, 21553615
41, 1, 21
1, 56238, 22894703, 23396363
42, 1, 21
2, 181742, 22317330, 22821468
43, 1, 21
4, 60564, 21553615, 22062499
44, 1, 21
2, 100965, 22821468, 23323215
45, 1, 21
1, 53354, 23396363, 23989722
46, 1, 21
4, 69216, 22062499, 22591210
47, 1, 21
2, 125504, 23323215, 23949755
48, 1, 21
1, 54796, 23989722, 24618507
49, 1, 21
4, 47586, 22591210, 23103867
50, 1, 21
1, 49028, 24618507, 25118856
51, 1, 21
2, 180325, 23949755, 24734718
52, 1, 21
4, 72100, 23103867, 23604209
53, 1, 21
1, 56238, 25118856, 25628444
54, 1, 21
2, 131272, 24734718, 25236560
55, 1, 21
4, 90846, 23604209, 24231531
56, 1, 21
1, 72100, 25628444, 26260850
57, 1, 21
2, 206256, 25236560, 26018024
58, 1, 21
4, 119686, 24231531, 25021582
59, 1, 21
1, 92288, 26260850, 27042367
60, 1, 21
2, 317290, 26018024, 27245978
61, 1, 21
4, 216300, 25021582, 26552542
62, 1, 21
1, 222068, 27042367, 28954107
63, 1, 21
3, 62006, 21680420, 28025976
64, 1, 21
2, 457189, 27245978, 28858872
65, 1, 21
3, 82194, 28025976, 28662661
66, 1, 21
4, 220626, 26552542, 28163077
67, 1, 21
2, 178858, 28858872, 29359697
68, 1, 21
1, 125454, 28954107, 30102988
69, 1, 21
3, 72100, 28662661, 29166434
70, 1, 21
4, 69216, 28163077, 28668553
71, 1, 21
2, 238005, 29359697, 29984778
72, 1, 21
1, 70658, 30102988, 30730217
73, 1, 21
3, 92288, 29166434, 29791461
74, 1, 21
4, 82194, 28668553, 29300560
75, 1, 21
2, 315873, 29984778, 30767864
76, 1, 21
1, 92288, 30730217, 31512330
77, 1, 21
4, 72100, 29300560, 29806367
78, 1, 21
3, 144200, 29791461, 30774898
79, 1, 21
2, 197629, 30767864, 31364273
80, 1, 21
2, 131222, 31364273, 31864866
81, 1, 21
1, 180250, 31512330, 33041036
82, 1, 21
2, 167297, 31864866, 32494112
83, 1, 21
3, 255234, 30774898, 32570018
84, 1, 21
2, 193253, 32494112, 33279242
85, 1, 21
1, 115360, 33041036, 34168002
86, 1, 21
2, 40401, 33279242, 33843643
87, 1, 21
1, 21630, 34168002, 34679389
88, 1, 21
2, 31749, 33843643, 34350868
89, 1, 21
1, 34608, 34679389, 35180950
90, 1, 21
2, 56263, 34350868, 35134002
91, 1, 21
1, 44702, 35180950, 35835399
92, 1, 21
3, 31724, 32570018, 34965102
93, 1, 21
1, 57680, 35835399, 36344120
94, 1, 21
2, 226469, 35134002, 35945376
95, 1, 21
3, 164388, 34965102, 35525487
96, 1, 21
1, 63448, 36344120, 36980779
97, 1, 21
2, 152902, 35945376, 36453292
98, 1, 21
3, 96614, 35525487, 36038103
99, 1, 21
1, 40376, 36980779, 37488813
100, 1, 21
2, 171648, 36453292, 36956060
101, 1, 21
3, 171598, 36038103, 36541241
102, 1, 21
1, 59122, 37488813, 37993433
103, 1, 21
2, 230770, 36956060, 37456847
104, 1, 21
3, 206206, 36541241, 37166312
105, 1, 21
2, 210557, 37456847, 37958086
106, 1, 21
1, 70658, 37993433, 38628758
107, 1, 21
3, 141316, 37166312, 37666722
108, 1, 21
2, 249516, 37958086, 38584964
109, 1, 21
1, 106708, 38628758, 39613390
110, 1, 21
2, 53379, 38584964, 39110415
111, 1, 21
1, 46144, 39613390, 40122757
112, 1, 21
2, 44727, 39110415, 39623123
113, 1, 21
1, 67774, 40122757, 40757705
114, 1, 21
2, 72125, 39623123, 40254860
115, 1, 21
1, 54796, 40757705, 41261676
116, 1, 21
3, 102382, 37666722, 40201616
117, 1, 21
2, 142808, 40254860, 40991308
118, 1, 21
1, 43260, 41261676, 41804165
119, 1, 21
2, 180275, 40991308, 41491489
120, 1, 21
3, 224952, 40201616, 40985180
121, 1, 21
1, 59122, 41804165, 42310791
122, 1, 21
2, 220676, 41491489, 41992469
123, 1, 21
3, 161504, 40985180, 41487889
124, 1, 21
1, 73542, 42310791, 42942733
125, 1, 21
2, 190394, 41992469, 42493307
126, 1, 21
3, 177366, 41487889, 42115343
127, 1, 21
1, 53354, 42942733, 43451346
128, 1, 21
2, 216350, 42493307, 42993424
129, 1, 21
3, 162946, 42115343, 42621116
130, 1, 21
1, 57680, 43451346, 43957225
131, 1, 21
2, 258168, 42993424, 43619986
132, 1, 21
3, 149968, 42621116, 43125027
133, 1, 21
1, 53354, 43957225, 44458106
134, 1, 21
2, 118294, 43619986, 44129551
135, 1, 21
1, 47586, 44458106, 44975763
136, 1, 21
2, 49053, 44129551, 44657378
137, 1, 21
1, 53354, 44975763, 45600922
138, 1, 21
2, 51937, 44657378, 45300933
139, 1, 21
1, 38934, 45600922, 46106974
140, 1, 21
1, 41818, 46106974, 46613426
141, 1, 21
2, 88012, 45300933, 46285725
142, 1, 21
1, 57680, 46613426, 47120121
143, 1, 21
1, 73542, 47120121, 47751662
144, 1, 21
1, 111034, 47751662, 48733846
145, 1, 21
1, 44702, 48733846, 49275011
146, 1, 21
1, 47586, 49275011, 49789298
147, 1, 21
1, 37492, 49789298, 50311742
148, 1, 21
1, 46144, 50311742, 50819536
149, 1, 21
1, 40376, 50819536, 51329030
150, 1, 21
2, 473176, 46285725, 51122021
151, 1, 21
1, 59122, 51329030, 51831818
152, 1, 21
1, 60564, 51831818, 52339171
153, 1, 21
2, 75034, 51122021, 51751590
154, 1, 21
1, 73542, 52339171, 52965500
155, 1, 21
2, 92313, 51751590, 52537247
156, 1, 21
1, 115360, 52965500, 53949874
157, 1, 21
3, 41818, 43125027, 52990465
158, 1, 21
2, 160112, 52537247, 53652789
159, 1, 21
3, 165830, 52990465, 53491570
160, 1, 21
2, 222093, 53652789, 54154433
161, 1, 21
2, 242256, 54154433, 54657568
162, 1, 21
3, 222068, 53491570, 54117089
163, 1, 21
2, 295635, 54657568, 55284953
164, 1, 21
3, 278306, 54117089, 54901765
165, 1, 21
2, 233629, 55284953, 55787286
166, 1, 21
2, 291284, 55787286, 56414625
167, 1, 21
3, 524888, 54901765, 56430870
168, 1, 21
2, 448487, 56414625, 57391907
169, 1, 21
2, 559496, 57391907, 58687128
170, 1, 21
2, 56238, 58687128, 59199503
171, 1, 21
2, 69216, 59199503, 59828756
172, 1, 21
2, 87962, 59828756, 60612887
173, 1, 21
2, 175924, 60612887, 62150620
174, 1, 21
1, 1144948, 53949874, 63959874
