0, 2, 21
2, 72100, 5653653, 6399762
1, 72104, 6231776, 6977685
1, 2, 21
2, 144200, 6399762, 7692267
1, 144204, 6977685, 8270202
2, 2, 21
2, 144200, 7692267, 8978847
1, 144204, 8270202, 9556860
3, 2, 21
2, 217742, 8978847, 17040481
1, 217746, 9556860, 17618467
4, 2, 21
2, 92288, 17040481, 17698656
1, 72104, 17618467, 18276223
5, 2, 21
2, 82194, 17698656, 18008782
1, 36054, 18276223, 18586616
6, 2, 21
2, 41818, 18008782, 18169295
1, 18750, 18586616, 18747059
7, 2, 21
2, 23072, 18169295, 18257170
1, 10098, 18747059, 18834799
8, 2, 21
2, 346080, 18257170, 19666594
1, 144204, 18834799, 20244584
9, 2, 21
2, 268212, 19666594, 20331718
1, 72104, 20244584, 20909754
10, 2, 21
2, 135548, 20331718, 20657671
1, 36054, 20909754, 21231088
11, 2, 21
2, 69216, 20657671, 20821436
1, 18750, 21231088, 21399466
12, 2, 21
2, 498932, 20821436, 22275826
1, 144204, 21399466, 22853864
13, 2, 21
2, 201880, 22275826, 22918443
1, 72104, 22853864, 23496527
14, 2, 21
2, 98056, 22918443, 23359420
1, 36054, 23496527, 23937457
15, 2, 21
2, 37492, 23359420, 23531907
1, 18750, 23937457, 24109934
16, 2, 21
2, 15862, 23531907, 23627616
1, 10098, 24109934, 24205612
17, 2, 21
2, 343196, 23627616, 25112314
1, 144204, 24205612, 25690064
18, 2, 21
2, 328776, 25112314, 26333542
1, 144204, 25690064, 26911209
19, 2, 21
2, 162946, 26333542, 26951962
1, 72104, 26911209, 27529388
20, 2, 21
2, 323008, 26951962, 28194812
1, 144204, 27529388, 28772536
21, 2, 21
2, 452788, 28194812, 29499155
1, 144204, 28772536, 30076791
22, 2, 21
2, 259560, 29499155, 30140485
1, 72104, 30076791, 30717847
23, 2, 21
2, 124012, 30140485, 30448454
1, 36054, 30717847, 31026178
24, 2, 21
2, 354732, 30448454, 31665622
1, 144204, 31026178, 32243532
25, 2, 21
2, 162946, 31665622, 32277744
1, 72104, 32243532, 32855598
26, 2, 21
2, 82194, 32277744, 32583531
1, 36054, 32855598, 33161394
27, 2, 21
2, 233604, 32583531, 34443783
1, 144204, 33161394, 35021675
28, 2, 21
2, 72100, 34443783, 35392953
1, 72104, 35021675, 35970206
29, 2, 21
2, 121128, 35392953, 35699293
1, 36054, 35970206, 36276997
30, 2, 21
2, 80752, 35699293, 35870485
1, 18750, 36276997, 36447358
31, 2, 21
2, 27398, 35870485, 35955773
1, 10098, 36447358, 36532555
32, 2, 21
2, 7210, 35955773, 36004194
1, 5772, 36532555, 36580779
33, 2, 21
2, 568148, 36004194, 37489046
1, 144204, 36580779, 38066203
34, 2, 21
2, 261002, 37489046, 38142437
1, 72104, 38066203, 38718008
35, 2, 21
2, 136990, 38142437, 38468266
1, 36054, 38718008, 39045049
36, 2, 21
2, 144200, 38468266, 39917148
1, 144204, 39045049, 40494986
37, 2, 21
2, 72100, 39917148, 40539256
1, 72104, 40494986, 41116451
38, 2, 21
2, 539308, 40539256, 41983792
1, 144204, 41116451, 42560667
39, 2, 21
2, 266770, 41983792, 42652837
1, 72104, 42560667, 43229707
40, 2, 21
2, 135548, 42652837, 42965526
1, 36054, 43229707, 43542325
41, 2, 21
2, 67774, 42965526, 43125419
1, 18750, 43542325, 43703068
42, 2, 21
2, 320124, 43125419, 44524376
1, 144204, 43703068, 45102217
43, 2, 21
2, 72100, 44524376, 45475590
1, 72104, 45102217, 46053440
44, 2, 21
2, 36050, 45475590, 45927879
1, 36054, 46053440, 46505629
45, 2, 21
2, 144200, 45927879, 47188470
1, 144204, 46505629, 47765448
46, 2, 21
2, 72100, 47188470, 47791351
1, 72104, 47765448, 48368441
47, 2, 21
2, 144200, 47791351, 49380309
1, 144204, 48368441, 49957978
48, 2, 21
2, 144200, 49380309, 51046376
1, 144204, 49957978, 51623506
49, 2, 21
2, 144200, 51046376, 52267246
1, 144204, 51623506, 52844311
50, 2, 21
2, 72100, 52267246, 52877529
1, 72104, 52844311, 53454738
51, 2, 21
2, 366268, 52877529, 54115873
1, 144204, 53454738, 54692071
52, 2, 21
2, 295610, 54115873, 54719932
1, 72104, 54692071, 55296867
53, 2, 21
2, 145642, 54719932, 55026562
1, 36054, 55296867, 55603465
54, 2, 21
2, 571032, 55026562, 56259268
1, 144204, 55603465, 56836872
55, 2, 21
2, 553728, 56259268, 57471134
1, 144204, 56836872, 58048775
56, 2, 21
2, 481628, 57471134, 58696661
1, 144204, 58048775, 59274523
57, 2, 21
2, 144200, 58696661, 60004741
1, 144204, 59274523, 60582220
58, 2, 21
2, 72100, 60004741, 60648016
1, 72104, 60582220, 61225923
59, 2, 21
2, 144200, 60648016, 61900888
1, 144204, 61225923, 62478179
60, 2, 21
2, 144200, 61900888, 63262634
1, 144204, 62478179, 63840643
61, 2, 21
2, 144200, 63262634, 64592163
1, 144204, 63840643, 65170155
