0, 2, 21
2, 54796, 5781863, 6343188
1, 54796, 6343990, 6904692
1, 2, 21
2, 53354, 6343188, 6845576
1, 53354, 6904692, 7407802
2, 2, 21
2, 56238, 6845576, 7346075
1, 56238, 7407802, 7908151
3, 1, 21
1, 53354, 7908151, 8408268
4, 1, 21
2, 54821, 7346075, 7859131
5, 2, 21
2, 54796, 7859131, 8359211
1, 56238, 8408268, 8920410
6, 2, 21
2, 56238, 8359211, 8859958
1, 56238, 8920410, 9421618
7, 2, 21
2, 56238, 8859958, 9364125
1, 56238, 9421618, 9925705
8, 2, 21
2, 49028, 9364125, 15925307
1, 49028, 9925705, 16487437
9, 2, 21
2, 54796, 15925307, 16432701
1, 54796, 16487437, 16994329
10, 2, 21
2, 59122, 16432701, 16936205
1, 59122, 16994329, 17497888
11, 2, 21
2, 57680, 16936205, 17448948
1, 57680, 17497888, 18010594
12, 1, 21
2, 85078, 17448948, 17950691
13, 1, 21
1, 54796, 18010594, 18518187
14, 1, 21
3, 76426, 17179534, 17680560
15, 1, 21
2, 131272, 17950691, 18453699
16, 1, 21
1, 57680, 18518187, 19022563
17, 1, 21
3, 64890, 17680560, 18188761
18, 1, 21
2, 105316, 18453699, 18954753
19, 1, 21
1, 54796, 19022563, 19586538
20, 1, 21
3, 59122, 18188761, 18698436
21, 1, 21
2, 119736, 18954753, 19463185
22, 1, 21
1, 51912, 19586538, 20096949
23, 1, 21
3, 77868, 18698436, 19199628
24, 1, 21
2, 165880, 19463185, 19964278
25, 1, 21
1, 56238, 20096949, 20598779
26, 1, 21
4, 74984, 18584619, 19090197
27, 1, 21
3, 72100, 19199628, 19700371
28, 1, 21
2, 201955, 19964278, 20469085
29, 1, 21
1, 54796, 20598779, 21110340
30, 1, 21
4, 79310, 19090197, 19594258
31, 1, 21
3, 74984, 19700371, 20201637
32, 1, 21
2, 210607, 20469085, 20972766
33, 1, 21
1, 56238, 21110340, 21612012
34, 1, 21
4, 64890, 19594258, 20104642
35, 1, 21
3, 67774, 20201637, 20705210
36, 1, 21
2, 152927, 20972766, 21474091
37, 1, 21
1, 50470, 21612012, 22123753
38, 1, 21
3, 50470, 20705210, 21211241
39, 1, 21
4, 49028, 20104642, 20627505
40, 1, 21
2, 160137, 21474091, 21977100
41, 1, 21
1, 40376, 22123753, 22625926
42, 1, 21
3, 67774, 21211241, 21720563
43, 1, 21
4, 76426, 20627505, 21130075
44, 1, 21
2, 201955, 21977100, 22477977
45, 1, 21
1, 57680, 22625926, 23129809
46, 1, 21
3, 73542, 21720563, 22221505
47, 1, 21
4, 73542, 21130075, 21637430
48, 1, 21
2, 177441, 22477977, 22983220
49, 1, 21
1, 56238, 23129809, 23632345
50, 1, 21
4, 56238, 21637430, 22140124
51, 1, 21
2, 102432, 22983220, 23483708
52, 1, 21
1, 43260, 23632345, 24138775
53, 1, 21
4, 59122, 22140124, 22642193
54, 1, 21
2, 99548, 23483708, 23985180
55, 1, 21
1, 44702, 24138775, 24650575
56, 1, 21
4, 54796, 22642193, 23150927
57, 1, 21
2, 99548, 23985180, 24489709
58, 1, 21
1, 44702, 24650575, 25151246
59, 1, 21
4, 73542, 23150927, 23658985
60, 1, 21
2, 126946, 24489709, 24994724
61, 1, 21
1, 56238, 25151246, 25657238
62, 1, 21
4, 72100, 23658985, 24165929
63, 1, 21
2, 131272, 24994724, 25495862
64, 1, 21
1, 59122, 25657238, 26163499
65, 1, 21
4, 72100, 24165929, 24672702
66, 1, 21
2, 129830, 25495862, 25996607
67, 1, 21
1, 59122, 26163499, 26672729
68, 1, 21
4, 73542, 24672702, 25174825
69, 1, 21
2, 132714, 25996607, 26497765
70, 1, 21
1, 59122, 26672729, 27174312
71, 1, 21
4, 72100, 25174825, 25676967
72, 1, 21
2, 126946, 26497765, 26999365
73, 1, 21
1, 59122, 27174312, 27683542
74, 1, 21
4, 66332, 25676967, 26178942
75, 1, 21
2, 124062, 26999365, 27507295
76, 1, 21
1, 56238, 27683542, 28185793
77, 1, 21
4, 70658, 26178942, 26680496
78, 1, 21
2, 129830, 27507295, 28009459
79, 1, 21
1, 59122, 28185793, 28689033
80, 1, 21
4, 70658, 26680496, 27191108
81, 1, 21
2, 129830, 28009459, 28510588
82, 1, 21
1, 59122, 28689033, 29195657
83, 1, 21
3, 2884, 22221505, 28167393
84, 1, 21
4, 70658, 27191108, 27699198
85, 1, 21
2, 164463, 28510588, 29010911
86, 1, 21
1, 59122, 29195657, 29700792
87, 1, 21
3, 60564, 28167393, 28674389
88, 1, 21
4, 60564, 27699198, 28199565
89, 1, 21
2, 178883, 29010911, 29512075
90, 1, 21
1, 50470, 29700792, 30203332
91, 1, 21
3, 73542, 28674389, 29188507
92, 1, 21
4, 74984, 28199565, 28703790
93, 1, 21
2, 199071, 29512075, 30015922
94, 1, 21
1, 56238, 30203332, 30714517
95, 1, 21
3, 74984, 29188507, 29689186
96, 1, 21
4, 70658, 28703790, 29206491
97, 1, 21
2, 203397, 30015922, 30516701
98, 1, 21
1, 59122, 30714517, 31223319
99, 1, 21
3, 70658, 29689186, 30189767
100, 1, 21
4, 73542, 29206491, 29717637
101, 1, 21
2, 201955, 30516701, 31018608
102, 1, 21
1, 59122, 31223319, 31724496
103, 1, 21
3, 74984, 30189767, 30698500
104, 1, 21
2, 137040, 31018608, 31519972
105, 1, 21
1, 59122, 31724496, 32224678
106, 1, 21
3, 74984, 30698500, 31201527
107, 1, 21
2, 132714, 31519972, 32024227
108, 1, 21
1, 59122, 32224678, 32727411
109, 1, 21
3, 74984, 31201527, 31707250
110, 1, 21
2, 135598, 32024227, 32531747
111, 1, 21
1, 59122, 32727411, 33236520
112, 1, 21
3, 73542, 31707250, 32209344
113, 1, 21
2, 126946, 32531747, 33037996
114, 1, 21
1, 56238, 33236520, 33749423
115, 1, 21
3, 62006, 32209344, 32709484
116, 1, 21
2, 112526, 33037996, 33545170
117, 1, 21
1, 51912, 33749423, 34250815
118, 1, 21
2, 34633, 33545170, 34140727
119, 1, 21
1, 18746, 34250815, 34753460
120, 1, 21
2, 31749, 34140727, 34646852
121, 1, 21
1, 33166, 34753460, 35280575
122, 1, 21
2, 36075, 34646852, 35156291
123, 1, 21
1, 37492, 35280575, 35802361
124, 1, 21
2, 40401, 35156291, 35656384
125, 1, 21
3, 37492, 32709484, 35150018
126, 1, 21
1, 43260, 35802361, 36304133
127, 1, 21
2, 209140, 35656384, 36160411
128, 1, 21
1, 57680, 36304133, 36807299
129, 1, 21
3, 164388, 35150018, 35709322
130, 1, 21
2, 144250, 36160411, 36670313
131, 1, 21
1, 46144, 36807299, 37307575
132, 1, 21
3, 96614, 35709322, 36220079
133, 1, 21
2, 180300, 36670313, 37172240
134, 1, 21
1, 37492, 37307575, 37815296
135, 1, 21
3, 160062, 36220079, 36725994
136, 1, 21
2, 204814, 37172240, 37676574
137, 1, 21
1, 53354, 37815296, 38316303
138, 1, 21
3, 158620, 36725994, 37228754
139, 1, 21
2, 184626, 37676574, 38179565
140, 1, 21
1, 53354, 38316303, 38821591
141, 1, 21
3, 121128, 37228754, 37731492
142, 1, 21
2, 180300, 38179565, 38680343
143, 1, 21
1, 54796, 38821591, 39333602
144, 1, 21
3, 135548, 37731492, 38235546
145, 1, 21
2, 135598, 38680343, 39190058
146, 1, 21
1, 51912, 39333602, 39838462
147, 1, 21
2, 47611, 39190058, 39698847
148, 1, 21
1, 47586, 39838462, 40351122
149, 1, 21
2, 44727, 39698847, 40209081
150, 1, 21
1, 44702, 40351122, 40853261
151, 1, 21
2, 56263, 40209081, 40716268
152, 1, 21
1, 57680, 40853261, 41363276
153, 1, 21
3, 46144, 38235546, 40605857
154, 1, 21
2, 67824, 40716268, 41216491
155, 1, 21
1, 51912, 41363276, 41881363
156, 1, 21
3, 134106, 40605857, 41108956
157, 1, 21
2, 171648, 41216491, 41720565
158, 1, 21
1, 41818, 41881363, 42383996
159, 1, 21
3, 160062, 41108956, 41609769
160, 1, 21
2, 220676, 41720565, 42223797
161, 1, 21
1, 59122, 42383996, 42894127
162, 1, 21
3, 165830, 41609769, 42111767
163, 1, 21
2, 213466, 42223797, 42726110
164, 1, 21
1, 59122, 42894127, 43405401
165, 1, 21
3, 135548, 42111767, 42612109
166, 1, 21
2, 196162, 42726110, 43229069
167, 1, 21
1, 53354, 43405401, 43917024
168, 1, 21
3, 164388, 42612109, 43114465
169, 1, 21
2, 223560, 43229069, 43729070
170, 1, 21
1, 57680, 43917024, 44419433
171, 1, 21
3, 154294, 43114465, 43615292
172, 1, 21
2, 194720, 43729070, 44229585
173, 1, 21
1, 53354, 44419433, 44922612
174, 1, 21
2, 50495, 44229585, 44763576
175, 1, 21
1, 46144, 44922612, 45422800
176, 1, 21
2, 50495, 44763576, 45265155
177, 1, 21
1, 44702, 45422800, 45934677
178, 1, 21
2, 37517, 45265155, 45771506
179, 1, 21
1, 41818, 45934677, 46442993
180, 1, 21
2, 37517, 45771506, 46292021
181, 1, 21
1, 34608, 46442993, 46943558
182, 1, 21
2, 53379, 46292021, 46801823
183, 1, 21
1, 57680, 46943558, 47453196
184, 1, 21
2, 57705, 46801823, 47306946
185, 1, 21
1, 57680, 47453196, 47957826
186, 1, 21
2, 57705, 47306946, 47810825
187, 1, 21
1, 57680, 47957826, 48458348
188, 1, 21
2, 60589, 47810825, 48316824
189, 1, 21
1, 60564, 48458348, 48967165
190, 1, 21
2, 49053, 48316824, 48817966
191, 1, 21
1, 47586, 48967165, 49473207
192, 1, 21
2, 38959, 48817966, 49329037
193, 1, 21
1, 40376, 49473207, 49983510
194, 1, 21
2, 50495, 49329037, 49843699
195, 1, 21
1, 47586, 49983510, 50489196
196, 1, 21
2, 36075, 49843699, 50352574
197, 1, 21
1, 33166, 50489196, 50993015
198, 1, 21
2, 43285, 50352574, 50899521
199, 1, 21
1, 41818, 50993015, 51494014
200, 1, 21
2, 49053, 50899521, 51399968
201, 1, 21
1, 50470, 51494014, 51999247
202, 1, 21
2, 59147, 51399968, 51901570
203, 1, 21
1, 59122, 51999247, 52500318
204, 1, 21
2, 60589, 51901570, 52412948
205, 1, 21
1, 60564, 52500318, 53012720
206, 1, 21
2, 59147, 52412948, 52920102
207, 1, 21
1, 59122, 53012720, 53519294
208, 1, 21
2, 59147, 52920102, 53423114
209, 1, 21
1, 59122, 53519294, 54022013
210, 1, 21
2, 59147, 53423114, 53932163
211, 1, 21
3, 4326, 43615292, 53373175
212, 1, 21
1, 59122, 54022013, 54531401
213, 1, 21
2, 222118, 53932163, 54435037
214, 1, 21
3, 165830, 53373175, 53874487
215, 1, 21
1, 59122, 54531401, 55040391
216, 1, 21
2, 232212, 54435037, 54936325
217, 1, 21
3, 173040, 53874487, 54375465
218, 1, 21
1, 59122, 55040391, 55545146
219, 1, 21
2, 242306, 54936325, 55437124
220, 1, 21
3, 183134, 54375465, 54876261
221, 1, 21
1, 60564, 55545146, 56055604
222, 1, 21
2, 232212, 55437124, 55940867
223, 1, 21
3, 173040, 54876261, 55382834
224, 1, 21
1, 60564, 56055604, 56566568
225, 1, 21
2, 220676, 55940867, 56441866
226, 1, 21
3, 164388, 55382834, 55885252
227, 1, 21
1, 57680, 56566568, 57076127
228, 1, 21
2, 229328, 56441866, 56944592
229, 1, 21
3, 170156, 55885252, 56387363
230, 1, 21
1, 60564, 57076127, 57581888
231, 1, 21
2, 229328, 56944592, 57448013
232, 1, 21
3, 167272, 56387363, 56887403
233, 1, 21
1, 60564, 57581888, 58091609
234, 1, 21
2, 227886, 57448013, 57950746
235, 1, 21
3, 168714, 56887403, 57390551
236, 1, 21
1, 60564, 58091609, 58601162
237, 1, 21
2, 216350, 57950746, 58455012
238, 1, 21
3, 155736, 57390551, 57891188
239, 1, 21
1, 59122, 58601162, 59107100
240, 1, 21
2, 235096, 58455012, 58957633
241, 1, 21
3, 174482, 57891188, 58393195
242, 1, 21
1, 60564, 59107100, 59610898
243, 1, 21
2, 90896, 58957633, 59468429
244, 1, 21
1, 56238, 59610898, 60119462
245, 1, 21
2, 56263, 59468429, 59973244
246, 1, 21
1, 56238, 60119462, 60631343
247, 1, 21
2, 56263, 59973244, 60481265
248, 1, 21
1, 56238, 60631343, 61136385
249, 1, 21
2, 56263, 60481265, 60988280
250, 1, 21
1, 56238, 61136385, 61636992
251, 1, 21
2, 57705, 60988280, 61495732
252, 1, 21
1, 57680, 61636992, 62143699
253, 1, 21
2, 59147, 61495732, 62004735
254, 1, 21
1, 59122, 62143699, 62655422
255, 1, 21
2, 57705, 62004735, 62508419
256, 1, 21
1, 57680, 62655422, 63159226
257, 1, 21
2, 53379, 62508419, 63008810
258, 1, 21
1, 53354, 63159226, 63667589
259, 1, 21
2, 53379, 63008810, 63517042
260, 1, 21
1, 53354, 63667589, 64172244
261, 1, 21
2, 53379, 63517042, 64021998
262, 1, 21
1, 53354, 64172244, 64680634
263, 1, 21
2, 54821, 64021998, 64526845
264, 1, 21
1, 54796, 64680634, 65184487
265, 1, 21
2, 54821, 64526845, 65029208
266, 1, 21
1, 54796, 65184487, 65685978
267, 1, 21
2, 56263, 65029208, 65530659
268, 1, 21
1, 56238, 65685978, 66186672
269, 1, 21
2, 56263, 65530659, 66032803
270, 1, 21
1, 56238, 66186672, 66691026
