0, 2, 21
2, 210532, 5767742, 7770101
1, 210532, 6306701, 8308648
1, 2, 21
2, 222068, 7770101, 9775957
1, 222068, 8308648, 10313627
2, 2, 21
2, 2884, 9775957, 15918561
1, 2884, 10313627, 16457142
3, 2, 21
2, 250908, 15918561, 17927868
1, 224952, 16457142, 18466201
4, 1, 21
3, 278306, 17212573, 19214930
5, 1, 21
2, 520587, 17927868, 19929316
6, 1, 21
1, 213416, 18466201, 20477620
7, 1, 21
4, 261002, 18602835, 20603120
8, 1, 21
3, 263886, 19214930, 21215155
9, 1, 21
2, 712423, 19929316, 21930506
10, 1, 21
1, 204764, 20477620, 22481560
11, 1, 21
4, 269654, 20603120, 22638216
12, 1, 21
2, 588386, 21930506, 23940374
13, 1, 21
1, 201880, 22481560, 24496255
14, 1, 21
4, 265328, 22638216, 24639716
15, 1, 21
2, 487446, 23940374, 25944234
16, 1, 21
1, 209090, 24496255, 26507860
17, 1, 21
4, 292726, 24639716, 26646797
18, 1, 21
2, 522054, 25944234, 27946656
19, 1, 21
1, 232162, 26507860, 28512029
20, 1, 21
3, 145642, 21215155, 28172901
21, 1, 21
4, 276864, 26646797, 28647224
22, 1, 21
2, 660511, 27946656, 29946683
23, 1, 21
3, 265328, 28172901, 30173383
24, 1, 21
3, 295610, 30173383, 32179040
25, 2, 21
2, 1100296, 29946683, 34118886
1, 660436, 28512029, 34657288
26, 1, 21
3, 116802, 32179040, 35209735
27, 2, 21
2, 288425, 34118886, 36119636
1, 162946, 34657288, 36657514
28, 1, 21
3, 560938, 35209735, 37209978
29, 2, 21
2, 736887, 36119636, 38122826
1, 201880, 36657514, 38661167
30, 1, 21
2, 425390, 38122826, 40126391
31, 1, 21
3, 320124, 37209978, 40560394
32, 1, 21
2, 511935, 40126391, 42129761
33, 1, 21
3, 595546, 40560394, 42564077
34, 1, 21
2, 836385, 42129761, 44137809
35, 2, 21
2, 165830, 44137809, 46148558
1, 801752, 38661167, 46687055
36, 2, 21
2, 232162, 46148558, 48163876
1, 232162, 46687055, 48701053
37, 2, 21
2, 168714, 48163876, 50186965
1, 168714, 48701053, 50725117
38, 1, 21
1, 211974, 50725117, 52732693
39, 1, 21
3, 323008, 42564077, 53332176
40, 1, 21
2, 548010, 50186965, 54191312
41, 1, 21
1, 235046, 52732693, 54742647
42, 1, 21
3, 679182, 53332176, 55334579
43, 1, 21
2, 917162, 54191312, 56192856
44, 1, 21
2, 909902, 56192856, 58192890
45, 1, 21
2, 494606, 58192890, 60205250
46, 1, 21
2, 227836, 60205250, 62207991
47, 1, 21
1, 1136296, 54742647, 64752060
