0, 2, 21
2, 72100, 5592042, 6340488
1, 72104, 6175416, 6923613
1, 2, 21
2, 144200, 6340488, 7638721
1, 144204, 6923613, 8221746
2, 2, 21
2, 144200, 7638721, 8929864
1, 144204, 8221746, 9512664
3, 2, 21
2, 217742, 8929864, 16998173
1, 217746, 9512664, 17581124
4, 2, 21
2, 90846, 16998173, 17657670
1, 72104, 17581124, 18240895
5, 2, 21
2, 80752, 17657670, 17968414
1, 36054, 18240895, 18551561
6, 2, 21
2, 41818, 17968414, 18129378
1, 18750, 18551561, 18712171
7, 2, 21
2, 23072, 18129378, 18216813
1, 10098, 18712171, 18800036
8, 2, 21
2, 346080, 18216813, 19621425
1, 144204, 18800036, 20204172
9, 2, 21
2, 269654, 19621425, 20286046
1, 72104, 20204172, 20869328
10, 2, 21
2, 134106, 20286046, 20607585
1, 36054, 20869328, 21190847
11, 2, 21
2, 70658, 20607585, 20776290
1, 18750, 21190847, 21359271
12, 2, 21
2, 504700, 20776290, 22252486
1, 144204, 21359271, 22835017
13, 2, 21
2, 209090, 22252486, 22953675
1, 72104, 22835017, 23536128
14, 2, 21
2, 102382, 22953675, 23428183
1, 36054, 23536128, 24011066
15, 2, 21
2, 28840, 23428183, 23609664
1, 18750, 24011066, 24192517
16, 2, 21
2, 21630, 23609664, 23711881
1, 10098, 24192517, 24292974
17, 2, 21
2, 348964, 23711881, 25198139
1, 144204, 24292974, 25779910
18, 2, 21
2, 328776, 25198139, 26439335
1, 144204, 25779910, 27021083
19, 2, 21
2, 162946, 26439335, 27066315
1, 72104, 27021083, 27649124
20, 2, 21
2, 327334, 27066315, 28310224
1, 144204, 27649124, 28893084
21, 2, 21
2, 471534, 28310224, 29623654
1, 144204, 28893084, 30206012
22, 2, 21
2, 265328, 29623654, 30296220
1, 72104, 30206012, 30878650
23, 2, 21
2, 122570, 30296220, 30607393
1, 36054, 30878650, 31189699
24, 2, 21
2, 327334, 30607393, 31834157
1, 144204, 31189699, 32417129
25, 2, 21
2, 162946, 31834157, 32447024
1, 72104, 32417129, 33029597
26, 2, 21
2, 79310, 32447024, 32753910
1, 36054, 33029597, 33335633
27, 2, 21
2, 217742, 32753910, 34626140
1, 144204, 33335633, 35208720
28, 2, 21
2, 96614, 34626140, 35579187
1, 72104, 35208720, 36161843
29, 2, 21
2, 138432, 35579187, 35887277
1, 36054, 36161843, 36469981
30, 2, 21
2, 56238, 35887277, 36057860
1, 18750, 36469981, 36640447
31, 2, 21
2, 34608, 36057860, 36143405
1, 10098, 36640447, 36725968
32, 2, 21
2, 11536, 36143405, 36192084
1, 5772, 36725968, 36774304
33, 2, 21
2, 576800, 36192084, 37688965
1, 144204, 36774304, 38271862
34, 2, 21
2, 261002, 37688965, 38342853
1, 72104, 38271862, 38925740
35, 2, 21
2, 100940, 38342853, 38670520
1, 36054, 38925740, 39253395
36, 2, 21
2, 144200, 38670520, 40124160
1, 144204, 39253395, 40707144
37, 2, 21
2, 72100, 40124160, 40748663
1, 72104, 40707144, 41331185
38, 2, 21
2, 575358, 40748663, 42196644
1, 144204, 41331185, 42779050
39, 2, 21
2, 263886, 42196644, 42865782
1, 72104, 42779050, 43448484
40, 2, 21
2, 139874, 42865782, 43183225
1, 36054, 43448484, 43765568
41, 2, 21
2, 72100, 43183225, 43343446
1, 18750, 43765568, 43926244
42, 2, 21
2, 282632, 43343446, 44753977
1, 144204, 43926244, 45336719
43, 2, 21
2, 72100, 44753977, 45709620
1, 72104, 45336719, 46291706
44, 2, 21
2, 36050, 45709620, 46162040
1, 36054, 46291706, 46744241
45, 2, 21
2, 144200, 46162040, 47422837
1, 144204, 46744241, 48005907
46, 2, 21
2, 72100, 47422837, 48026563
1, 72104, 48005907, 48609046
47, 2, 21
2, 144200, 48026563, 49615936
1, 144204, 48609046, 50197930
48, 2, 21
2, 144200, 49615936, 51279436
1, 144204, 50197930, 51862538
49, 2, 21
2, 144200, 51279436, 52501659
1, 144204, 51862538, 53084096
50, 2, 21
2, 72100, 52501659, 53112731
1, 72104, 53084096, 53695009
51, 2, 21
2, 412412, 53112731, 54355322
1, 144204, 53695009, 54937733
52, 2, 21
2, 286958, 54355322, 54960379
1, 72104, 54937733, 55542802
53, 2, 21
2, 138432, 54960379, 55266998
1, 36054, 55542802, 55849308
54, 2, 21
2, 571032, 55266998, 56499747
1, 144204, 55849308, 57082588
55, 2, 21
2, 550844, 56499747, 57713036
1, 144204, 57082588, 58295618
56, 2, 21
2, 454230, 57713036, 58938444
1, 144204, 58295618, 59521072
57, 2, 21
2, 144200, 58938444, 60248209
1, 144204, 59521072, 60830871
58, 2, 21
2, 72100, 60248209, 60892319
1, 72104, 60830871, 61475119
59, 2, 21
2, 144200, 60892319, 62145819
1, 144204, 61475119, 62728694
60, 2, 21
2, 144200, 62145819, 63511658
1, 144204, 62728694, 64093029
61, 2, 21
2, 144200, 63511658, 64852937
1, 144204, 64093029, 65435486
