0, 2, 21
2, 213416, 5559307, 7571861
1, 213416, 6119584, 8131412
1, 2, 21
2, 222068, 7571861, 15689828
1, 222068, 8131412, 16249485
2, 1, 21
2, 245140, 15689828, 17696427
3, 1, 21
1, 224952, 16249485, 18259407
4, 1, 21
3, 279748, 16993488, 18999156
5, 1, 21
2, 516286, 17696427, 19696766
6, 1, 21
1, 213416, 18259407, 20266717
7, 1, 21
3, 266770, 18999156, 21003988
8, 1, 21
4, 268212, 18409841, 20444210
9, 1, 21
2, 725401, 19696766, 21697235
10, 1, 21
1, 207648, 20266717, 22269223
11, 1, 21
4, 268212, 20444210, 22446456
12, 1, 21
2, 592712, 21697235, 23702032
13, 1, 21
1, 200438, 22269223, 24308967
14, 1, 21
4, 275422, 22446456, 24448520
15, 1, 21
2, 494656, 23702032, 25702479
16, 1, 21
1, 217742, 24308967, 26319946
17, 1, 21
4, 301378, 24448520, 26452300
18, 1, 21
2, 533590, 25702479, 27702876
19, 1, 21
1, 233604, 26319946, 28322918
20, 1, 21
3, 141316, 21003988, 27931465
21, 1, 21
4, 279748, 26452300, 28458730
22, 1, 21
2, 666279, 27702876, 29703244
23, 1, 21
1, 223510, 28322918, 30326124
24, 1, 21
3, 279748, 27931465, 29932253
25, 1, 21
2, 654718, 29703244, 31709084
26, 1, 21
1, 236488, 30326124, 32331028
27, 1, 21
3, 297052, 29932253, 31936663
28, 1, 21
2, 415346, 31709084, 33748790
29, 1, 21
1, 191786, 32331028, 34347849
30, 1, 21
3, 100940, 31936663, 34862731
31, 1, 21
2, 272588, 33748790, 35752207
32, 1, 21
1, 165830, 34347849, 36349083
33, 1, 21
3, 576800, 34862731, 36863912
34, 1, 21
2, 768636, 35752207, 37752483
35, 1, 21
1, 201880, 36349083, 38349782
36, 1, 21
2, 413879, 37752483, 39762180
37, 1, 21
1, 206206, 38349782, 40358770
38, 1, 21
3, 305704, 36863912, 40089959
39, 1, 21
2, 540800, 39762180, 41764426
40, 1, 21
1, 209090, 40358770, 42360881
41, 1, 21
3, 595546, 40089959, 42091485
42, 1, 21
2, 809012, 41764426, 43772013
43, 1, 21
1, 222068, 42360881, 44374681
44, 1, 21
2, 165855, 43772013, 45779236
45, 1, 21
1, 165830, 44374681, 46378329
46, 1, 21
2, 232187, 45779236, 47782526
47, 1, 21
1, 232162, 46378329, 48379667
48, 1, 21
2, 167297, 47782526, 49789246
49, 1, 21
1, 167272, 48379667, 50389832
50, 1, 21
2, 211999, 49789246, 51794622
51, 1, 21
1, 211974, 50389832, 52392218
52, 1, 21
3, 323008, 42091485, 52848850
53, 1, 21
2, 361992, 51794622, 53798030
54, 1, 21
1, 235046, 52392218, 54401739
55, 1, 21
3, 697928, 52848850, 54850389
56, 1, 21
2, 937350, 53798030, 55803354
57, 1, 21
1, 235046, 54401739, 56404215
58, 1, 21
3, 684950, 54850389, 56854400
59, 1, 21
2, 917162, 55803354, 57806973
60, 1, 21
1, 237930, 56404215, 58408910
61, 1, 21
2, 447045, 57806973, 59809688
62, 1, 21
1, 226394, 58408910, 60410257
63, 1, 21
2, 229303, 59809688, 61822890
64, 1, 21
1, 227836, 60410257, 62410603
65, 1, 21
2, 213441, 61822890, 63827732
66, 1, 21
1, 213416, 62410603, 64415174
