0, 2, 21
2, 213416, 5637152, 7646746
1, 213416, 6221587, 8232947
1, 2, 21
2, 222068, 7646746, 15760685
1, 222068, 8232947, 16347089
2, 1, 21
2, 245140, 15760685, 17760953
3, 1, 21
1, 224952, 16347089, 18359011
4, 1, 21
3, 278306, 17036547, 19036591
5, 1, 21
2, 517728, 17760953, 19767174
6, 1, 21
1, 213416, 18359011, 20367822
7, 1, 21
4, 256676, 18453183, 20453618
8, 1, 21
3, 252350, 19036591, 21043683
9, 1, 21
2, 702329, 19767174, 21770887
10, 1, 21
1, 206206, 20367822, 22377804
11, 1, 21
4, 272538, 20453618, 22460511
12, 1, 21
2, 604248, 21770887, 23779211
13, 1, 21
1, 201880, 22377804, 24439161
14, 1, 21
4, 261002, 22460511, 24460859
15, 1, 21
2, 484562, 23779211, 25786637
16, 1, 21
1, 211974, 24439161, 26447085
17, 1, 21
4, 298494, 24460859, 26464657
18, 1, 21
2, 523496, 25786637, 27792679
19, 1, 21
1, 224952, 26447085, 28449701
20, 1, 21
3, 157178, 21043683, 28098063
21, 1, 21
4, 281190, 26464657, 28480343
22, 1, 21
2, 644649, 27792679, 29792963
23, 1, 21
1, 219184, 28449701, 30469081
24, 1, 21
3, 271096, 28098063, 30108685
25, 1, 21
3, 292726, 30108685, 32110012
26, 1, 21
2, 917187, 29792963, 32800262
27, 1, 21
1, 348964, 30469081, 33479084
28, 1, 21
2, 252375, 32800262, 34803446
29, 1, 21
3, 113918, 32110012, 35122633
30, 1, 21
1, 239372, 33479084, 36486645
31, 1, 21
2, 452838, 34803446, 36804316
32, 1, 21
3, 576800, 35122633, 37124666
33, 1, 21
1, 203322, 36486645, 38497002
34, 1, 21
2, 827758, 36804316, 38806548
35, 1, 21
2, 207648, 38806548, 40813978
36, 1, 21
1, 317240, 38497002, 41508965
37, 1, 21
3, 305704, 37124666, 40352347
38, 1, 21
3, 594104, 40352347, 42353516
39, 1, 21
2, 1188283, 40813978, 43813093
40, 1, 21
2, 222068, 43813093, 45816722
41, 1, 21
1, 491722, 41508965, 46519993
42, 1, 21
1, 224952, 46519993, 48530122
43, 1, 21
2, 320174, 45816722, 48834895
44, 1, 21
1, 174482, 48530122, 50531158
45, 1, 21
1, 203322, 50531158, 52542728
46, 1, 21
3, 324450, 42353516, 53114931
47, 1, 21
2, 545151, 48834895, 53840605
48, 1, 21
1, 337428, 52542728, 55544467
49, 1, 21
3, 575358, 53114931, 55119332
50, 1, 21
2, 810454, 53840605, 55846172
51, 1, 21
3, 667646, 55119332, 57120088
52, 1, 21
2, 889739, 55846172, 57849025
53, 1, 21
2, 667646, 57849025, 59856945
54, 1, 21
2, 224952, 59856945, 61872943
55, 1, 21
2, 325892, 61872943, 64876733
56, 1, 21
1, 1116108, 55544467, 65548084
