0, 2, 21
2, 72100, 5689981, 6437010
1, 72104, 6269349, 7016371
1, 2, 21
2, 144200, 6437010, 7735834
1, 144204, 7016371, 8315046
2, 2, 21
2, 144200, 7735834, 9030931
1, 144204, 8315046, 9610075
3, 2, 21
2, 217742, 9030931, 17093364
1, 217746, 9610075, 17672591
4, 2, 21
2, 83636, 17093364, 17750844
1, 72104, 17672591, 18329814
5, 2, 21
2, 82194, 17750844, 18060658
1, 36054, 18329814, 18640212
6, 2, 21
2, 43260, 18060658, 18221023
1, 18750, 18640212, 18800567
7, 2, 21
2, 23072, 18221023, 18308771
1, 10098, 18800567, 18888260
8, 2, 21
2, 331660, 18308771, 19711889
1, 144204, 18888260, 20291125
9, 2, 21
2, 263886, 19711889, 20377349
1, 72104, 20291125, 20956376
10, 2, 21
2, 135548, 20377349, 20699972
1, 36054, 20956376, 21278039
11, 2, 21
2, 72100, 20699972, 20868460
1, 18750, 21278039, 21446739
12, 2, 21
2, 490280, 20868460, 22324043
1, 144204, 21446739, 22903071
13, 2, 21
2, 223510, 22324043, 22969979
1, 72104, 22903071, 23549143
14, 2, 21
2, 85078, 22969979, 23413313
1, 36054, 23549143, 23991788
15, 2, 21
2, 41818, 23413313, 23586300
1, 18750, 23991788, 24164849
16, 2, 21
2, 21630, 23586300, 23682378
1, 10098, 24164849, 24260891
17, 2, 21
2, 331660, 23682378, 25171970
1, 144204, 24260891, 25751141
18, 2, 21
2, 328776, 25171970, 26400634
1, 144204, 25751141, 26978971
19, 2, 21
2, 164388, 26400634, 27021874
1, 72104, 26978971, 27601017
20, 2, 21
2, 328776, 27021874, 28274158
1, 144204, 27601017, 28852755
21, 2, 21
2, 449904, 28274158, 29582871
1, 144204, 28852755, 30162097
22, 2, 21
2, 255234, 29582871, 30223578
1, 72104, 30162097, 30802263
23, 2, 21
2, 124012, 30223578, 30534349
1, 36054, 30802263, 31113452
24, 2, 21
2, 364826, 30534349, 31754805
1, 144204, 31113452, 32333456
25, 2, 21
2, 162946, 31754805, 32367463
1, 72104, 32333456, 32945528
26, 2, 21
2, 80752, 32367463, 32672933
1, 36054, 32945528, 33251432
27, 2, 21
2, 245140, 32672933, 34567560
1, 144204, 33251432, 35142433
28, 2, 21
2, 72100, 34567560, 35525695
1, 72104, 35142433, 36102365
29, 2, 21
2, 98056, 35525695, 35832155
1, 36054, 36102365, 36410192
30, 2, 21
2, 76426, 35832155, 36003610
1, 18750, 36410192, 36581827
31, 2, 21
2, 40376, 36003610, 36089780
1, 10098, 36581827, 36667486
32, 2, 21
2, 17304, 36089780, 36137152
1, 5772, 36667486, 36715868
33, 2, 21
2, 543634, 36137152, 37624975
1, 144204, 36715868, 38203623
34, 2, 21
2, 262444, 37624975, 38277887
1, 72104, 38203623, 38856386
35, 2, 21
2, 138432, 38277887, 38604167
1, 36054, 38856386, 39183446
36, 2, 21
2, 170156, 38604167, 40054706
1, 144204, 39183446, 40633984
37, 2, 21
2, 72100, 40054706, 40678893
1, 72104, 40633984, 41257598
38, 2, 21
2, 517678, 40678893, 42130128
1, 144204, 41257598, 42709417
39, 2, 21
2, 263886, 42130128, 42805280
1, 72104, 42709417, 43383374
40, 2, 21
2, 138432, 42805280, 43120786
1, 36054, 43383374, 43700024
41, 2, 21
2, 72100, 43120786, 43281473
1, 18750, 43700024, 43860753
42, 2, 21
2, 341754, 43281473, 44687250
1, 144204, 43860753, 45265662
43, 2, 21
2, 72100, 44687250, 45639788
1, 72104, 45265662, 46218899
44, 2, 21
2, 36050, 45639788, 46092149
1, 36054, 46218899, 46671064
45, 2, 21
2, 144200, 46092149, 47353687
1, 144204, 46671064, 47932645
46, 2, 21
2, 72100, 47353687, 47956463
1, 72104, 47932645, 48535543
47, 2, 21
2, 144200, 47956463, 49545430
1, 144204, 48535543, 50124449
48, 2, 21
2, 144200, 49545430, 51209975
1, 144204, 50124449, 51789262
49, 2, 21
2, 144200, 51209975, 52430714
1, 144204, 51789262, 53009275
50, 2, 21
2, 72100, 52430714, 53040635
1, 72104, 53009275, 53619858
51, 2, 21
2, 338870, 53040635, 54288079
1, 144204, 53619858, 54867361
52, 2, 21
2, 298494, 54288079, 54917671
1, 72104, 54867361, 55496909
53, 2, 21
2, 149968, 54917671, 55235667
1, 36054, 55496909, 55814852
54, 2, 21
2, 566706, 55235667, 56481624
1, 144204, 55814852, 57060805
55, 2, 21
2, 553728, 56481624, 57697716
1, 144204, 57060805, 58276501
56, 2, 21
2, 506142, 57697716, 58922896
1, 144204, 58276501, 59502055
57, 2, 21
2, 144200, 58922896, 60230385
1, 144204, 59502055, 60809859
58, 2, 21
2, 72100, 60230385, 60874017
1, 72104, 60809859, 61453460
59, 2, 21
2, 144200, 60874017, 62126664
1, 144204, 61453460, 62705933
60, 2, 21
2, 144200, 62126664, 63488790
1, 144204, 62705933, 64068242
61, 2, 21
2, 144200, 63488790, 64819211
1, 144204, 64068242, 65398735
