0, 2, 21
2, 211974, 5703147, 7704218
1, 211974, 6288475, 8288696
1, 2, 21
2, 223510, 7704218, 15832167
1, 223510, 8288696, 16417331
2, 1, 21
2, 246582, 15832167, 17838363
3, 1, 21
1, 224952, 16417331, 18426143
4, 1, 21
3, 278306, 17086705, 19095893
5, 1, 21
2, 514844, 17838363, 19842251
6, 1, 21
1, 213416, 18426143, 20434932
7, 1, 21
3, 265328, 19095893, 21100034
8, 1, 21
4, 268212, 18490628, 20527044
9, 1, 21
2, 725401, 19842251, 21847525
10, 1, 21
1, 207648, 20434932, 22445308
11, 1, 21
4, 268212, 20527044, 22529068
12, 1, 21
2, 594154, 21847525, 23854740
13, 1, 21
1, 200438, 22445308, 24482838
14, 1, 21
4, 275422, 22529068, 24532858
15, 1, 21
2, 494656, 23854740, 25859863
16, 1, 21
1, 217742, 24482838, 26494768
17, 1, 21
4, 301378, 24532858, 26536641
18, 1, 21
2, 535032, 25859863, 27866628
19, 1, 21
1, 233604, 26494768, 28499092
20, 1, 21
3, 144200, 21100034, 28050468
21, 1, 21
4, 279748, 26536641, 28546560
22, 1, 21
2, 667721, 27866628, 29869550
23, 1, 21
1, 223510, 28499092, 30504061
24, 1, 21
3, 281190, 28050468, 30058220
25, 1, 21
2, 653276, 29869550, 31872574
26, 1, 21
1, 236488, 30504061, 32508443
27, 1, 21
3, 297052, 30058220, 32058804
28, 1, 21
2, 412462, 31872574, 33901772
29, 1, 21
1, 191786, 32508443, 34526245
30, 1, 21
3, 99498, 32058804, 34976301
31, 1, 21
2, 271146, 33901772, 35903175
32, 1, 21
1, 165830, 34526245, 36528158
33, 1, 21
3, 576800, 34976301, 36978419
34, 1, 21
2, 767194, 35903175, 37905129
35, 1, 21
1, 201880, 36528158, 38529946
36, 1, 21
2, 415321, 37905129, 39906437
37, 1, 21
1, 206206, 38529946, 40540339
38, 1, 21
3, 305704, 36978419, 40205406
39, 1, 21
2, 535032, 39906437, 41907426
40, 1, 21
1, 209090, 40540339, 42543670
41, 1, 21
3, 595546, 40205406, 42206907
42, 1, 21
2, 813338, 41907426, 43908165
43, 1, 21
1, 220626, 42543670, 44544599
44, 1, 21
2, 165855, 43908165, 45914779
45, 1, 21
1, 165830, 44544599, 46554170
46, 1, 21
2, 232187, 45914779, 47927167
47, 1, 21
1, 232162, 46554170, 48563356
48, 1, 21
2, 168739, 47927167, 49951895
49, 1, 21
1, 165830, 48563356, 50563842
50, 1, 21
2, 211999, 49951895, 51959386
51, 1, 21
1, 211974, 50563842, 52567922
52, 1, 21
3, 323008, 42206907, 52965155
53, 1, 21
2, 363434, 51959386, 53964233
54, 1, 21
1, 235046, 52567922, 54573830
55, 1, 21
3, 695044, 52965155, 54969954
56, 1, 21
2, 934466, 53964233, 55965998
57, 1, 21
1, 235046, 54573830, 56582267
58, 1, 21
3, 683508, 54969954, 56970653
59, 1, 21
2, 914278, 55965998, 57966079
60, 1, 21
1, 237930, 56582267, 58587179
61, 1, 21
2, 451371, 57966079, 59973623
62, 1, 21
1, 227836, 58587179, 60599751
63, 1, 21
2, 229303, 59973623, 61985600
64, 1, 21
1, 229278, 60599751, 62612882
65, 1, 21
2, 213441, 61985600, 63990961
66, 1, 21
1, 213416, 62612882, 64617257
