0, 2, 21
2, 54796, 5615330, 6175098
1, 54796, 6176982, 6736857
1, 2, 21
2, 53354, 6175098, 6677563
1, 53354, 6736857, 7239429
2, 2, 21
2, 57680, 6677563, 7186870
1, 57680, 7239429, 7748662
3, 2, 21
2, 54796, 7186870, 7691991
1, 54796, 7748662, 8252869
4, 2, 21
2, 56238, 7691991, 8201219
1, 56238, 8252869, 8763139
5, 2, 21
2, 57680, 8201219, 8712666
1, 57680, 8763139, 9274439
6, 2, 21
2, 56238, 8712666, 9216974
1, 56238, 9274439, 9778813
7, 2, 21
2, 44702, 9216974, 15741287
1, 44702, 9778813, 16302737
8, 2, 21
2, 54796, 15741287, 16250279
1, 54796, 16302737, 16810235
9, 2, 21
2, 87962, 16250279, 17004096
1, 87962, 16810235, 17566069
10, 1, 21
2, 116802, 17004096, 17770489
11, 1, 21
3, 77868, 16993541, 17501255
12, 1, 21
2, 132689, 17770489, 18275600
13, 1, 21
3, 64890, 17501255, 18065318
14, 1, 21
2, 103849, 18275600, 18781821
15, 1, 21
1, 196112, 17566069, 19381638
16, 1, 21
3, 69216, 18065318, 18567959
17, 1, 21
2, 124062, 18781821, 19284915
18, 1, 21
1, 79310, 19381638, 20136253
19, 1, 21
3, 79310, 18567959, 19074508
20, 1, 21
2, 162996, 19284915, 19788768
21, 1, 21
4, 74984, 18455677, 18964457
22, 1, 21
3, 73542, 19074508, 19577475
23, 1, 21
2, 200488, 19788768, 20289894
24, 1, 21
4, 79310, 18964457, 19472665
25, 1, 21
3, 74984, 19577475, 20077778
26, 1, 21
2, 210582, 20289894, 20790573
27, 1, 21
4, 64890, 19472665, 19983209
28, 1, 21
3, 63448, 20077778, 20589472
29, 1, 21
2, 150018, 20790573, 21296070
30, 1, 21
1, 190344, 20136253, 21902139
31, 1, 21
4, 49028, 19983209, 20505819
32, 1, 21
3, 46144, 20589472, 21093804
33, 1, 21
2, 163021, 21296070, 21796776
34, 1, 21
1, 41818, 21902139, 22406662
35, 1, 21
4, 77868, 20505819, 21016607
36, 1, 21
3, 70658, 21093804, 21595395
37, 1, 21
2, 201955, 21796776, 22305924
38, 1, 21
1, 59122, 22406662, 22918483
39, 1, 21
4, 74984, 21016607, 21519542
40, 1, 21
2, 180300, 22305924, 22807871
41, 1, 21
1, 74984, 22918483, 23674167
42, 1, 21
4, 59122, 21519542, 22024027
43, 1, 21
2, 102432, 22807871, 23311327
44, 1, 21
1, 51912, 23674167, 24179822
45, 1, 21
4, 86520, 22024027, 22778279
46, 1, 21
2, 142808, 23311327, 24070587
47, 1, 21
1, 62006, 24179822, 24931941
48, 1, 21
4, 64890, 22778279, 23282950
49, 1, 21
2, 125504, 24070587, 24577285
50, 1, 21
1, 57680, 24931941, 25452145
51, 1, 21
4, 70658, 23282950, 23793726
52, 1, 21
2, 126946, 24577285, 25081475
53, 1, 21
1, 89404, 25452145, 26214170
54, 1, 21
4, 108150, 23793726, 24547363
55, 1, 21
2, 301428, 25081475, 26210324
56, 1, 21
3, 67774, 21595395, 27989541
57, 1, 21
2, 731119, 26210324, 28859635
58, 1, 21
1, 429716, 26214170, 30002135
59, 1, 21
3, 134106, 27989541, 29013590
60, 1, 21
2, 271146, 28859635, 29617801
61, 1, 21
4, 581126, 24547363, 28605182
62, 1, 21
1, 54796, 30002135, 30512294
63, 1, 21
2, 204814, 29617801, 30119279
64, 1, 21
3, 112476, 29013590, 29769546
65, 1, 21
4, 108150, 28605182, 29356789
66, 1, 21
1, 89404, 30512294, 31274056
67, 1, 21
2, 285591, 30119279, 30873351
68, 1, 21
2, 129780, 30873351, 31375636
69, 1, 21
2, 196112, 31375636, 32127776
70, 1, 21
3, 396550, 29769546, 32554206
71, 1, 21
2, 307171, 32127776, 33405077
72, 1, 21
1, 312914, 31274056, 34054927
73, 1, 21
2, 28865, 33405077, 33938187
74, 1, 21
1, 20188, 34054927, 34561288
75, 1, 21
1, 31724, 34561288, 35078803
76, 1, 21
2, 51962, 33938187, 34692813
77, 1, 21
1, 37492, 35078803, 35603961
78, 1, 21
3, 34608, 32554206, 34967519
79, 1, 21
1, 43260, 35603961, 36105683
80, 1, 21
2, 255309, 34692813, 35960836
81, 1, 21
3, 162946, 34967519, 35470636
82, 1, 21
1, 57680, 36105683, 36607676
83, 1, 21
2, 150018, 35960836, 36463153
84, 1, 21
1, 46144, 36607676, 37114701
85, 1, 21
3, 83636, 35470636, 35989641
86, 1, 21
1, 40376, 37114701, 37619391
87, 1, 21
3, 149968, 35989641, 36490313
88, 1, 21
2, 266870, 36463153, 37216506
89, 1, 21
1, 56238, 37619391, 38130075
90, 1, 21
2, 200463, 37216506, 37718032
91, 1, 21
3, 223510, 36490313, 37245100
92, 1, 21
3, 128338, 37245100, 37753249
93, 1, 21
1, 77868, 38130075, 38886550
94, 1, 21
2, 274055, 37718032, 38469788
95, 1, 21
2, 148526, 38469788, 38982604
96, 1, 21
2, 47586, 38982604, 39483205
97, 1, 21
1, 131222, 38886550, 40176580
98, 1, 21
2, 75009, 39483205, 40244269
99, 1, 21
1, 77868, 40176580, 40927790
100, 1, 21
2, 59147, 40244269, 40751687
101, 1, 21
1, 54796, 40927790, 41434549
102, 1, 21
3, 134106, 37753249, 40446519
103, 1, 21
1, 44702, 41434549, 41993790
104, 1, 21
2, 190419, 40751687, 41504757
105, 1, 21
3, 131222, 40446519, 40948710
106, 1, 21
2, 210557, 41504757, 42006576
107, 1, 21
3, 154294, 40948710, 41448987
108, 1, 21
1, 80752, 41993790, 42715818
109, 1, 21
2, 217792, 42006576, 42507159
110, 1, 21
3, 220626, 41448987, 42202306
111, 1, 21
1, 79310, 42715818, 43477170
112, 1, 21
2, 188952, 42507159, 43011518
113, 1, 21
3, 145642, 42202306, 42703051
114, 1, 21
2, 206231, 43011518, 43512818
115, 1, 21
1, 86520, 43477170, 44235983
116, 1, 21
3, 160062, 42703051, 43207652
117, 1, 21
2, 269704, 43512818, 44272859
118, 1, 21
1, 76426, 44235983, 44994224
119, 1, 21
2, 47611, 44272859, 44779075
120, 1, 21
1, 47586, 44994224, 45499321
121, 1, 21
2, 40401, 44779075, 45289798
122, 1, 21
1, 86520, 45499321, 46627290
123, 1, 21
2, 95197, 45289798, 46426241
124, 1, 21
1, 69216, 46627290, 47288065
125, 1, 21
1, 87962, 47288065, 48044353
126, 1, 21
1, 136990, 48044353, 49306382
127, 1, 21
2, 282707, 46426241, 49109537
128, 1, 21
1, 40376, 49306382, 49810696
129, 1, 21
2, 49053, 49109537, 49612434
130, 1, 21
1, 46144, 49810696, 50342867
131, 1, 21
2, 36075, 49612434, 50138166
132, 1, 21
1, 37492, 50342867, 50855492
133, 1, 21
2, 41843, 50138166, 50649981
134, 1, 21
1, 64890, 50855492, 51607694
135, 1, 21
2, 50495, 50649981, 51154846
136, 1, 21
1, 59122, 51607694, 52108568
137, 1, 21
2, 59147, 51154846, 51655502
138, 1, 21
1, 60564, 52108568, 52616104
139, 1, 21
2, 89429, 51655502, 52412929
140, 1, 21
1, 89404, 52616104, 53377333
141, 1, 21
3, 106708, 43207652, 53309936
142, 1, 21
2, 307196, 52412929, 54181467
143, 1, 21
3, 165830, 53309936, 53811225
144, 1, 21
2, 229303, 54181467, 54684386
145, 1, 21
3, 268212, 53811225, 54561731
146, 1, 21
2, 243723, 54684386, 55190249
147, 1, 21
2, 353290, 55190249, 55944009
148, 1, 21
2, 232162, 55944009, 56445969
149, 1, 21
2, 519120, 56445969, 57574167
150, 1, 21
2, 638806, 57574167, 59213463
151, 1, 21
2, 56238, 59213463, 59723311
152, 1, 21
2, 83636, 59723311, 60483477
153, 1, 21
1, 1149274, 53377333, 63386575
