0, 2, 21
2, 72100, 5583973, 6332131
1, 72104, 6135828, 6883707
1, 2, 21
2, 144200, 6332131, 7627076
1, 144204, 6883707, 8178123
2, 2, 21
2, 144200, 7627076, 8914171
1, 144204, 8178123, 9465995
3, 2, 21
2, 217742, 8914171, 16979162
1, 217746, 9465995, 17531010
4, 2, 21
2, 85078, 16979162, 17637042
1, 72104, 17531010, 18188559
5, 2, 21
2, 83636, 17637042, 17950998
1, 36054, 18188559, 18498944
6, 2, 21
2, 41818, 17950998, 18108177
1, 18750, 18498944, 18659608
7, 2, 21
2, 23072, 18108177, 18196021
1, 10098, 18659608, 18747405
8, 2, 21
2, 341754, 18196021, 19599298
1, 144204, 18747405, 20151151
9, 2, 21
2, 271096, 19599298, 20264417
1, 72104, 20151151, 20816270
10, 2, 21
2, 134106, 20264417, 20585775
1, 36054, 20816270, 21137471
11, 2, 21
2, 70658, 20585775, 20753949
1, 18750, 21137471, 21305834
12, 2, 21
2, 497490, 20753949, 22201970
1, 144204, 21305834, 22753747
13, 2, 21
2, 211974, 22201970, 22844753
1, 72104, 22753747, 23396205
14, 2, 21
2, 96614, 22844753, 23286996
1, 36054, 23396205, 23837365
15, 2, 21
2, 37492, 23286996, 23461420
1, 18750, 23837365, 24012815
16, 2, 21
2, 15862, 23461420, 23557190
1, 10098, 24012815, 24108534
17, 2, 21
2, 341754, 23557190, 25045908
1, 144204, 24108534, 25593453
18, 2, 21
2, 330218, 25045908, 26263066
1, 144204, 25593453, 26814613
19, 2, 21
2, 162946, 26263066, 26881208
1, 72104, 26814613, 27432695
20, 2, 21
2, 327334, 26881208, 28124342
1, 144204, 27432695, 28675941
21, 2, 21
2, 448462, 28124342, 29432018
1, 144204, 28675941, 29983479
22, 2, 21
2, 258118, 29432018, 30074833
1, 72104, 29983479, 30626342
23, 2, 21
2, 124012, 30074833, 30385498
1, 36054, 30626342, 30935811
24, 2, 21
2, 350406, 30385498, 31602169
1, 144204, 30935811, 32153845
25, 2, 21
2, 161504, 31602169, 32215041
1, 72104, 32153845, 32765888
26, 2, 21
2, 82194, 32215041, 32520050
1, 36054, 32765888, 33071740
27, 2, 21
2, 242256, 32520050, 34380255
1, 144204, 33071740, 34931987
28, 2, 21
2, 72100, 34380255, 35329955
1, 72104, 34931987, 35881073
29, 2, 21
2, 102382, 35329955, 35638111
1, 36054, 35881073, 36188380
30, 2, 21
2, 77868, 35638111, 35807547
1, 18750, 36188380, 36358489
31, 2, 21
2, 40376, 35807547, 35893080
1, 10098, 36358489, 36443928
32, 2, 21
2, 12978, 35893080, 35941818
1, 5772, 36443928, 36492291
33, 2, 21
2, 552286, 35941818, 37426475
1, 144204, 36492291, 37978089
34, 2, 21
2, 265328, 37426475, 38079723
1, 72104, 37978089, 38630262
35, 2, 21
2, 138432, 38079723, 38405774
1, 36054, 38630262, 38957155
36, 2, 21
2, 158620, 38405774, 39855739
1, 144204, 38957155, 40407441
37, 2, 21
2, 72100, 39855739, 40477215
1, 72104, 40407441, 41028802
38, 2, 21
2, 526330, 40477215, 41921041
1, 144204, 41028802, 42472629
39, 2, 21
2, 263886, 41921041, 42589865
1, 72104, 42472629, 43141141
40, 2, 21
2, 134106, 42589865, 42902140
1, 36054, 43141141, 43453561
41, 2, 21
2, 72100, 42902140, 43062705
1, 18750, 43453561, 43614305
42, 2, 21
2, 335986, 43062705, 44461863
1, 144204, 43614305, 45013489
43, 2, 21
2, 72100, 44461863, 45416462
1, 72104, 45013489, 45967457
44, 2, 21
2, 36050, 45416462, 45867897
1, 36054, 45967457, 46419601
45, 2, 21
2, 144200, 45867897, 47128642
1, 144204, 46419601, 47679598
46, 2, 21
2, 72100, 47128642, 47730670
1, 72104, 47679598, 48282281
47, 2, 21
2, 144200, 47730670, 49319210
1, 144204, 48282281, 49870826
48, 2, 21
2, 144200, 49319210, 50983199
1, 144204, 49870826, 51534831
49, 2, 21
2, 144200, 50983199, 52202459
1, 144204, 51534831, 52754066
50, 2, 21
2, 72100, 52202459, 52812420
1, 72104, 52754066, 53364096
51, 2, 21
2, 333102, 52812420, 54049890
1, 144204, 53364096, 54601378
52, 2, 21
2, 285516, 54049890, 54655141
1, 72104, 54601378, 55205995
53, 2, 21
2, 148526, 54655141, 54961581
1, 36054, 55205995, 55512537
54, 2, 21
2, 563822, 54961581, 56194467
1, 144204, 55512537, 56745925
55, 2, 21
2, 555170, 56194467, 57406220
1, 144204, 56745925, 57957607
56, 2, 21
2, 527772, 57406220, 58632601
1, 144204, 57957607, 59183520
57, 2, 21
2, 144200, 58632601, 59940191
1, 144204, 59183520, 60491470
58, 2, 21
2, 72100, 59940191, 60583846
1, 72104, 60491470, 61135181
59, 2, 21
2, 144200, 60583846, 61836201
1, 144204, 61135181, 62387961
60, 2, 21
2, 144200, 61836201, 63199136
1, 144204, 62387961, 63750909
61, 2, 21
2, 144200, 63199136, 64532931
1, 144204, 63750909, 65084651
