0, 2, 21
2, 54796, 5498757, 6058386
1, 54796, 6072706, 6631890
1, 2, 21
2, 53354, 6058386, 6560645
1, 53354, 6631890, 7134412
2, 2, 21
2, 57680, 6560645, 7070175
1, 57680, 7134412, 7643799
3, 2, 21
2, 54796, 7070175, 7574691
1, 54796, 7643799, 8148040
4, 2, 21
2, 56238, 7574691, 8084324
1, 56238, 8148040, 8657964
5, 2, 21
2, 57680, 8084324, 8595561
1, 57680, 8657964, 9169310
6, 2, 21
2, 56238, 8595561, 9099891
1, 56238, 9169310, 9673650
7, 2, 21
2, 44702, 9099891, 15623895
1, 44702, 9673650, 16197414
8, 2, 21
2, 54796, 15623895, 16130691
1, 54796, 16197414, 16704289
9, 2, 21
2, 59122, 16130691, 16633747
1, 59122, 16704289, 17207364
10, 2, 21
2, 56238, 16633747, 17137060
1, 56238, 17207364, 17710142
11, 2, 21
2, 74984, 17137060, 17638925
1, 54796, 17710142, 18212391
12, 1, 21
3, 77868, 16954283, 17462740
13, 1, 21
2, 132689, 17638925, 18141094
14, 1, 21
1, 59122, 18212391, 18720962
15, 1, 21
3, 64890, 17462740, 18025235
16, 1, 21
2, 106758, 18141094, 18641402
17, 1, 21
1, 54796, 18720962, 19288239
18, 1, 21
3, 69216, 18025235, 18528201
19, 1, 21
2, 118294, 18641402, 19142318
20, 1, 21
1, 51912, 19288239, 19798014
21, 1, 21
3, 79310, 18528201, 19034644
22, 1, 21
2, 150018, 19142318, 19642425
23, 1, 21
1, 56238, 19798014, 20299659
24, 1, 21
4, 73542, 18402236, 18908802
25, 1, 21
3, 73542, 19034644, 19537984
26, 1, 21
2, 199071, 19642425, 20143142
27, 1, 21
1, 54796, 20299659, 20807798
28, 1, 21
4, 77868, 18908802, 19417275
29, 1, 21
3, 76426, 19537984, 20045422
30, 1, 21
2, 207723, 20143142, 20647104
31, 1, 21
1, 54796, 20807798, 21308513
32, 1, 21
4, 63448, 19417275, 19919102
33, 1, 21
3, 62006, 20045422, 20546163
34, 1, 21
2, 168789, 20647104, 21150716
35, 1, 21
1, 50470, 21308513, 21823400
36, 1, 21
4, 51912, 19919102, 20426023
37, 1, 21
3, 47586, 20546163, 21047457
38, 1, 21
2, 141391, 21150716, 21651375
39, 1, 21
1, 41818, 21823400, 22348902
40, 1, 21
4, 67774, 20426023, 20930875
41, 1, 21
3, 74984, 21047457, 21548372
42, 1, 21
2, 199071, 21651375, 22157118
43, 1, 21
1, 56238, 22348902, 22860394
44, 1, 21
4, 72100, 20930875, 21437427
45, 1, 21
2, 181742, 22157118, 22665648
46, 1, 21
1, 54796, 22860394, 23369007
47, 1, 21
4, 60564, 21437427, 21944709
48, 1, 21
2, 103874, 22665648, 23165877
49, 1, 21
1, 43260, 23369007, 23876017
50, 1, 21
4, 64890, 21944709, 22492154
51, 1, 21
2, 111084, 23165877, 23668336
52, 1, 21
1, 44702, 23876017, 24382467
53, 1, 21
4, 54796, 22492154, 23002796
54, 1, 21
2, 90896, 23668336, 24169564
55, 1, 21
1, 44702, 24382467, 24891783
56, 1, 21
4, 73542, 23002796, 23504429
57, 1, 21
2, 125504, 24169564, 24670683
58, 1, 21
1, 56238, 24891783, 25396930
59, 1, 21
4, 74984, 23504429, 24012192
60, 1, 21
2, 131272, 24670683, 25171192
61, 1, 21
1, 59122, 25396930, 25901384
62, 1, 21
4, 73542, 24012192, 24515916
63, 1, 21
2, 132714, 25171192, 25672043
64, 1, 21
1, 59122, 25901384, 26407281
65, 1, 21
4, 79310, 24515916, 25019976
66, 1, 21
2, 138482, 25672043, 26173088
67, 1, 21
1, 60564, 26407281, 26915847
68, 1, 21
4, 74984, 25019976, 25521154
69, 1, 21
2, 134156, 26173088, 26677060
70, 1, 21
1, 59122, 26915847, 27422618
71, 1, 21
4, 72100, 25521154, 26024307
72, 1, 21
2, 131272, 26677060, 27180434
73, 1, 21
1, 57680, 27422618, 27934605
74, 1, 21
4, 76426, 26024307, 26528956
75, 1, 21
2, 134156, 27180434, 27685644
76, 1, 21
1, 59122, 27934605, 28436843
77, 1, 21
4, 74984, 26528956, 27035411
78, 1, 21
2, 134156, 27685644, 28194668
79, 1, 21
1, 59122, 28436843, 28941413
80, 1, 21
3, 62006, 21548372, 27893746
81, 1, 21
4, 70658, 27035411, 27538516
82, 1, 21
2, 165905, 28194668, 28699406
83, 1, 21
1, 59122, 28941413, 29442901
84, 1, 21
3, 60564, 27893746, 28394510
85, 1, 21
4, 63448, 27538516, 28047825
86, 1, 21
2, 178883, 28699406, 29203899
87, 1, 21
1, 50470, 29442901, 29944910
88, 1, 21
3, 72100, 28394510, 28900747
89, 1, 21
4, 72100, 28047825, 28555180
90, 1, 21
2, 197629, 29203899, 29706336
91, 1, 21
1, 56238, 29944910, 30454998
92, 1, 21
3, 73542, 28900747, 29407075
93, 1, 21
4, 73542, 28555180, 29058693
94, 1, 21
2, 200513, 29706336, 30211275
95, 1, 21
1, 59122, 30454998, 30963375
96, 1, 21
3, 69216, 29407075, 29912327
97, 1, 21
2, 197604, 30211275, 30720311
98, 1, 21
1, 59122, 30963375, 31463756
99, 1, 21
3, 74984, 29912327, 30414189
100, 1, 21
2, 134156, 30720311, 31220532
101, 1, 21
1, 59122, 31463756, 31965660
102, 1, 21
3, 73542, 30414189, 30916292
103, 1, 21
2, 131272, 31220532, 31722248
104, 1, 21
1, 59122, 31965660, 32468791
105, 1, 21
3, 74984, 30916292, 31424015
106, 1, 21
2, 134156, 31722248, 32225362
107, 1, 21
1, 59122, 32468791, 32975152
108, 1, 21
3, 72100, 31424015, 31929800
109, 1, 21
2, 128388, 32225362, 32726152
110, 1, 21
1, 59122, 32975152, 33475321
111, 1, 21
3, 62006, 31929800, 32434447
112, 1, 21
2, 116852, 32726152, 33230074
113, 1, 21
1, 51912, 33475321, 33976592
114, 1, 21
2, 40401, 33230074, 33815970
115, 1, 21
1, 20188, 33976592, 34490416
116, 1, 21
2, 31749, 33815970, 34323239
117, 1, 21
1, 31724, 34490416, 34993754
118, 1, 21
2, 36075, 34323239, 34832164
119, 1, 21
1, 36050, 34993754, 35502691
120, 1, 21
2, 41843, 34832164, 35342791
121, 1, 21
1, 43260, 35502691, 36002744
122, 1, 21
3, 44702, 32434447, 34915306
123, 1, 21
2, 184626, 35342791, 35845662
124, 1, 21
1, 57680, 36002744, 36503941
125, 1, 21
3, 164388, 34915306, 35473070
126, 1, 21
2, 162996, 35845662, 36347844
127, 1, 21
1, 47586, 36503941, 37012010
128, 1, 21
3, 96614, 35473070, 35983291
129, 1, 21
2, 161554, 36347844, 36848072
130, 1, 21
1, 41818, 37012010, 37521065
131, 1, 21
3, 171598, 35983291, 36485874
132, 1, 21
2, 233654, 36848072, 37350740
133, 1, 21
1, 59122, 37521065, 38025826
134, 1, 21
3, 165830, 36485874, 36987835
135, 1, 21
2, 209140, 37350740, 37852789
136, 1, 21
1, 54796, 38025826, 38527938
137, 1, 21
3, 147084, 36987835, 37500120
138, 1, 21
2, 203372, 37852789, 38356496
139, 1, 21
1, 56238, 38527938, 39031389
140, 1, 21
2, 98081, 38356496, 38863794
141, 1, 21
1, 54796, 39031389, 39549316
142, 1, 21
2, 47611, 38863794, 39368365
143, 1, 21
1, 47586, 39549316, 40071631
144, 1, 21
2, 49053, 39368365, 39870108
145, 1, 21
1, 53354, 40071631, 40582903
146, 1, 21
2, 59147, 39870108, 40378341
147, 1, 21
1, 59122, 40582903, 41091166
148, 1, 21
3, 136990, 37500120, 40153988
149, 1, 21
2, 102432, 40378341, 40880215
150, 1, 21
1, 43260, 41091166, 41595747
151, 1, 21
3, 134106, 40153988, 40656252
152, 1, 21
2, 177416, 40880215, 41381300
153, 1, 21
1, 50470, 41595747, 42100525
154, 1, 21
3, 160062, 40656252, 41157630
155, 1, 21
2, 222118, 41381300, 41881486
156, 1, 21
1, 59122, 42100525, 42607763
157, 1, 21
3, 165830, 41157630, 41659578
158, 1, 21
2, 203372, 41881486, 42384144
159, 1, 21
1, 53354, 42607763, 43107875
160, 1, 21
3, 136990, 41659578, 42162287
161, 1, 21
2, 210582, 42384144, 42888038
162, 1, 21
1, 57680, 43107875, 43613103
163, 1, 21
3, 164388, 42162287, 42662508
164, 1, 21
2, 219234, 42888038, 43388504
165, 1, 21
1, 56238, 43613103, 44115925
166, 1, 21
3, 155736, 42662508, 43166020
167, 1, 21
2, 155786, 43388504, 43888559
168, 1, 21
1, 49028, 44115925, 44627190
169, 1, 21
2, 47611, 43888559, 44398444
170, 1, 21
1, 50470, 44627190, 45145492
171, 1, 21
2, 43285, 44398444, 44910354
172, 1, 21
1, 38934, 45145492, 45647716
173, 1, 21
2, 37517, 44910354, 45426743
174, 1, 21
1, 38934, 45647716, 46160608
175, 1, 21
2, 41843, 45426743, 45931758
176, 1, 21
1, 46144, 46160608, 46660929
177, 1, 21
2, 56263, 45931758, 46434397
178, 1, 21
1, 57680, 46660929, 47168351
179, 1, 21
2, 59147, 46434397, 46939538
180, 1, 21
1, 59122, 47168351, 47673211
181, 1, 21
2, 59147, 46939538, 47445846
182, 1, 21
1, 59122, 47673211, 48175870
183, 1, 21
2, 57705, 47445846, 47947265
184, 1, 21
1, 54796, 48175870, 48683264
185, 1, 21
2, 47611, 47947265, 48447305
186, 1, 21
1, 44702, 48683264, 49224868
187, 1, 21
2, 41843, 48447305, 48961709
188, 1, 21
1, 47586, 49224868, 49739602
189, 1, 21
2, 43285, 48961709, 49466972
190, 1, 21
1, 37492, 49739602, 50262502
191, 1, 21
2, 37517, 49466972, 49979371
192, 1, 21
1, 46144, 50262502, 50770919
193, 1, 21
2, 41843, 49979371, 50484582
194, 1, 21
1, 40376, 50770919, 51280494
195, 1, 21
2, 53379, 50484582, 50989786
196, 1, 21
1, 59122, 51280494, 51783783
197, 1, 21
2, 60589, 50989786, 51500364
198, 1, 21
1, 60564, 51783783, 52291648
199, 1, 21
2, 60589, 51500364, 52012619
200, 1, 21
1, 59122, 52291648, 52795894
201, 1, 21
2, 59147, 52012619, 52515977
202, 1, 21
1, 60564, 52795894, 53307592
203, 1, 21
2, 59147, 52515977, 53020712
204, 1, 21
1, 59122, 53307592, 53818466
205, 1, 21
3, 1442, 43166020, 52915959
206, 1, 21
2, 76476, 53020712, 53523000
207, 1, 21
1, 59122, 53818466, 54325456
208, 1, 21
3, 165830, 52915959, 53416923
209, 1, 21
2, 222118, 53523000, 54023673
210, 1, 21
1, 59122, 54325456, 54828163
211, 1, 21
3, 177366, 53416923, 53919541
212, 1, 21
2, 240864, 54023673, 54525866
213, 1, 21
1, 60564, 54828163, 55337591
214, 1, 21
3, 184576, 53919541, 54419831
215, 1, 21
2, 242306, 54525866, 55029254
216, 1, 21
1, 60564, 55337591, 55848496
217, 1, 21
3, 171598, 54419831, 54922076
218, 1, 21
2, 230770, 55029254, 55530208
219, 1, 21
1, 59122, 55848496, 56358608
220, 1, 21
3, 170156, 54922076, 55423571
221, 1, 21
2, 226444, 55530208, 56030586
222, 1, 21
1, 59122, 56358608, 56865122
223, 1, 21
3, 155736, 55423571, 55926506
224, 1, 21
2, 216350, 56030586, 56534132
225, 1, 21
1, 60564, 56865122, 57372451
226, 1, 21
3, 168714, 55926506, 56426856
227, 1, 21
2, 230770, 56534132, 57034668
228, 1, 21
1, 60564, 57372451, 57882972
229, 1, 21
3, 170156, 56426856, 56927710
230, 1, 21
2, 226444, 57034668, 57536971
231, 1, 21
1, 59122, 57882972, 58388958
232, 1, 21
3, 161504, 56927710, 57429474
233, 1, 21
2, 223560, 57536971, 58039997
234, 1, 21
1, 60564, 58388958, 58894242
235, 1, 21
3, 178808, 57429474, 57933151
236, 1, 21
2, 237980, 58039997, 58541076
237, 1, 21
1, 57680, 58894242, 59406899
238, 1, 21
2, 62031, 58541076, 59049508
239, 1, 21
1, 56238, 59406899, 59911651
240, 1, 21
2, 54821, 59049508, 59554179
241, 1, 21
1, 56238, 59911651, 60422305
242, 1, 21
2, 56263, 59554179, 60057829
243, 1, 21
1, 56238, 60422305, 60929302
244, 1, 21
2, 57705, 60057829, 60569130
245, 1, 21
1, 57680, 60929302, 61436063
246, 1, 21
2, 57705, 60569130, 61072484
247, 1, 21
1, 57680, 61436063, 61937104
248, 1, 21
2, 59147, 61072484, 61585157
249, 1, 21
1, 59122, 61937104, 62448580
250, 1, 21
2, 57705, 61585157, 62094098
251, 1, 21
1, 54796, 62448580, 62961821
252, 1, 21
2, 53379, 62094098, 62607500
253, 1, 21
1, 53354, 62961821, 63467406
254, 1, 21
2, 53379, 62607500, 63117570
255, 1, 21
1, 53354, 63467406, 63974616
256, 1, 21
2, 53379, 63117570, 63618841
257, 1, 21
1, 54796, 63974616, 64481715
258, 1, 21
2, 54821, 63618841, 64120879
259, 1, 21
1, 54796, 64481715, 64986240
260, 1, 21
2, 56263, 64120879, 64629641
261, 1, 21
1, 56238, 64986240, 65487922
262, 1, 21
2, 56263, 64629641, 65134783
263, 1, 21
1, 56238, 65487922, 65992439
264, 1, 21
2, 56263, 65134783, 65638955
