0, 2, 21
2, 752, 1003657, 4594599, 6594484
1, 752, 1003632, 5156293, 7156300
1, 2, 21
2, 752, 963281, 6594484, 8597463
1, 752, 963256, 7156300, 9158893
2, 2, 21
2, 752, 974817, 8597463, 10598493
1, 752, 974792, 9158893, 11159488
3, 2, 21
2, 752, 4811979, 10598493, 20598917
1, 752, 4811954, 11159488, 21159998
4, 2, 21
2, 752, 2302899, 20598917, 25631397
1, 752, 2302874, 21159998, 26192191
5, 2, 21
2, 752, 1408859, 25631397, 28635983
1, 752, 1408834, 26192191, 29197055
6, 2, 21
2, 752, 0, 32648510, 32656400
1, 752, 1697234, 29197055, 33207384
7, 2, 21
2, 752, 2909, 35659098, 35663903
1, 752, 1300684, 33207384, 36214366
8, 2, 21
2, 752, 2754245, 35663903, 41657143
1, 752, 2751336, 36214366, 42218299
9, 2, 21
2, 752, 4607215, 41657143, 51659519
1, 752, 4607190, 42218299, 52219570
10, 2, 21
2, 752, 3742015, 51659519, 59682250
1, 752, 3741990, 52219570, 60242269
