0, 2, 21
2, 752, 1442025, 4398537, 7269797
1, 752, 1442004, 4953766, 7825020
1, 2, 21
2, 752, 1442025, 7269797, 10443933
1, 752, 1442004, 7825020, 10999066
2, 2, 21
2, 752, 1442025, 10443933, 13522152
1, 752, 1442004, 10999066, 14077473
3, 2, 21
2, 752, 1442025, 13522152, 16569237
1, 752, 1442004, 14077473, 17124149
4, 2, 21
2, 752, 1442025, 16569237, 19758332
1, 752, 1442004, 17124149, 20313064
5, 2, 21
2, 752, 1442025, 19758332, 22785053
1, 752, 1442004, 20313064, 23340022
6, 2, 21
2, 752, 1442025, 22785053, 25837121
1, 752, 1442004, 23340022, 26390893
7, 2, 21
2, 752, 1440583, 25837121, 28895123
1, 752, 1442004, 26390893, 29450104
8, 2, 21
2, 752, 1442025, 28895123, 32413739
1, 752, 1442004, 29450104, 32966667
9, 2, 21
2, 752, 1442025, 32413739, 35713259
1, 752, 1442004, 32966667, 36268167
10, 2, 21
2, 752, 1442025, 35713259, 38807729
1, 752, 1442004, 36268167, 39362569
11, 2, 21
2, 752, 1442025, 38807729, 41875157
1, 752, 1442004, 39362569, 42429964
12, 2, 21
2, 752, 1442025, 41875157, 44860177
1, 752, 1442004, 42429964, 45415180
13, 2, 21
2, 752, 1442025, 44860177, 47913561
1, 752, 1442004, 45415180, 48468645
14, 2, 21
2, 752, 1442025, 47913561, 51037106
1, 752, 1442004, 48468645, 51592113
15, 2, 21
2, 752, 1442025, 51037106, 54174987
1, 752, 1442004, 51592113, 54729064
16, 2, 21
2, 752, 1442025, 54174987, 57494993
1, 752, 1442004, 54729064, 58049284
17, 2, 21
2, 752, 1442025, 57494993, 61174891
1, 752, 1442004, 58049284, 61728883
