0, 2, 21
2, 752, 1035381, 4406741, 6408672
1, 752, 1035356, 4964660, 6967106
1, 2, 21
2, 752, 1022403, 6408672, 8410345
1, 752, 1022378, 6967106, 8968504
2, 2, 21
2, 752, 979143, 8410345, 10412477
1, 752, 979118, 8968504, 10970354
3, 2, 21
2, 752, 1015193, 10412477, 12413062
1, 752, 1015168, 10970354, 12971261
4, 2, 21
2, 752, 945977, 12413062, 14414631
1, 752, 945952, 12971261, 14972974
5, 2, 21
2, 752, 1055569, 14414631, 16416700
1, 752, 1055544, 14972974, 16974922
6, 2, 21
2, 752, 1031055, 16416700, 18419568
1, 752, 1031030, 16974922, 18977206
7, 2, 21
2, 752, 1039707, 18419568, 20419773
1, 752, 1039682, 18977206, 20977976
8, 2, 21
2, 752, 1003657, 20419773, 22422385
1, 752, 1003632, 20977976, 22980685
9, 2, 21
2, 752, 1033939, 22422385, 24422854
1, 752, 1033914, 22980685, 24980875
10, 2, 21
2, 752, 979143, 24422854, 26425767
1, 752, 979118, 24980875, 26983609
11, 2, 21
2, 752, 1038265, 26425767, 28427883
1, 752, 1038240, 26983609, 28986146
12, 2, 21
2, 752, 1007983, 28427883, 30428296
1, 752, 1007958, 28986146, 30986546
13, 2, 21
2, 752, 953187, 30428296, 32432072
1, 752, 953162, 30986546, 32990134
14, 2, 21
2, 752, 971933, 32432072, 34434066
1, 752, 971908, 32990134, 34992452
15, 2, 21
2, 752, 987795, 34434066, 36435763
1, 752, 987770, 34992452, 36993676
16, 2, 21
2, 752, 966165, 36435763, 38436350
1, 752, 966140, 36993676, 38994437
17, 2, 21
2, 752, 960397, 38436350, 40437003
1, 752, 960372, 38994437, 40995082
18, 2, 21
2, 752, 970491, 40437003, 42437838
1, 752, 970466, 40995082, 42995532
19, 2, 21
2, 752, 951745, 42437838, 44439671
1, 752, 951720, 42995532, 44997808
20, 2, 21
2, 752, 1023845, 44439671, 46442703
1, 752, 1023820, 44997808, 47000490
21, 2, 21
2, 752, 927231, 46442703, 48443537
1, 752, 927206, 47000490, 49000852
22, 2, 21
2, 752, 925789, 48443537, 50445751
1, 752, 925764, 49000852, 51003713
23, 2, 21
2, 752, 945977, 50445751, 52447989
1, 752, 945952, 51003713, 53005923
24, 2, 21
2, 752, 1013751, 52447989, 54449169
1, 752, 1013726, 53005923, 55007241
25, 2, 21
2, 752, 1012309, 54449169, 56451593
1, 752, 1012284, 55007241, 57009661
26, 2, 21
2, 752, 866667, 56451593, 58453638
1, 752, 866642, 57009661, 59011754
27, 2, 21
2, 752, 976259, 58453638, 60456316
1, 752, 976234, 59011754, 61014262
28, 2, 21
2, 752, 888297, 60456316, 62456902
1, 752, 888272, 61014262, 63014817
