0, 2, 21
2, 100940, 5540366, 6543290
1, 100940, 6135566, 7138441
1, 2, 21
2, 111034, 6543290, 7547084
1, 111034, 7138441, 8142126
2, 1, 21
2, 112476, 7547084, 8559309
3, 1, 21
1, 139874, 8142126, 9392221
4, 2, 21
2, 111059, 8559309, 15687402
1, 83636, 9392221, 16281784
5, 2, 21
2, 113918, 15687402, 16697060
1, 113918, 16281784, 17291695
6, 1, 21
2, 132664, 16697060, 17700501
7, 1, 21
1, 112476, 17291695, 18301958
8, 1, 21
3, 141316, 17000061, 18004810
9, 1, 21
2, 240864, 17700501, 18713584
10, 1, 21
1, 129780, 18301958, 19554018
11, 1, 21
3, 138432, 18004810, 19010267
12, 1, 21
2, 279798, 18713584, 19716978
13, 1, 21
1, 112476, 19554018, 20559663
14, 1, 21
4, 152852, 18426096, 19431121
15, 1, 21
3, 149968, 19010267, 20018537
16, 1, 21
2, 411045, 19716978, 20719692
17, 1, 21
1, 111034, 20559663, 21571865
18, 1, 21
3, 118244, 20018537, 21023700
19, 1, 21
4, 115360, 19431121, 20482334
20, 1, 21
2, 314431, 20719692, 21720322
21, 1, 21
1, 93730, 21571865, 22581727
22, 1, 21
4, 149968, 20482334, 21488703
23, 1, 21
2, 385064, 21720322, 22727489
24, 1, 21
1, 108150, 22581727, 23640255
25, 1, 21
4, 116802, 21488703, 22488893
26, 1, 21
2, 200488, 22727489, 23730620
27, 1, 21
1, 92288, 23640255, 24654157
28, 1, 21
4, 126896, 22488893, 23489438
29, 1, 21
2, 230770, 23730620, 24733617
30, 1, 21
1, 106708, 24654157, 25656345
31, 1, 21
4, 144200, 23489438, 24493434
32, 1, 21
2, 262494, 24733617, 25735744
33, 1, 21
1, 118244, 25656345, 26657261
34, 1, 21
4, 149968, 24493434, 25500118
35, 1, 21
2, 331710, 25735744, 26986628
36, 1, 21
1, 144200, 26657261, 27910914
37, 1, 21
4, 145642, 25500118, 26503627
38, 1, 21
3, 139874, 21023700, 27942323
39, 1, 21
2, 409603, 26986628, 28550833
40, 1, 21
4, 144200, 26503627, 27505396
41, 1, 21
1, 211974, 27910914, 29867839
42, 1, 21
3, 132664, 27942323, 28952458
43, 1, 21
2, 364901, 28550833, 29551536
44, 1, 21
4, 170156, 27505396, 28758382
45, 1, 21
1, 109592, 29867839, 30877776
46, 1, 21
3, 142758, 28952458, 29957459
47, 1, 21
2, 396625, 29551536, 30559130
48, 1, 21
1, 118244, 30877776, 31883222
49, 1, 21
3, 149968, 29957459, 30966413
50, 1, 21
2, 341804, 30559130, 31750827
51, 1, 21
3, 148526, 30966413, 31975507
52, 1, 21
1, 148526, 31883222, 33144295
53, 1, 21
2, 321616, 31750827, 33006191
54, 1, 21
1, 115360, 33144295, 34499345
55, 1, 21
2, 116827, 33006191, 34044048
56, 1, 21
2, 69216, 34044048, 35047141
57, 1, 21
1, 87962, 34499345, 35789581
58, 1, 21
3, 103824, 31975507, 34919879
59, 1, 21
2, 269704, 35047141, 36047201
60, 1, 21
1, 111034, 35789581, 36799644
61, 1, 21
3, 250908, 34919879, 35922420
62, 1, 21
2, 350456, 36047201, 37049338
63, 1, 21
1, 116802, 36799644, 38052128
64, 1, 21
3, 325892, 35922420, 36925777
65, 1, 21
2, 428324, 37049338, 38058286
66, 1, 21
1, 111034, 38052128, 39056213
67, 1, 21
3, 301378, 36925777, 37927711
68, 1, 21
2, 246632, 38058286, 39066166
69, 1, 21
1, 122570, 39056213, 40312749
70, 1, 21
2, 98081, 39066166, 40077337
71, 1, 21
3, 4326, 37927711, 40157202
72, 1, 21
1, 112476, 40312749, 41324529
73, 1, 21
2, 193278, 40077337, 41081576
74, 1, 21
3, 294168, 40157202, 41160641
75, 1, 21
2, 431183, 41081576, 42082188
76, 1, 21
1, 162946, 41324529, 42893818
77, 1, 21
3, 385014, 41160641, 42414059
78, 1, 21
2, 522054, 42082188, 43334375
79, 1, 21
2, 222068, 43334375, 44344786
80, 1, 21
1, 255234, 42893818, 45348354
81, 1, 21
2, 87987, 44344786, 45367079
82, 1, 21
1, 76426, 45348354, 46362442
83, 1, 21
2, 118269, 45367079, 46625254
84, 1, 21
1, 106708, 46362442, 47367357
85, 1, 21
2, 118269, 46625254, 47633231
86, 1, 21
1, 118244, 47367357, 48372771
87, 1, 21
2, 115385, 47633231, 48884721
88, 1, 21
1, 113918, 48372771, 49607104
89, 1, 21
1, 103824, 49607104, 50857123
90, 1, 21
2, 168764, 48884721, 50847758
91, 1, 21
1, 98056, 50857123, 51858308
92, 1, 21
1, 118244, 51858308, 52859098
93, 1, 21
3, 239372, 42414059, 52919092
94, 1, 21
1, 147084, 52859098, 54113329
95, 1, 21
2, 553828, 50847758, 54025777
96, 1, 21
3, 335986, 52919092, 53920210
97, 1, 21
2, 473001, 54025777, 55029077
98, 1, 21
1, 230720, 54113329, 56071472
99, 1, 21
3, 435484, 53920210, 55173239
100, 1, 21
2, 454280, 55029077, 56029563
101, 1, 21
2, 565264, 56029563, 57279669
102, 1, 21
3, 524888, 55173239, 56739647
103, 1, 21
2, 621527, 57279669, 58845382
104, 1, 21
2, 111034, 58845382, 59857922
105, 1, 21
2, 113918, 59857922, 60870840
106, 1, 21
2, 174482, 60870840, 62433615
107, 1, 21
2, 262444, 62433615, 64883579
108, 1, 21
1, 1123318, 56071472, 66083245
