0, 2, 21
2, 72100, 5502546, 6252181
1, 72104, 6052625, 6801964
1, 2, 21
2, 144200, 6252181, 7548603
1, 144204, 6801964, 8098322
2, 2, 21
2, 144200, 7548603, 8837923
1, 144204, 8098322, 9387580
3, 2, 21
2, 217742, 8837923, 16900443
1, 217746, 9387580, 17450450
4, 2, 21
2, 83636, 16900443, 17557847
1, 72104, 17450450, 18107720
5, 2, 21
2, 82194, 17557847, 17868316
1, 36054, 18107720, 18418187
6, 2, 21
2, 43260, 17868316, 18029465
1, 18750, 18418187, 18578562
7, 2, 21
2, 21630, 18029465, 18116888
1, 10098, 18578562, 18666788
8, 2, 21
2, 338870, 18116888, 19521160
1, 144204, 18666788, 20070578
9, 2, 21
2, 268212, 19521160, 20188811
1, 72104, 20070578, 20736244
10, 2, 21
2, 134106, 20188811, 20508410
1, 36054, 20736244, 21058047
11, 2, 21
2, 67774, 20508410, 20677109
1, 18750, 21058047, 21226426
12, 2, 21
2, 496048, 20677109, 22135084
1, 144204, 21226426, 22684613
13, 2, 21
2, 219184, 22135084, 22788036
1, 72104, 22684613, 23337627
14, 2, 21
2, 92288, 22788036, 23232104
1, 36054, 23337627, 23781769
15, 2, 21
2, 41818, 23232104, 23405249
1, 18750, 23781769, 23954933
16, 2, 21
2, 17304, 23405249, 23502020
1, 10098, 23954933, 24051071
17, 2, 21
2, 335986, 23502020, 24991318
1, 144204, 24051071, 25540226
18, 2, 21
2, 330218, 24991318, 26216089
1, 144204, 25540226, 26765735
19, 2, 21
2, 164388, 26216089, 26836632
1, 72104, 26765735, 27386409
20, 2, 21
2, 328776, 26836632, 28093129
1, 144204, 27386409, 28642750
21, 2, 21
2, 455672, 28093129, 29419696
1, 144204, 28642750, 29968397
22, 2, 21
2, 256676, 29419696, 30062376
1, 72104, 29968397, 30610311
23, 2, 21
2, 118244, 30062376, 30370511
1, 36054, 30610311, 30919341
24, 2, 21
2, 363384, 30370511, 31629056
1, 144204, 30919341, 32178330
25, 2, 21
2, 168714, 31629056, 32281526
1, 72104, 32178330, 32830973
26, 2, 21
2, 85078, 32281526, 32603327
1, 36054, 32830973, 33152636
27, 2, 21
2, 224952, 32603327, 34497119
1, 144204, 33152636, 35046530
28, 2, 21
2, 86520, 34497119, 35448560
1, 72104, 35046530, 35996480
29, 2, 21
2, 138432, 35448560, 35754047
1, 36054, 35996480, 36303494
30, 2, 21
2, 66332, 35754047, 35923774
1, 18750, 36303494, 36473592
31, 2, 21
2, 25956, 35923774, 36009672
1, 10098, 36473592, 36559203
32, 2, 21
2, 14420, 36009672, 36057435
1, 5772, 36559203, 36607319
33, 2, 21
2, 575358, 36057435, 37542792
1, 144204, 36607319, 38092598
34, 2, 21
2, 262444, 37542792, 38197762
1, 72104, 38092598, 38746929
35, 2, 21
2, 108150, 38197762, 38524262
1, 36054, 38746929, 39074113
36, 2, 21
2, 144200, 38524262, 39980596
1, 144204, 39074113, 40530519
37, 2, 21
2, 72100, 39980596, 40604723
1, 72104, 40530519, 41154314
38, 2, 21
2, 572474, 40604723, 42050795
1, 144204, 41154314, 42600497
39, 2, 21
2, 265328, 42050795, 42722365
1, 72104, 42600497, 43269524
40, 2, 21
2, 138432, 42722365, 43032938
1, 36054, 43269524, 43582044
41, 2, 21
2, 72100, 43032938, 43193027
1, 18750, 43582044, 43742872
42, 2, 21
2, 285516, 43193027, 44593372
1, 144204, 43742872, 45142435
43, 2, 21
2, 72100, 44593372, 45544375
1, 72104, 45142435, 46094190
44, 2, 21
2, 36050, 45544375, 45996660
1, 36054, 46094190, 46546548
45, 2, 21
2, 144200, 45996660, 47261082
1, 144204, 46546548, 47809986
46, 2, 21
2, 72100, 47261082, 47864712
1, 72104, 47809986, 48413680
47, 2, 21
2, 144200, 47864712, 49455393
1, 144204, 48413680, 50004245
48, 2, 21
2, 144200, 49455393, 51126650
1, 144204, 50004245, 51675761
49, 2, 21
2, 144200, 51126650, 52348158
1, 144204, 51675761, 52897183
50, 2, 21
2, 72100, 52348158, 52970973
1, 72104, 52897183, 53520102
51, 2, 21
2, 412412, 52970973, 54209389
1, 144204, 53520102, 54758195
52, 2, 21
2, 294168, 54209389, 54813678
1, 72104, 54758195, 55363333
53, 2, 21
2, 138432, 54813678, 55121014
1, 36054, 55363333, 55669905
54, 2, 21
2, 573916, 55121014, 56355581
1, 144204, 55669905, 56905055
55, 2, 21
2, 553728, 56355581, 57568044
1, 144204, 56905055, 58117653
56, 2, 21
2, 439810, 57568044, 58794622
1, 144204, 58117653, 59344485
57, 2, 21
2, 144200, 58794622, 60102661
1, 144204, 59344485, 60652372
58, 2, 21
2, 72100, 60102661, 60746695
1, 72104, 60652372, 61296400
59, 2, 21
2, 144200, 60746695, 61999398
1, 144204, 61296400, 62548976
60, 2, 21
2, 144200, 61999398, 63362160
1, 144204, 62548976, 63912049
61, 2, 21
2, 144200, 63362160, 64693043
1, 144204, 63912049, 65242943
