0, 2, 21
2, 100940, 5593214, 6595103
1, 100940, 6191023, 7192126
1, 2, 21
2, 111034, 6595103, 7596976
1, 111034, 7192126, 8194194
2, 2, 21
2, 111034, 7596976, 8599337
1, 111034, 8194194, 9196561
3, 2, 21
2, 112476, 8599337, 15728945
1, 112476, 9196561, 16325584
4, 2, 21
2, 113918, 15728945, 16740652
1, 113918, 16325584, 17337625
5, 2, 21
2, 131222, 16740652, 17742773
1, 111034, 17337625, 18338391
6, 1, 21
3, 141316, 17045163, 18059320
7, 2, 21
2, 239397, 17742773, 18754366
1, 112476, 18338391, 19350542
8, 1, 21
3, 136990, 18059320, 19067300
9, 2, 21
2, 268237, 18754366, 19755401
1, 99498, 19350542, 20351103
10, 1, 21
4, 145642, 18478081, 19483251
11, 1, 21
3, 145642, 19067300, 20073859
12, 2, 21
2, 395158, 19755401, 20757569
1, 109592, 20351103, 21353544
13, 1, 21
4, 116802, 19483251, 20491965
14, 1, 21
3, 105266, 20073859, 21076447
15, 1, 21
2, 314406, 20757569, 21758222
16, 1, 21
1, 98056, 21353544, 22365511
17, 1, 21
4, 134106, 20491965, 21497844
18, 1, 21
3, 138432, 21076447, 22077514
19, 1, 21
2, 387973, 21758222, 22765152
20, 1, 21
1, 109592, 22365511, 23375744
21, 1, 21
4, 132664, 21497844, 22518259
22, 1, 21
2, 214908, 22765152, 23774278
23, 1, 21
1, 92288, 23375744, 24419341
24, 1, 21
4, 113918, 22518259, 23521218
25, 1, 21
2, 220676, 23774278, 24774460
26, 1, 21
1, 99498, 24419341, 25422491
27, 1, 21
4, 147084, 23521218, 24523722
28, 1, 21
2, 263936, 24774460, 25777998
29, 1, 21
1, 116802, 25422491, 26428056
30, 1, 21
4, 152852, 24523722, 25530773
31, 1, 21
2, 266820, 25777998, 26783957
32, 1, 21
1, 115360, 26428056, 27428717
33, 1, 21
4, 147084, 25530773, 26532344
34, 1, 21
2, 262494, 26783957, 27787644
35, 1, 21
1, 113918, 27428717, 28431986
36, 1, 21
4, 138432, 26532344, 27541721
37, 1, 21
3, 20188, 22077514, 28145021
38, 1, 21
2, 263961, 27787644, 28791530
39, 1, 21
1, 116802, 28431986, 29432923
40, 1, 21
4, 128338, 27541721, 28548118
41, 1, 21
3, 134106, 28145021, 29158667
42, 1, 21
2, 367785, 28791530, 29799527
43, 1, 21
1, 106708, 29432923, 30445358
44, 1, 21
4, 135548, 28548118, 29550224
45, 1, 21
3, 147084, 29158667, 30159244
46, 1, 21
2, 399509, 29799527, 30800067
47, 1, 21
1, 115360, 30445358, 31449478
48, 1, 21
3, 149968, 30159244, 31169568
49, 1, 21
2, 292776, 30800067, 31805403
50, 1, 21
1, 118244, 31449478, 32454204
51, 1, 21
3, 148526, 31169568, 32174705
52, 1, 21
2, 266820, 31805403, 32813453
53, 1, 21
1, 118244, 32454204, 33458042
54, 2, 21
2, 173065, 32813453, 33915004
1, 79310, 33458042, 34512014
55, 2, 21
2, 66332, 33915004, 34920305
1, 66332, 34512014, 35516710
56, 1, 21
3, 98056, 32174705, 35085627
57, 2, 21
2, 187485, 34920305, 35922392
1, 98056, 35516710, 36518670
58, 1, 21
3, 249466, 35085627, 36086266
59, 1, 21
2, 321591, 35922392, 36923867
60, 1, 21
1, 87962, 36518670, 37525581
61, 1, 21
3, 323008, 36086266, 37089999
62, 1, 21
2, 448512, 36923867, 37925845
63, 1, 21
1, 115360, 37525581, 38533657
64, 1, 21
3, 299936, 37089999, 38091891
65, 1, 21
2, 334594, 37925845, 38926306
66, 1, 21
1, 109592, 38533657, 39538984
67, 1, 21
2, 96639, 38926306, 39937055
68, 1, 21
1, 96614, 39538984, 40546746
69, 1, 21
3, 10094, 38091891, 40340856
70, 1, 21
2, 112526, 39937055, 40939161
71, 1, 21
1, 102382, 40546746, 41553813
72, 1, 21
3, 291284, 40340856, 41342860
73, 1, 21
2, 399484, 40939161, 41940102
74, 1, 21
1, 108150, 41553813, 42564421
75, 1, 21
3, 299936, 41342860, 42343389
76, 1, 21
2, 409578, 41940102, 42941650
77, 1, 21
1, 111034, 42564421, 43570901
78, 1, 21
3, 318682, 42343389, 43343966
79, 1, 21
2, 428324, 42941650, 43953076
80, 1, 21
1, 111034, 43570901, 44576309
81, 1, 21
2, 89429, 43953076, 44964372
82, 1, 21
1, 87962, 44576309, 45576654
83, 1, 21
2, 77893, 44964372, 45977865
84, 1, 21
1, 77868, 45576654, 46587591
85, 1, 21
2, 115385, 45977865, 46988125
86, 1, 21
1, 115360, 46587591, 47597852
87, 1, 21
2, 118269, 46988125, 47998421
88, 1, 21
1, 118244, 47597852, 48605124
89, 2, 21
2, 87987, 47998421, 49008725
1, 86520, 48605124, 49605870
90, 2, 21
2, 80752, 49008725, 50022255
1, 80752, 49605870, 50619172
91, 2, 21
2, 93730, 50022255, 51030103
1, 93730, 50619172, 51626462
92, 2, 21
2, 118244, 51030103, 52030840
1, 118244, 51626462, 52627981
93, 2, 21
2, 118244, 52030840, 53039733
1, 118244, 52627981, 53636890
94, 1, 21
3, 8652, 43343966, 53116635
95, 2, 21
2, 235071, 53039733, 54045103
1, 116802, 53636890, 54640203
96, 1, 21
3, 340312, 53116635, 54117904
97, 1, 21
2, 473001, 54045103, 55045124
98, 1, 21
1, 119686, 54640203, 55649957
99, 1, 21
3, 354732, 54117904, 55118214
100, 1, 21
2, 462932, 55045124, 56047291
101, 1, 21
1, 116802, 55649957, 56656823
102, 1, 21
3, 343196, 55118214, 56120380
103, 1, 21
2, 455722, 56047291, 57048747
104, 1, 21
1, 119686, 56656823, 57660489
105, 1, 21
3, 334544, 56120380, 57127491
106, 1, 21
2, 441302, 57048747, 58052525
107, 1, 21
1, 118244, 57660489, 58664238
108, 1, 21
3, 328776, 57127491, 58130226
109, 1, 21
2, 363434, 58052525, 59065698
110, 1, 21
1, 116802, 58664238, 59675948
111, 1, 21
2, 111059, 59065698, 60070019
112, 1, 21
1, 111034, 59675948, 60680482
113, 1, 21
2, 113943, 60070019, 61081264
114, 1, 21
1, 113918, 60680482, 61691379
115, 1, 21
2, 115385, 61081264, 62084965
116, 1, 21
1, 115360, 61691379, 62695706
117, 1, 21
2, 106733, 62084965, 63093770
118, 1, 21
1, 106708, 62695706, 63704875
119, 1, 21
2, 106733, 63093770, 64099431
120, 1, 21
1, 106708, 63704875, 64710076
121, 1, 21
2, 112501, 64099431, 65108736
122, 1, 21
1, 112476, 64710076, 65720932
