0, 2, 21
2, 100940, 5593269, 6597729
1, 100940, 6168068, 7171562
1, 2, 21
2, 111034, 6597729, 7599287
1, 111034, 7171562, 8173568
2, 2, 21
2, 139874, 7599287, 8849767
1, 139874, 8173568, 9424124
3, 2, 21
2, 83636, 8849767, 15728559
1, 83636, 9424124, 16302544
4, 2, 21
2, 113918, 15728559, 16740275
1, 113918, 16302544, 17314675
5, 1, 21
2, 132664, 16740275, 17747959
6, 1, 21
1, 112476, 17314675, 18325855
7, 1, 21
3, 141316, 17032446, 18051425
8, 1, 21
2, 239422, 17747959, 18754695
9, 1, 21
1, 129780, 18325855, 19584415
10, 1, 21
3, 138432, 18051425, 19057817
11, 1, 21
2, 275472, 18754695, 19759142
12, 1, 21
1, 112476, 19584415, 20596055
13, 1, 21
4, 151410, 18454170, 19457598
14, 1, 21
3, 149968, 19057817, 20064280
15, 1, 21
2, 406719, 19759142, 20760389
16, 1, 21
1, 106708, 20596055, 21597135
17, 1, 21
4, 115360, 19457598, 20462399
18, 1, 21
3, 116802, 20064280, 21067259
19, 1, 21
2, 307221, 20760389, 21762681
20, 1, 21
1, 87962, 21597135, 22610076
21, 1, 21
4, 141316, 20462399, 21464914
22, 1, 21
3, 136990, 21067259, 22070966
23, 1, 21
2, 382205, 21762681, 22770219
24, 1, 21
1, 122570, 22610076, 23862766
25, 1, 21
4, 124012, 21464914, 22518980
26, 1, 21
2, 204814, 22770219, 23782291
27, 1, 21
4, 125454, 22518980, 23522771
28, 1, 21
2, 222093, 23782291, 24785614
29, 1, 21
1, 144200, 23862766, 25429810
30, 1, 21
4, 145642, 23522771, 24528669
31, 1, 21
2, 258168, 24785614, 25788262
32, 1, 21
1, 118244, 25429810, 26462814
33, 1, 21
4, 152852, 24528669, 25536988
34, 1, 21
2, 334594, 25788262, 27040930
35, 1, 21
1, 147084, 26462814, 27713831
36, 1, 21
4, 145642, 25536988, 26543770
37, 1, 21
2, 405252, 27040930, 28605073
38, 1, 21
3, 4326, 22070966, 28037203
39, 1, 21
4, 142758, 26543770, 27552424
40, 1, 21
1, 183134, 27713831, 29288147
41, 1, 21
2, 373553, 28605073, 29612593
42, 1, 21
3, 134106, 28037203, 29048705
43, 1, 21
4, 165830, 27552424, 28805940
44, 1, 21
2, 398042, 29612593, 30618064
45, 1, 21
3, 148526, 29048705, 30056117
46, 1, 21
3, 149968, 30056117, 31064308
47, 1, 21
1, 337428, 29288147, 32345769
48, 1, 21
2, 341829, 30618064, 31802776
49, 1, 21
3, 180250, 31064308, 32328020
50, 1, 21
2, 315823, 31802776, 33053654
51, 1, 21
1, 226394, 32345769, 34521771
52, 1, 21
2, 132689, 33053654, 34193896
53, 1, 21
1, 56238, 34521771, 35524722
54, 1, 21
2, 66357, 34193896, 35203365
55, 1, 21
3, 64890, 32328020, 34989708
56, 1, 21
1, 85078, 35524722, 36533771
57, 1, 21
2, 287008, 35203365, 36208407
58, 1, 21
3, 248024, 34989708, 35992401
59, 1, 21
1, 96614, 36533771, 37586110
60, 1, 21
2, 347572, 36208407, 37209836
61, 1, 21
3, 307146, 35992401, 36995272
62, 1, 21
2, 370619, 37209836, 38210266
63, 1, 21
1, 125454, 37586110, 38838892
64, 1, 21
3, 248024, 36995272, 37995382
65, 1, 21
2, 269704, 38210266, 39225111
66, 1, 21
1, 160062, 38838892, 40407310
67, 1, 21
2, 93755, 39225111, 40233276
68, 1, 21
3, 79310, 37995382, 40483606
69, 1, 21
2, 227861, 40233276, 41486139
70, 1, 21
1, 213416, 40407310, 42616531
71, 1, 21
3, 252350, 40483606, 41488165
72, 1, 21
2, 377854, 41486139, 42487223
73, 1, 21
1, 109592, 42616531, 43628059
74, 1, 21
3, 338870, 41488165, 42741212
75, 1, 21
2, 366318, 42487223, 43487971
76, 1, 21
1, 131222, 43628059, 44886356
77, 1, 21
3, 294168, 42741212, 43744739
78, 1, 21
2, 411020, 43487971, 44747453
79, 1, 21
2, 86520, 44747453, 45763922
80, 1, 21
1, 142758, 44886356, 46459084
81, 1, 21
2, 82219, 45763922, 46773670
82, 1, 21
1, 83636, 46459084, 47459994
83, 1, 21
2, 125479, 46773670, 47865023
84, 1, 21
1, 139874, 47459994, 48676362
85, 1, 21
2, 137015, 47865023, 49139722
86, 1, 21
1, 128338, 48676362, 49930798
87, 1, 21
1, 82194, 49930798, 50933485
88, 1, 21
2, 126946, 49139722, 50707811
89, 1, 21
1, 80752, 50933485, 51947128
90, 1, 21
1, 118244, 51947128, 52958728
91, 1, 21
1, 147084, 52958728, 54214383
92, 1, 21
2, 334619, 50707811, 53769093
93, 1, 21
3, 33166, 43744739, 53585320
94, 1, 21
2, 377829, 53769093, 54906297
95, 1, 21
3, 335986, 53585320, 54586400
96, 1, 21
1, 227836, 54214383, 56171995
97, 1, 21
2, 473026, 54906297, 55908762
98, 1, 21
3, 356174, 54586400, 55591349
99, 1, 21
2, 581151, 55908762, 57160687
100, 1, 21
3, 431158, 55591349, 56844320
101, 1, 21
2, 445603, 57160687, 58161593
102, 1, 21
3, 320124, 56844320, 57846107
103, 1, 21
2, 441277, 58161593, 59164977
104, 1, 21
2, 155736, 59164977, 60166877
105, 1, 21
2, 111034, 60166877, 61175888
106, 1, 21
2, 144200, 61175888, 62430841
107, 1, 21
2, 209090, 62430841, 64387799
108, 1, 21
1, 1130528, 56171995, 66175011
