0, 2, 21
2, 72100, 5640569, 6390917
1, 72104, 6211874, 6961579
1, 2, 21
2, 144200, 6390917, 7685311
1, 144204, 6961579, 8255989
2, 2, 21
2, 144200, 7685311, 8975625
1, 144204, 8255989, 9545983
3, 2, 21
2, 217742, 8975625, 17045892
1, 217746, 9545983, 17616387
4, 2, 21
2, 74984, 17045892, 17706366
1, 72104, 17616387, 18276925
5, 2, 21
2, 85078, 17706366, 18028224
1, 36054, 18276925, 18597043
6, 2, 21
2, 41818, 18028224, 18187264
1, 18750, 18597043, 18757664
7, 2, 21
2, 21630, 18187264, 18274233
1, 10098, 18757664, 18845538
8, 2, 21
2, 335986, 18274233, 19682064
1, 144204, 18845538, 20252763
9, 2, 21
2, 269654, 19682064, 20347347
1, 72104, 20252763, 20918221
10, 2, 21
2, 134106, 20347347, 20669166
1, 36054, 20918221, 21239629
11, 2, 21
2, 69216, 20669166, 20836779
1, 18750, 21239629, 21408033
12, 2, 21
2, 497490, 20836779, 22294819
1, 144204, 21408033, 22862705
13, 2, 21
2, 223510, 22294819, 22946310
1, 72104, 22862705, 23516685
14, 2, 21
2, 89404, 22946310, 23401742
1, 36054, 23516685, 23972284
15, 2, 21
2, 43260, 23401742, 23578506
1, 18750, 23972284, 24147711
16, 2, 21
2, 17304, 23578506, 23675153
1, 10098, 24147711, 24245585
17, 2, 21
2, 340312, 23675153, 25193735
1, 144204, 24245585, 25764680
18, 2, 21
2, 331660, 25193735, 26428068
1, 144204, 25764680, 26998844
19, 2, 21
2, 164388, 26428068, 27055772
1, 72104, 26998844, 27625802
20, 2, 21
2, 328776, 27055772, 28302098
1, 144204, 27625802, 28872569
21, 2, 21
2, 448462, 28302098, 29607179
1, 144204, 28872569, 30178087
22, 2, 21
2, 255234, 29607179, 30247198
1, 72104, 30178087, 30817814
23, 2, 21
2, 121128, 30247198, 30555384
1, 36054, 30817814, 31126299
24, 2, 21
2, 354732, 30555384, 31773558
1, 144204, 31126299, 32344593
25, 2, 21
2, 162946, 31773558, 32386095
1, 72104, 32344593, 32956895
26, 2, 21
2, 80752, 32386095, 32693127
1, 36054, 32956895, 33263666
27, 2, 21
2, 246582, 32693127, 34553520
1, 144204, 33263666, 35124531
28, 2, 21
2, 72100, 34553520, 35502829
1, 72104, 35124531, 36073578
29, 2, 21
2, 92288, 35502829, 35809509
1, 36054, 36073578, 36380312
30, 2, 21
2, 79310, 35809509, 35979712
1, 18750, 36380312, 36550549
31, 2, 21
2, 41818, 35979712, 36065071
1, 10098, 36550549, 36635798
32, 2, 21
2, 18746, 36065071, 36114189
1, 5772, 36635798, 36684211
33, 2, 21
2, 545076, 36114189, 37599830
1, 144204, 36684211, 38169550
34, 2, 21
2, 263886, 37599830, 38250245
1, 72104, 38169550, 38821202
35, 2, 21
2, 136990, 38250245, 38579813
1, 36054, 38821202, 39150272
36, 2, 21
2, 167272, 38579813, 40029748
1, 144204, 39150272, 40600723
37, 2, 21
2, 72100, 40029748, 40651743
1, 72104, 40600723, 41222233
38, 2, 21
2, 516236, 40651743, 42098179
1, 144204, 41222233, 42668463
39, 2, 21
2, 263886, 42098179, 42769113
1, 72104, 42668463, 43338055
40, 2, 21
2, 136990, 42769113, 43080435
1, 36054, 43338055, 43650949
41, 2, 21
2, 74984, 43080435, 43247437
1, 18750, 43650949, 43811773
42, 2, 21
2, 340312, 43247437, 44641502
1, 144204, 43811773, 45211892
43, 2, 21
2, 72100, 44641502, 45593083
1, 72104, 45211892, 46163328
44, 2, 21
2, 36050, 45593083, 46044540
1, 36054, 46163328, 46615520
45, 2, 21
2, 144200, 46044540, 47306293
1, 144204, 46615520, 47877260
46, 2, 21
2, 72100, 47306293, 47911463
1, 72104, 47877260, 48481928
47, 2, 21
2, 144200, 47911463, 49500453
1, 144204, 48481928, 50071463
48, 2, 21
2, 144200, 49500453, 51165876
1, 144204, 50071463, 51736835
49, 2, 21
2, 144200, 51165876, 52386123
1, 144204, 51736835, 52956929
50, 2, 21
2, 72100, 52386123, 52996532
1, 72104, 52956929, 53567548
51, 2, 21
2, 341754, 52996532, 54236785
1, 144204, 53567548, 54807152
52, 2, 21
2, 297052, 54236785, 54848376
1, 72104, 54807152, 55418968
53, 2, 21
2, 149968, 54848376, 55155514
1, 36054, 55418968, 55726136
54, 2, 21
2, 573916, 55155514, 56402912
1, 144204, 55726136, 56973422
55, 2, 21
2, 553728, 56402912, 57621297
1, 144204, 56973422, 58192129
56, 2, 21
2, 496048, 57621297, 58847044
1, 144204, 58192129, 59418187
57, 2, 21
2, 144200, 58847044, 60156167
1, 144204, 59418187, 60727184
58, 2, 21
2, 72100, 60156167, 60799958
1, 72104, 60727184, 61371061
59, 2, 21
2, 144200, 60799958, 62052558
1, 144204, 61371061, 62623707
60, 2, 21
2, 144200, 62052558, 63416097
1, 144204, 62623707, 63986669
61, 2, 21
2, 144200, 63416097, 64746010
1, 144204, 63986669, 65317065
