0, 2, 21
2, 100940, 5573014, 6573558
1, 100940, 6143352, 7143628
1, 2, 21
2, 111034, 6573558, 7576800
1, 111034, 7143628, 8146810
2, 2, 21
2, 111034, 7576800, 8578862
1, 111034, 8146810, 9148424
3, 2, 21
2, 112476, 8578862, 15706300
1, 112476, 9148424, 16276382
4, 2, 21
2, 113918, 15706300, 16716221
1, 113918, 16276382, 17286393
5, 1, 21
2, 135548, 16716221, 17724503
6, 1, 21
1, 112476, 17286393, 18298056
7, 1, 21
3, 141316, 16996008, 18003655
8, 1, 21
2, 237980, 17724503, 18724894
9, 1, 21
1, 112476, 18298056, 19357163
10, 1, 21
3, 135548, 18003655, 19004549
11, 1, 21
2, 271146, 18724894, 19726909
12, 1, 21
1, 106708, 19357163, 20357290
13, 1, 21
4, 151410, 18438369, 19441692
14, 1, 21
3, 147084, 19004549, 20006800
15, 1, 21
2, 405277, 19726909, 20728200
16, 1, 21
1, 111034, 20357290, 21366190
17, 1, 21
3, 112476, 20006800, 21009767
18, 1, 21
4, 112476, 19441692, 20450990
19, 1, 21
2, 307221, 20728200, 21730228
20, 1, 21
1, 92288, 21366190, 22372821
21, 1, 21
3, 134106, 21009767, 22010478
22, 1, 21
4, 132664, 20450990, 21454987
23, 1, 21
2, 387973, 21730228, 22731618
24, 1, 21
1, 115360, 22372821, 23382194
25, 1, 21
4, 128338, 21454987, 22459079
26, 1, 21
2, 204814, 22731618, 23742615
27, 1, 21
1, 86520, 23382194, 24386192
28, 1, 21
4, 109592, 22459079, 23462678
29, 1, 21
2, 220676, 23742615, 24745566
30, 1, 21
1, 100940, 24386192, 25390830
31, 1, 21
4, 145642, 23462678, 24463769
32, 1, 21
2, 263936, 24745566, 25746193
33, 1, 21
1, 118244, 25390830, 26401736
34, 1, 21
4, 154294, 24463769, 25465646
35, 1, 21
2, 271146, 25746193, 26750412
36, 1, 21
1, 118244, 26401736, 27405506
37, 1, 21
4, 148526, 25465646, 26474177
38, 1, 21
2, 262494, 26750412, 27752572
39, 1, 21
1, 115360, 27405506, 28406628
40, 1, 21
4, 145642, 26474177, 27478847
41, 1, 21
3, 17304, 22010478, 28054083
42, 1, 21
2, 282707, 27752572, 28756743
43, 1, 21
1, 118244, 28406628, 29413223
44, 1, 21
4, 131222, 27478847, 28481769
45, 1, 21
3, 129780, 28054083, 29060289
46, 1, 21
2, 360575, 28756743, 29763318
47, 1, 21
1, 106708, 29413223, 30424876
48, 1, 21
4, 138432, 28481769, 29482780
49, 1, 21
3, 134106, 29060289, 30064668
50, 1, 21
2, 398067, 29763318, 30764275
51, 1, 21
1, 118244, 30424876, 31428644
52, 1, 21
3, 148526, 30064668, 31072587
53, 1, 21
2, 282682, 30764275, 31773092
54, 1, 21
1, 118244, 31428644, 32429426
55, 1, 21
3, 147084, 31072587, 32079100
56, 1, 21
2, 263936, 31773092, 32774281
57, 1, 21
1, 116802, 32429426, 33435569
58, 1, 21
3, 115360, 32079100, 33113697
59, 1, 21
2, 174532, 32774281, 33799617
60, 1, 21
1, 72100, 33435569, 34446790
61, 1, 21
2, 66357, 33799617, 34802927
62, 1, 21
1, 67774, 34446790, 35470714
63, 1, 21
3, 2884, 33113697, 35124798
64, 1, 21
2, 131272, 34802927, 35804563
65, 1, 21
1, 100940, 35470714, 36473018
66, 1, 21
3, 250908, 35124798, 36127314
67, 1, 21
2, 325942, 35804563, 36811062
68, 1, 21
1, 87962, 36473018, 37479192
69, 1, 21
3, 325892, 36127314, 37129862
70, 1, 21
2, 457164, 36811062, 37813402
71, 1, 21
1, 113918, 37479192, 38486345
72, 1, 21
3, 302820, 37129862, 38132755
73, 1, 21
2, 379296, 37813402, 38825009
74, 1, 21
1, 109592, 38486345, 39488377
75, 1, 21
2, 96639, 38825009, 39833058
76, 1, 21
1, 96614, 39488377, 40493207
77, 1, 21
2, 102407, 39833058, 40841146
78, 1, 21
1, 102382, 40493207, 41497342
79, 1, 21
3, 2884, 38132755, 40358171
80, 1, 21
2, 370644, 40841146, 41841552
81, 1, 21
3, 292726, 40358171, 41359682
82, 1, 21
1, 108150, 41497342, 42507749
83, 1, 21
2, 399484, 41841552, 42841924
84, 1, 21
3, 291284, 41359682, 42361357
85, 1, 21
1, 111034, 42507749, 43512875
86, 1, 21
2, 422556, 42841924, 43845648
87, 1, 21
3, 314356, 42361357, 43364646
88, 1, 21
1, 109592, 43512875, 44517541
89, 1, 21
2, 142808, 43845648, 44859981
90, 1, 21
1, 87962, 44517541, 45536023
91, 1, 21
2, 77893, 44859981, 45860571
92, 1, 21
1, 80752, 45536023, 46549675
93, 1, 21
2, 115385, 45860571, 46871403
94, 1, 21
1, 115360, 46549675, 47551014
95, 1, 21
2, 118269, 46871403, 47879063
96, 1, 21
1, 115360, 47551014, 48551240
97, 1, 21
2, 87987, 47879063, 48889564
98, 1, 21
1, 87962, 48551240, 49560825
99, 1, 21
2, 80777, 48889564, 49903161
100, 1, 21
1, 80752, 49560825, 50568672
101, 1, 21
2, 93755, 49903161, 50908380
102, 1, 21
1, 95172, 50568672, 51577664
103, 1, 21
2, 118269, 50908380, 51908800
104, 1, 21
1, 119686, 51577664, 52589163
105, 1, 21
2, 118269, 51908800, 52916913
106, 1, 21
1, 118244, 52589163, 53598845
107, 1, 21
3, 20188, 43364646, 53168517
108, 1, 21
2, 175974, 52916913, 53918432
109, 1, 21
1, 118244, 53598845, 54611541
110, 1, 21
3, 341754, 53168517, 54169088
111, 1, 21
2, 467258, 53918432, 54920441
112, 1, 21
1, 119686, 54611541, 55620057
113, 1, 21
3, 356174, 54169088, 55172488
114, 1, 21
2, 465816, 54920441, 55920784
115, 1, 21
1, 116802, 55620057, 56626165
116, 1, 21
3, 347522, 55172488, 56175676
117, 1, 21
2, 464374, 55920784, 56920940
118, 1, 21
1, 119686, 56626165, 57630284
119, 1, 21
3, 334544, 56175676, 57177958
120, 1, 21
2, 452838, 56920940, 57923307
121, 1, 21
1, 118244, 57630284, 58630924
122, 1, 21
3, 340312, 57177958, 58178047
123, 1, 21
2, 408136, 57923307, 58927386
124, 1, 21
1, 115360, 58630924, 59643043
125, 1, 21
2, 111059, 58927386, 59934494
126, 1, 21
1, 111034, 59643043, 60649843
127, 1, 21
2, 113943, 59934494, 60946611
128, 1, 21
1, 113918, 60649843, 61650893
129, 1, 21
2, 115385, 60946611, 61949971
130, 1, 21
1, 115360, 61650893, 62660696
131, 1, 21
2, 106733, 61949971, 62956650
132, 1, 21
1, 105266, 62660696, 63667428
133, 1, 21
2, 106733, 62956650, 63959452
134, 1, 21
1, 108150, 63667428, 64674232
135, 1, 21
2, 111059, 63959452, 64960985
136, 1, 21
1, 111034, 64674232, 65675502
