0, 2, 21
2, 158620, 4659674, 6167449
1, 158620, 5232920, 6739916
1, 2, 21
2, 165830, 6167449, 7673395
1, 165830, 6739916, 8246098
2, 2, 21
2, 111034, 7673395, 14788046
1, 111034, 8246098, 15360127
3, 2, 21
2, 170156, 14788046, 16293990
1, 170156, 15360127, 16867237
4, 1, 21
2, 325892, 16293990, 17798200
5, 1, 21
3, 200438, 15997965, 17501745
6, 1, 21
1, 317240, 16867237, 19436923
7, 1, 21
2, 484562, 17798200, 19299665
8, 1, 21
3, 223510, 17501745, 19010170
9, 1, 21
1, 356174, 19436923, 20938445
10, 1, 21
2, 516286, 19299665, 20800627
11, 1, 21
3, 178808, 19010170, 20511993
12, 1, 21
1, 363384, 20938445, 22444633
13, 1, 21
2, 490330, 20800627, 22304598
14, 1, 21
1, 310030, 22444633, 23944952
15, 1, 21
2, 327359, 22304598, 23807164
16, 1, 21
1, 392224, 23944952, 25446323
17, 1, 21
2, 402343, 23807164, 25312368
18, 1, 21
3, 85078, 20511993, 27015210
19, 1, 21
2, 696511, 25312368, 27847863
20, 1, 21
3, 200438, 27015210, 28519676
21, 1, 21
2, 569615, 27847863, 29349476
22, 1, 21
3, 219184, 28519676, 30024137
23, 1, 21
2, 439835, 29349476, 30852675
24, 1, 21
1, 1378552, 25446323, 31486758
25, 2, 21
2, 419647, 30852675, 32917802
1, 191786, 31486758, 33490530
26, 1, 21
2, 106708, 32917802, 34419098
27, 1, 21
3, 258118, 30024137, 34015686
28, 1, 21
1, 164388, 33490530, 35493479
29, 1, 21
2, 490330, 34419098, 35920277
30, 1, 21
3, 409528, 34015686, 35518150
31, 1, 21
1, 203322, 35493479, 37505817
32, 1, 21
2, 648950, 35920277, 37421583
33, 1, 21
3, 470092, 35518150, 37019451
34, 1, 21
2, 209115, 37421583, 38931080
35, 1, 21
3, 2884, 37019451, 39244862
36, 1, 21
2, 317265, 38931080, 40432749
37, 1, 21
3, 459998, 39244862, 40748248
38, 1, 21
2, 634505, 40432749, 41933863
39, 1, 21
2, 488838, 41933863, 43965497
40, 1, 21
1, 728210, 37505817, 44550780
41, 1, 21
1, 134106, 44550780, 46052705
42, 1, 21
2, 193278, 43965497, 45984187
43, 1, 21
1, 175924, 46052705, 47563096
44, 1, 21
1, 132664, 47563096, 49068353
45, 1, 21
1, 131222, 49068353, 50604118
46, 1, 21
1, 177366, 50604118, 52105858
47, 1, 21
3, 458556, 40748248, 52004345
48, 1, 21
2, 886955, 45984187, 53038278
49, 1, 21
3, 527772, 52004345, 53507663
50, 1, 21
2, 710931, 53038278, 54542000
51, 1, 21
2, 1142064, 54542000, 57044932
52, 1, 21
2, 369152, 57044932, 58556455
53, 1, 21
2, 168714, 58556455, 60056832
54, 1, 21
1, 1155042, 52105858, 62109378
