0, 2, 21
2, 72100, 4569002, 5313627
1, 72104, 5132693, 5877401
1, 2, 21
2, 144200, 5313627, 6605929
1, 144204, 5877401, 7169355
2, 2, 21
2, 144200, 6605929, 7891748
1, 144204, 7169355, 8455750
3, 2, 21
2, 217742, 7891748, 15952908
1, 217746, 8455750, 16516735
4, 2, 21
2, 79310, 15952908, 16609827
1, 72104, 16516735, 17173705
5, 2, 21
2, 82194, 16609827, 16919995
1, 36054, 17173705, 17483843
6, 2, 21
2, 43260, 16919995, 17080319
1, 18750, 17483843, 17644214
7, 2, 21
2, 23072, 17080319, 17168063
1, 10098, 17644214, 17731943
8, 2, 21
2, 335986, 17168063, 18571309
1, 148530, 17731943, 19134556
9, 2, 21
2, 263886, 18571309, 19235652
1, 167276, 19134556, 19799447
10, 2, 21
2, 135548, 19235652, 19557144
1, 86524, 19799447, 20121074
11, 2, 21
2, 67774, 19557144, 19725095
1, 41822, 20121074, 20288980
12, 2, 21
2, 491722, 19725095, 21173734
1, 315802, 20288980, 21737606
13, 2, 21
2, 224952, 21173734, 21816281
1, 164392, 21737606, 22379784
14, 2, 21
2, 83636, 21816281, 22257061
1, 83640, 22379784, 22820711
15, 2, 21
2, 43260, 22257061, 22429292
1, 43264, 22820711, 22993124
16, 2, 21
2, 24514, 22429292, 22524835
1, 24518, 22993124, 23088734
17, 2, 21
2, 320124, 22524835, 24009477
1, 320128, 23088734, 24572654
18, 2, 21
2, 323008, 24009477, 25229944
1, 323012, 24572654, 25793484
19, 2, 21
2, 164388, 25229944, 25848116
1, 164392, 25793484, 26411443
20, 2, 21
2, 324450, 25848116, 27093954
1, 324454, 26411443, 27655859
21, 2, 21
2, 432600, 27093954, 28396716
1, 314360, 27655859, 28959654
22, 2, 21
2, 252350, 28396716, 29034572
1, 160066, 28959654, 29598135
23, 2, 21
2, 125454, 29034572, 29342719
1, 80756, 29598135, 29906276
24, 2, 21
2, 402318, 29342719, 30559721
1, 223514, 29906276, 31123379
25, 2, 21
2, 162946, 30559721, 31171492
1, 72104, 31123379, 31735224
26, 2, 21
2, 80752, 31171492, 31477177
1, 36054, 31735224, 32040928
27, 2, 21
2, 252350, 31477177, 33337015
1, 144204, 32040928, 33900714
28, 2, 21
2, 72100, 33337015, 34285114
1, 72104, 33900714, 34848880
29, 2, 21
2, 79310, 34285114, 34591668
1, 36054, 34848880, 35155413
30, 2, 21
2, 77868, 34591668, 34762597
1, 18750, 35155413, 35325545
31, 2, 21
2, 41818, 34762597, 34847332
1, 10098, 35325545, 35410855
32, 2, 21
2, 23072, 34847332, 34895605
1, 5772, 35410855, 35459185
33, 2, 21
2, 545076, 34895605, 36380349
1, 144204, 35459185, 36943830
34, 2, 21
2, 265328, 36380349, 37031750
1, 72104, 36943830, 37595304
35, 2, 21
2, 136990, 37031750, 37358801
1, 36054, 37595304, 37922357
36, 2, 21
2, 180250, 37358801, 38808892
1, 144204, 37922357, 39371838
37, 2, 21
2, 72100, 38808892, 39429589
1, 72104, 39371838, 39992864
38, 2, 21
2, 501816, 39429589, 40872902
1, 144204, 39992864, 41436366
39, 2, 21
2, 265328, 40872902, 41541253
1, 72104, 41436366, 42104777
40, 2, 21
2, 136990, 41541253, 41853627
1, 36054, 42104777, 42417150
41, 2, 21
2, 72100, 41853627, 42014312
1, 18750, 42417150, 42577849
42, 2, 21
2, 357616, 42014312, 43413564
1, 144204, 42577849, 43976705
43, 2, 21
2, 72100, 43413564, 44364002
1, 72104, 43976705, 44927612
44, 2, 21
2, 36050, 44364002, 44817849
1, 36054, 44927612, 45380926
45, 2, 21
2, 144200, 44817849, 46076906
1, 144204, 45380926, 46640572
46, 2, 21
2, 72100, 46076906, 46680145
1, 72104, 46640572, 47243196
47, 2, 21
2, 144200, 46680145, 48267998
1, 144204, 47243196, 48831652
48, 2, 21
2, 144200, 48267998, 49933653
1, 144204, 48831652, 50496552
49, 2, 21
2, 144200, 49933653, 51152005
1, 144204, 50496552, 51715664
50, 2, 21
2, 72100, 51152005, 51762750
1, 72104, 51715664, 52325777
51, 2, 21
2, 325892, 51762750, 52999270
1, 144204, 52325777, 53562794
52, 2, 21
2, 291284, 52999270, 53604708
1, 72104, 53562794, 54167342
53, 2, 21
2, 149968, 53604708, 53910346
1, 36054, 54167342, 54473824
54, 2, 21
2, 569590, 53910346, 55143317
1, 144204, 54473824, 55706849
55, 2, 21
2, 556612, 55143317, 56355596
1, 144204, 55706849, 56918331
56, 2, 21
2, 520562, 56355596, 57579719
1, 144204, 56918331, 58143440
57, 2, 21
2, 144200, 57579719, 58887564
1, 144204, 58143440, 59450879
58, 2, 21
2, 72100, 58887564, 59530938
1, 72104, 59450879, 60094290
59, 2, 21
2, 144200, 59530938, 60782307
1, 144204, 60094290, 61346115
60, 2, 21
2, 144200, 60782307, 62144022
1, 144204, 61346115, 62707864
61, 2, 21
2, 144200, 62144022, 63473348
1, 144204, 62707864, 64037204
