0, 2, 21
2, 158620, 4538747, 6042145
1, 158620, 5108750, 6612551
1, 2, 21
2, 165830, 6042145, 7549028
1, 165830, 6612551, 8119616
2, 2, 21
2, 111034, 7549028, 14663391
1, 111034, 8119616, 15233976
3, 2, 21
2, 170156, 14663391, 16170972
1, 170156, 15233976, 16741274
4, 1, 21
2, 315798, 16170972, 17671573
5, 1, 21
1, 168714, 16741274, 18310180
6, 1, 21
3, 200438, 15990291, 17495331
7, 1, 21
2, 481678, 17671573, 19177806
8, 1, 21
1, 273980, 18310180, 19813740
9, 1, 21
3, 227836, 17495331, 19000213
10, 1, 21
2, 524938, 19177806, 20679054
11, 1, 21
1, 335986, 19813740, 21321052
12, 1, 21
3, 186018, 19000213, 20506812
13, 1, 21
2, 493214, 20679054, 22181052
14, 1, 21
1, 366268, 21321052, 22825949
15, 1, 21
2, 328801, 22181052, 23688875
16, 1, 21
1, 333102, 22825949, 24334761
17, 1, 21
2, 405227, 23688875, 25191399
18, 1, 21
1, 405202, 24334761, 25840571
19, 1, 21
2, 395133, 25191399, 26693047
20, 1, 21
1, 395108, 25840571, 27341688
21, 1, 21
3, 73542, 20506812, 26934972
22, 1, 21
2, 471584, 26693047, 28193284
23, 1, 21
1, 376362, 27341688, 28842759
24, 1, 21
3, 209090, 26934972, 28442982
25, 1, 21
2, 581176, 28193284, 29699373
26, 1, 21
1, 351848, 28842759, 30343291
27, 1, 21
3, 220626, 28442982, 29944538
28, 1, 21
2, 400926, 29699373, 31208051
29, 1, 21
1, 177366, 30343291, 31846944
30, 1, 21
3, 210532, 29944538, 31446715
31, 1, 21
2, 275472, 31208051, 32713973
32, 1, 21
1, 131222, 31846944, 33347494
33, 1, 21
2, 106733, 32713973, 34218200
34, 1, 21
1, 108150, 33347494, 34850529
35, 1, 21
3, 37492, 31446715, 33877462
36, 1, 21
2, 480236, 34218200, 35721273
37, 1, 21
1, 145642, 34850529, 36356540
38, 1, 21
3, 409528, 33877462, 35379498
39, 1, 21
2, 650392, 35721273, 37221945
40, 1, 21
1, 170156, 36356540, 37863781
41, 1, 21
3, 470092, 35379498, 36880018
42, 1, 21
2, 217792, 37221945, 38730505
43, 1, 21
1, 151410, 37863781, 39376562
44, 1, 21
3, 2884, 36880018, 39108593
45, 1, 21
2, 308638, 38730505, 40234657
46, 1, 21
1, 151410, 39376562, 40883395
47, 1, 21
3, 461440, 39108593, 40612319
48, 1, 21
2, 635972, 40234657, 41737637
49, 1, 21
1, 170156, 40883395, 42395205
50, 1, 21
3, 455672, 40612319, 42113468
51, 1, 21
2, 451396, 41737637, 43244103
52, 1, 21
1, 157178, 42395205, 43903220
53, 1, 21
2, 119711, 43244103, 44747956
54, 1, 21
1, 119686, 43903220, 45410450
55, 1, 21
2, 173065, 44747956, 46253324
56, 1, 21
1, 174482, 45410450, 46920662
57, 1, 21
2, 147109, 46253324, 47761931
58, 1, 21
1, 145642, 46920662, 48423465
59, 1, 21
2, 122595, 47761931, 49271716
60, 1, 21
1, 122570, 48423465, 49944839
61, 1, 21
2, 170181, 49271716, 50776443
62, 1, 21
1, 171598, 49944839, 51446793
63, 1, 21
2, 175949, 50776443, 52277877
64, 1, 21
1, 177366, 51446793, 52957966
65, 1, 21
3, 1442, 42113468, 51863450
66, 1, 21
2, 654718, 52277877, 53779026
67, 1, 21
1, 177366, 52957966, 54463561
68, 1, 21
3, 527772, 51863450, 53366191
69, 1, 21
2, 697978, 53779026, 55281906
70, 1, 21
1, 177366, 54463561, 55974574
71, 1, 21
3, 519120, 53366191, 54869862
72, 1, 21
2, 682116, 55281906, 56782784
73, 1, 21
1, 178808, 55974574, 57484325
74, 1, 21
3, 501816, 54869862, 56372848
75, 1, 21
2, 396600, 56782784, 58284306
76, 1, 21
1, 170156, 57484325, 58994061
77, 1, 21
2, 168739, 58284306, 59793387
78, 1, 21
1, 170156, 58994061, 60498505
79, 1, 21
2, 170181, 59793387, 61305969
80, 1, 21
1, 168714, 60498505, 62013970
81, 1, 21
2, 160087, 61305969, 62808798
82, 1, 21
1, 160062, 62013970, 63514996
83, 1, 21
2, 167297, 62808798, 64317219
84, 1, 21
1, 167272, 63514996, 65021433
