0, 2, 21
2, 54796, 5537515, 6099601
1, 54796, 6110961, 6672444
1, 2, 21
2, 53354, 6099601, 6602721
1, 53354, 6672444, 7175526
2, 2, 21
2, 57680, 6602721, 7112638
1, 57680, 7175526, 7684739
3, 2, 21
2, 54796, 7112638, 7616887
1, 54796, 7684739, 8188975
4, 2, 21
2, 56238, 7616887, 8126722
1, 56238, 8188975, 8698830
5, 1, 21
2, 57680, 8126722, 8637527
6, 1, 21
1, 70658, 8698830, 9324798
7, 1, 21
2, 56263, 8637527, 9141771
8, 1, 21
1, 86520, 9324798, 10108911
9, 2, 21
2, 44727, 9141771, 15666360
1, 1442, 10108911, 16239180
10, 2, 21
2, 54796, 15666360, 16173823
1, 54796, 16239180, 16745898
11, 2, 21
2, 74984, 16173823, 16812564
1, 74984, 16745898, 17383087
12, 1, 21
2, 92288, 16812564, 17594515
13, 1, 21
1, 86520, 17383087, 18171760
14, 1, 21
3, 77868, 17010871, 17519289
15, 1, 21
2, 134156, 17594515, 18099436
16, 1, 21
2, 116802, 18099436, 18607587
17, 1, 21
3, 64890, 17519289, 18082619
18, 1, 21
2, 109617, 18607587, 19110992
19, 1, 21
3, 69216, 18082619, 18585808
20, 1, 21
1, 161504, 18171760, 19709952
21, 1, 21
2, 142808, 19110992, 19611673
22, 1, 21
3, 79310, 18585808, 19092517
23, 1, 21
4, 74984, 18455359, 18960392
24, 1, 21
2, 200488, 19611673, 20114412
25, 1, 21
3, 73542, 19092517, 19595573
26, 1, 21
4, 79310, 18960392, 19467334
27, 1, 21
2, 210582, 20114412, 20617334
28, 1, 21
3, 76426, 19595573, 20103003
29, 1, 21
4, 64890, 19467334, 19980094
30, 1, 21
3, 62006, 20103003, 20607674
31, 1, 21
2, 203397, 20617334, 21222517
32, 1, 21
1, 230720, 19709952, 21851471
33, 1, 21
4, 49028, 19980094, 20502720
34, 1, 21
3, 47586, 20607674, 21108903
35, 1, 21
1, 40376, 21851471, 22352061
36, 1, 21
2, 201980, 21222517, 21850397
37, 1, 21
4, 77868, 20502720, 21013819
38, 1, 21
3, 74984, 21108903, 21609640
39, 1, 21
1, 57680, 22352061, 22854776
40, 1, 21
2, 209165, 21850397, 22356520
41, 1, 21
4, 74984, 21013819, 21516945
42, 1, 21
2, 149993, 22356520, 22867408
43, 1, 21
1, 69216, 22854776, 23488980
44, 1, 21
4, 59122, 21516945, 22023226
45, 1, 21
2, 113968, 22867408, 23372460
46, 1, 21
1, 43260, 23488980, 23998220
47, 1, 21
4, 70658, 22023226, 22648643
48, 1, 21
2, 118294, 23372460, 24013181
49, 1, 21
1, 53354, 23998220, 24628878
50, 1, 21
4, 62006, 22648643, 23149737
51, 1, 21
2, 177416, 24013181, 24740168
52, 1, 21
4, 72100, 23149737, 23652290
53, 1, 21
1, 76426, 24628878, 25379506
54, 1, 21
2, 160112, 24740168, 25367491
55, 1, 21
4, 90846, 23652290, 24279668
56, 1, 21
1, 69216, 25379506, 26005970
57, 1, 21
2, 204814, 25367491, 26154902
58, 1, 21
4, 119686, 24279668, 25062315
59, 1, 21
1, 85078, 26005970, 26795613
60, 1, 21
2, 392274, 26154902, 27680837
61, 1, 21
4, 222068, 25062315, 26588216
62, 1, 21
1, 171598, 26795613, 28327003
63, 1, 21
4, 90846, 26588216, 27220050
64, 1, 21
3, 62006, 21609640, 27954873
65, 1, 21
2, 323108, 27680837, 28779636
66, 1, 21
4, 103824, 27220050, 28009868
67, 1, 21
3, 82194, 27954873, 28589710
68, 1, 21
2, 183184, 28779636, 29280624
69, 1, 21
1, 178808, 28327003, 29936166
70, 1, 21
3, 72100, 28589710, 29091843
71, 1, 21
2, 240864, 29280624, 29909994
72, 1, 21
1, 69216, 29936166, 30573038
73, 1, 21
3, 92288, 29091843, 29721717
74, 1, 21
4, 213416, 28009868, 29537471
75, 1, 21
2, 315873, 29909994, 30696769
76, 1, 21
1, 90846, 30573038, 31354659
77, 1, 21
3, 144200, 29721717, 30707374
78, 1, 21
2, 155786, 30696769, 31292218
79, 1, 21
2, 165830, 31292218, 31917659
80, 1, 21
1, 178808, 31354659, 32888442
81, 1, 21
2, 206231, 31917659, 32701592
82, 1, 21
3, 255234, 30707374, 32501885
83, 1, 21
2, 135573, 32701592, 33321839
84, 1, 21
1, 122570, 32888442, 33986620
85, 1, 21
2, 44727, 33321839, 33834944
86, 1, 21
1, 31724, 33986620, 34599163
87, 1, 21
2, 25981, 33834944, 34335004
88, 1, 21
1, 43260, 34599163, 35229188
89, 1, 21
2, 40401, 34335004, 34993063
90, 1, 21
1, 53354, 35229188, 36011346
91, 1, 21
3, 31724, 32501885, 34895989
92, 1, 21
2, 183184, 34993063, 35776285
93, 1, 21
3, 164388, 34895989, 35452842
94, 1, 21
1, 67774, 36011346, 36623468
95, 1, 21
2, 181742, 35776285, 36284371
96, 1, 21
3, 96614, 35452842, 35963215
97, 1, 21
1, 47586, 36623468, 37131767
98, 1, 21
2, 155786, 36284371, 36786266
99, 1, 21
3, 171598, 35963215, 36466357
100, 1, 21
1, 40376, 37131767, 37644080
101, 1, 21
2, 248074, 36786266, 37351547
102, 1, 21
1, 59122, 37644080, 38151236
103, 1, 21
3, 206206, 36466357, 37094744
104, 1, 21
2, 210582, 37351547, 37851562
105, 1, 21
3, 136990, 37094744, 37595846
106, 1, 21
1, 69216, 38151236, 38777397
107, 1, 21
2, 199046, 37851562, 38352783
108, 1, 21
2, 95172, 38352783, 38860825
109, 1, 21
1, 87962, 38777397, 39563266
110, 1, 21
2, 50495, 38860825, 39364567
111, 1, 21
1, 57680, 39563266, 40169367
112, 1, 21
2, 56263, 39364567, 39990260
113, 1, 21
1, 62006, 40169367, 40799286
114, 1, 21
2, 59147, 39990260, 40493645
115, 1, 21
3, 106708, 37595846, 40147781
116, 1, 21
1, 59122, 40799286, 41304950
117, 1, 21
2, 131272, 40493645, 41008167
118, 1, 21
1, 43260, 41304950, 41807204
119, 1, 21
3, 219184, 40147781, 40930758
120, 1, 21
2, 191836, 41008167, 41508858
121, 1, 21
1, 64890, 41807204, 42436849
122, 1, 21
3, 148526, 40930758, 41432117
123, 1, 21
2, 207698, 41508858, 42009826
124, 1, 21
1, 59122, 42436849, 42944290
125, 1, 21
3, 168714, 41432117, 42059406
126, 1, 21
2, 243748, 42009826, 42638469
127, 1, 21
1, 67774, 42944290, 43578662
128, 1, 21
3, 141316, 42059406, 42564330
129, 1, 21
1, 59122, 43578662, 44090801
130, 1, 21
2, 386531, 42638469, 43616934
131, 1, 21
3, 235046, 42564330, 43346579
132, 1, 21
1, 53354, 44090801, 44594245
133, 1, 21
2, 168764, 43616934, 44400874
134, 1, 21
1, 60564, 44594245, 45223903
135, 1, 21
2, 57705, 44400874, 45056393
136, 1, 21
1, 51912, 45223903, 45858185
137, 1, 21
1, 37492, 45858185, 46369875
138, 1, 21
2, 60614, 45056393, 45838072
139, 1, 21
1, 60564, 46369875, 46997176
140, 1, 21
1, 57680, 46997176, 47504756
141, 1, 21
2, 164438, 45838072, 47365170
142, 1, 21
1, 73542, 47504756, 48137144
143, 1, 21
1, 106708, 48137144, 49120469
144, 1, 21
2, 162996, 47365170, 49003150
145, 1, 21
1, 38934, 49120469, 49631136
146, 1, 21
2, 50495, 49003150, 49508792
147, 1, 21
1, 49028, 49631136, 50133535
148, 1, 21
2, 34633, 49508792, 50014796
149, 1, 21
1, 46144, 50133535, 50774801
150, 1, 21
2, 43285, 50014796, 50525337
151, 1, 21
1, 43260, 50774801, 51283756
152, 1, 21
2, 60589, 50525337, 51150570
153, 1, 21
1, 56238, 51283756, 51822912
154, 1, 21
2, 59147, 51150570, 51651268
155, 1, 21
1, 60564, 51822912, 52333148
156, 1, 21
2, 75009, 51651268, 52283168
157, 1, 21
1, 74984, 52333148, 52969889
158, 1, 21
1, 92288, 52969889, 53753997
159, 1, 21
2, 115410, 52283168, 53266122
160, 1, 21
3, 5768, 43346579, 53108398
161, 1, 21
2, 224977, 53266122, 54064807
162, 1, 21
3, 160062, 53108398, 53610650
163, 1, 21
2, 216325, 54064807, 54565578
164, 1, 21
1, 180250, 53753997, 55289958
165, 1, 21
3, 207648, 53610650, 54236828
166, 1, 21
2, 240864, 54565578, 55067647
167, 1, 21
3, 180250, 54236828, 54737840
168, 1, 21
2, 232187, 55067647, 55568774
169, 1, 21
3, 214858, 54737840, 55366296
170, 1, 21
2, 292751, 55568774, 56197376
171, 1, 21
3, 337428, 55366296, 56344864
172, 1, 21
2, 359083, 56197376, 56979364
173, 1, 21
2, 686392, 56979364, 58508057
174, 1, 21
3, 596988, 56344864, 58136355
175, 1, 21
2, 158645, 58508057, 59087967
176, 1, 21
2, 56238, 59087967, 59594842
177, 1, 21
2, 70658, 59594842, 60233419
178, 1, 21
2, 89404, 60233419, 61026536
179, 1, 21
2, 173040, 61026536, 62562414
180, 1, 21
1, 1133412, 55289958, 65292902
