0, 2, 21
2, 72100, 5626004, 6377303
1, 72104, 6209499, 6959956
1, 2, 21
2, 144200, 6377303, 7674122
1, 144204, 6959956, 8257221
2, 2, 21
2, 144200, 7674122, 8965188
1, 144204, 8257221, 9548310
3, 2, 21
2, 217742, 8965188, 17032319
1, 217746, 9548310, 17615622
4, 2, 21
2, 85078, 17032319, 17691672
1, 72104, 17615622, 18274970
5, 2, 21
2, 82194, 17691672, 18002095
1, 36054, 18274970, 18585445
6, 2, 21
2, 44702, 18002095, 18163231
1, 18750, 18585445, 18745848
7, 2, 21
2, 21630, 18163231, 18250559
1, 10098, 18745848, 18833704
8, 2, 21
2, 341754, 18250559, 19654332
1, 144204, 18833704, 20237048
9, 2, 21
2, 268212, 19654332, 20318880
1, 72104, 20237048, 20902039
10, 2, 21
2, 132664, 20318880, 20640264
1, 36054, 20902039, 21223578
11, 2, 21
2, 69216, 20640264, 20808618
1, 18750, 21223578, 21391935
12, 2, 21
2, 488838, 20808618, 22256555
1, 144204, 21391935, 22839947
13, 2, 21
2, 220626, 22256555, 22898973
1, 72104, 22839947, 23482206
14, 2, 21
2, 82194, 22898973, 23340705
1, 36054, 23482206, 23923337
15, 2, 21
2, 43260, 23340705, 23513023
1, 18750, 23923337, 24095912
16, 2, 21
2, 23072, 23513023, 23608600
1, 10098, 24095912, 24191631
17, 2, 21
2, 321566, 23608600, 25092948
1, 144204, 24191631, 25675860
18, 2, 21
2, 324450, 25092948, 26314846
1, 144204, 25675860, 26896929
19, 2, 21
2, 161504, 26314846, 26932128
1, 72104, 26896929, 27515031
20, 2, 21
2, 324450, 26932128, 28175633
1, 144204, 27515031, 28758503
21, 2, 21
2, 444136, 28175633, 29480584
1, 144204, 28758503, 30062811
22, 2, 21
2, 248024, 29480584, 30120257
1, 72104, 30062811, 30702009
23, 2, 21
2, 121128, 30120257, 30427407
1, 36054, 30702009, 31009673
24, 2, 21
2, 393666, 30427407, 31643962
1, 144204, 31009673, 32227119
25, 2, 21
2, 162946, 31643962, 32256712
1, 72104, 32227119, 32839002
26, 2, 21
2, 80752, 32256712, 32562536
1, 36054, 32839002, 33144858
27, 2, 21
2, 252350, 32562536, 34422541
1, 144204, 33144858, 35005137
28, 2, 21
2, 72100, 34422541, 35371536
1, 72104, 35005137, 35953778
29, 2, 21
2, 80752, 35371536, 35677348
1, 36054, 35953778, 36260446
30, 2, 21
2, 77868, 35677348, 35847547
1, 18750, 36260446, 36430554
31, 2, 21
2, 41818, 35847547, 35932949
1, 10098, 36430554, 36515975
32, 2, 21
2, 23072, 35932949, 35981192
1, 5772, 36515975, 36564300
33, 2, 21
2, 545076, 35981192, 37466922
1, 144204, 36564300, 38049851
34, 2, 21
2, 265328, 37466922, 38118639
1, 72104, 38049851, 38701657
35, 2, 21
2, 136990, 38118639, 38446045
1, 36054, 38701657, 39028982
36, 2, 21
2, 178808, 38446045, 39897002
1, 144204, 39028982, 40479028
37, 2, 21
2, 72100, 39897002, 40522136
1, 72104, 40479028, 41100284
38, 2, 21
2, 501816, 40522136, 41960902
1, 144204, 41100284, 42543949
39, 2, 21
2, 265328, 41960902, 42630122
1, 72104, 42543949, 43212594
40, 2, 21
2, 135548, 42630122, 42942090
1, 36054, 43212594, 43525105
41, 2, 21
2, 72100, 42942090, 43103274
1, 18750, 43525105, 43685824
42, 2, 21
2, 356174, 43103274, 44501700
1, 144204, 43685824, 45084892
43, 2, 21
2, 72100, 44501700, 45452838
1, 72104, 45084892, 46036027
44, 2, 21
2, 36050, 45452838, 45905795
1, 36054, 46036027, 46488125
45, 2, 21
2, 144200, 45905795, 47165871
1, 144204, 46488125, 47748280
46, 2, 21
2, 72100, 47165871, 47768125
1, 72104, 47748280, 48351258
47, 2, 21
2, 144200, 47768125, 49357618
1, 144204, 48351258, 49940020
48, 2, 21
2, 144200, 49357618, 51022060
1, 144204, 49940020, 51604317
49, 2, 21
2, 144200, 51022060, 52241784
1, 144204, 51604317, 52824043
50, 2, 21
2, 72100, 52241784, 52852152
1, 72104, 52824043, 53435335
51, 2, 21
2, 330218, 52852152, 54100537
1, 144204, 53435335, 54683614
52, 2, 21
2, 294168, 54100537, 54710337
1, 72104, 54683614, 55293457
53, 2, 21
2, 148526, 54710337, 55017179
1, 36054, 55293457, 55600292
54, 2, 21
2, 568148, 55017179, 56251080
1, 144204, 55600292, 56833901
55, 2, 21
2, 556612, 56251080, 57463478
1, 144204, 56833901, 58046104
56, 2, 21
2, 513352, 57463478, 58689653
1, 144204, 58046104, 59271882
57, 2, 21
2, 144200, 58689653, 59996784
1, 144204, 59271882, 60579401
58, 2, 21
2, 72100, 59996784, 60640143
1, 72104, 60579401, 61222929
59, 2, 21
2, 144200, 60640143, 61891763
1, 144204, 61222929, 62475054
60, 2, 21
2, 144200, 61891763, 63255359
1, 144204, 62475054, 63837785
61, 2, 21
2, 144200, 63255359, 64585500
1, 144204, 63837785, 65168002
