0, 2, 21
2, 54796, 5555910, 6117794
1, 54796, 6127278, 6688899
1, 2, 21
2, 53354, 6117794, 6620306
1, 53354, 6688899, 7191519
2, 2, 21
2, 57680, 6620306, 7130070
1, 57680, 7191519, 7700895
3, 2, 21
2, 54796, 7130070, 7635189
1, 54796, 7700895, 8206319
4, 2, 21
2, 56238, 7635189, 8146514
1, 56238, 8206319, 8717182
5, 2, 21
2, 57680, 8146514, 8657945
1, 57680, 8717182, 9229052
6, 2, 21
2, 56238, 8657945, 9163470
1, 56238, 9229052, 9734641
7, 2, 21
2, 44702, 9163470, 15688224
1, 44702, 9734641, 16258933
8, 2, 21
2, 54796, 15688224, 16194861
1, 54796, 16258933, 16765604
9, 2, 21
2, 59122, 16194861, 16697250
1, 59122, 16765604, 17268406
10, 2, 21
2, 57680, 16697250, 17210300
1, 57680, 17268406, 17780944
11, 1, 21
2, 87987, 17210300, 17718648
12, 1, 21
1, 56238, 17780944, 18290152
13, 1, 21
3, 74984, 16962465, 17467535
14, 1, 21
2, 131247, 17718648, 18225094
15, 1, 21
1, 59122, 18290152, 18796402
16, 1, 21
3, 66332, 17467535, 17979429
17, 1, 21
2, 103874, 18225094, 18725715
18, 1, 21
1, 51912, 18796402, 19335608
19, 1, 21
3, 59122, 17979429, 18479669
20, 1, 21
2, 122620, 18725715, 19226500
21, 1, 21
1, 51912, 19335608, 19844961
22, 1, 21
3, 79310, 18479669, 18986384
23, 1, 21
2, 165880, 19226500, 19727185
24, 1, 21
1, 56238, 19844961, 20346801
25, 1, 21
4, 74984, 18422326, 18927503
26, 1, 21
3, 73542, 18986384, 19489712
27, 1, 21
2, 201955, 19727185, 20229046
28, 1, 21
1, 54796, 20346801, 20854774
29, 1, 21
4, 79310, 18927503, 19435995
30, 1, 21
3, 76426, 19489712, 19993086
31, 1, 21
2, 210607, 20229046, 20733392
32, 1, 21
1, 56238, 20854774, 21356211
33, 1, 21
4, 64890, 19435995, 19946516
34, 1, 21
3, 66332, 19993086, 20499467
35, 1, 21
2, 151485, 20733392, 21242120
36, 1, 21
1, 50470, 21356211, 21857818
37, 1, 21
3, 51912, 20499467, 21000346
38, 1, 21
4, 49028, 19946516, 20468989
39, 1, 21
2, 165905, 21242120, 21744529
40, 1, 21
1, 41818, 21857818, 22363300
41, 1, 21
3, 69216, 21000346, 21509438
42, 1, 21
4, 77868, 20468989, 20980006
43, 1, 21
2, 207723, 21744529, 22251645
44, 1, 21
1, 57680, 22363300, 22867457
45, 1, 21
4, 74984, 20980006, 21482967
46, 1, 21
2, 170206, 22251645, 22758800
47, 1, 21
1, 57680, 22867457, 23380282
48, 1, 21
4, 59122, 21482967, 21987255
49, 1, 21
2, 106758, 22758800, 23262443
50, 1, 21
1, 43260, 23380282, 23886284
51, 1, 21
4, 59122, 21987255, 22513862
52, 1, 21
2, 96664, 23262443, 23765816
53, 1, 21
1, 43260, 23886284, 24398472
54, 1, 21
4, 57680, 22513862, 23014335
55, 1, 21
2, 106758, 23765816, 24269594
56, 1, 21
1, 47586, 24398472, 24904439
57, 1, 21
4, 73542, 23014335, 23514674
58, 1, 21
2, 128388, 24269594, 24770456
59, 1, 21
1, 56238, 24904439, 25413300
60, 1, 21
4, 73542, 23514674, 24018021
61, 1, 21
2, 134156, 24770456, 25279352
62, 1, 21
1, 59122, 25413300, 25915122
63, 1, 21
4, 74984, 24018021, 24520253
64, 1, 21
2, 135598, 25279352, 25786892
65, 1, 21
1, 59122, 25915122, 26420954
66, 1, 21
4, 79310, 24520253, 25025616
67, 1, 21
2, 138482, 25786892, 26286893
68, 1, 21
1, 60564, 26420954, 26932471
69, 1, 21
4, 74984, 25025616, 25529361
70, 1, 21
2, 132714, 26286893, 26791963
71, 1, 21
1, 59122, 26932471, 27441508
72, 1, 21
4, 72100, 25529361, 26030939
73, 1, 21
2, 128388, 26791963, 27292095
74, 1, 21
1, 57680, 27441508, 27950867
75, 1, 21
4, 76426, 26030939, 26534236
76, 1, 21
2, 135598, 27292095, 27803080
77, 1, 21
1, 59122, 27950867, 28461398
78, 1, 21
4, 73542, 26534236, 27034376
79, 1, 21
2, 131272, 27803080, 28305020
80, 1, 21
1, 57680, 28461398, 28963945
81, 1, 21
3, 70658, 21509438, 27917959
82, 1, 21
4, 70658, 27034376, 27541160
83, 1, 21
2, 165905, 28305020, 28806963
84, 1, 21
1, 59122, 28963945, 29477970
85, 1, 21
3, 62006, 27917959, 28423514
86, 1, 21
4, 64890, 27541160, 28048067
87, 1, 21
2, 191861, 28806963, 29311750
88, 1, 21
1, 50470, 29477970, 29988853
89, 1, 21
3, 72100, 28423514, 28930032
90, 1, 21
4, 70658, 28048067, 28549935
91, 1, 21
2, 194745, 29311750, 29812495
92, 1, 21
1, 54796, 29988853, 30496398
93, 1, 21
3, 76426, 28930032, 29438339
94, 1, 21
4, 72100, 28549935, 29051032
95, 1, 21
2, 203397, 29812495, 30313452
96, 1, 21
1, 59122, 30496398, 31001956
97, 1, 21
3, 70658, 29438339, 29947115
98, 1, 21
2, 165880, 30313452, 30818936
99, 1, 21
1, 60564, 31001956, 31512015
100, 1, 21
3, 73542, 29947115, 30450422
101, 1, 21
2, 134156, 30818936, 31319109
102, 1, 21
1, 60564, 31512015, 32022344
103, 1, 21
3, 74984, 30450422, 30953299
104, 1, 21
2, 132714, 31319109, 31819726
105, 1, 21
1, 59122, 32022344, 32523706
106, 1, 21
3, 74984, 30953299, 31460142
107, 1, 21
2, 132714, 31819726, 32321874
108, 1, 21
1, 59122, 32523706, 33027284
109, 1, 21
3, 73542, 31460142, 31966025
110, 1, 21
2, 129830, 32321874, 32830770
111, 1, 21
1, 59122, 33027284, 33539211
112, 1, 21
3, 64890, 31966025, 32471082
113, 1, 21
2, 105316, 32830770, 33331593
114, 1, 21
1, 50470, 33539211, 34105833
115, 1, 21
2, 25981, 33331593, 33848503
116, 1, 21
1, 21630, 34105833, 34617206
117, 1, 21
2, 33191, 33848503, 34357790
118, 1, 21
1, 34608, 34617206, 35118733
119, 1, 21
2, 36075, 34357790, 34863566
120, 1, 21
1, 37492, 35118733, 35670919
121, 1, 21
2, 41843, 34863566, 35374580
122, 1, 21
3, 34608, 32471082, 34884003
123, 1, 21
1, 53354, 35670919, 36178512
124, 1, 21
2, 209140, 35374580, 35878453
125, 1, 21
3, 164388, 34884003, 35451952
126, 1, 21
1, 57680, 36178512, 36684659
127, 1, 21
2, 142808, 35878453, 36388597
128, 1, 21
3, 96614, 35451952, 35961974
129, 1, 21
1, 34608, 36684659, 37191167
130, 1, 21
2, 186068, 36388597, 36890537
131, 1, 21
3, 171598, 35961974, 36464697
132, 1, 21
1, 54796, 37191167, 37700215
133, 1, 21
2, 227886, 36890537, 37391648
134, 1, 21
3, 167272, 36464697, 36968668
135, 1, 21
1, 57680, 37700215, 38207772
136, 1, 21
2, 212024, 37391648, 37894793
137, 1, 21
3, 145642, 36968668, 37471342
138, 1, 21
1, 56238, 38207772, 38715400
139, 1, 21
2, 201930, 37894793, 38396431
140, 1, 21
1, 56238, 38715400, 39216991
141, 1, 21
2, 73567, 38396431, 38904842
142, 1, 21
1, 47586, 39216991, 39717996
143, 1, 21
2, 47611, 38904842, 39417833
144, 1, 21
1, 44702, 39717996, 40222498
145, 1, 21
2, 49053, 39417833, 39920323
146, 1, 21
1, 57680, 40222498, 40729596
147, 1, 21
2, 59147, 39920323, 40428991
148, 1, 21
1, 54796, 40729596, 41235062
149, 1, 21
3, 136990, 37471342, 40125182
150, 1, 21
2, 122620, 40428991, 40939876
151, 1, 21
3, 134106, 40125182, 40626822
152, 1, 21
1, 41818, 41235062, 41765914
153, 1, 21
2, 193278, 40939876, 41443729
154, 1, 21
3, 160062, 40626822, 41127293
155, 1, 21
1, 57680, 41765914, 42266649
156, 1, 21
2, 220676, 41443729, 41944313
157, 1, 21
3, 165830, 41127293, 41628481
158, 1, 21
1, 59122, 42266649, 42774698
159, 1, 21
2, 194720, 41944313, 42445831
160, 1, 21
3, 136990, 41628481, 42131203
161, 1, 21
1, 53354, 42774698, 43283767
162, 1, 21
2, 219234, 42445831, 42950768
163, 1, 21
3, 164388, 42131203, 42631852
164, 1, 21
1, 59122, 43283767, 43791435
165, 1, 21
2, 210582, 42950768, 43451462
166, 1, 21
3, 155736, 42631852, 43135570
167, 1, 21
1, 53354, 43791435, 44295357
168, 1, 21
2, 129830, 43451462, 43954776
169, 1, 21
1, 47586, 44295357, 44807065
170, 1, 21
2, 47611, 43954776, 44462764
171, 1, 21
1, 51912, 44807065, 45321290
172, 1, 21
2, 41843, 44462764, 44966075
173, 1, 21
1, 37492, 45321290, 45828640
174, 1, 21
2, 36075, 44966075, 45468858
175, 1, 21
1, 36050, 45828640, 46337181
176, 1, 21
2, 41843, 45468858, 45973638
177, 1, 21
1, 53354, 46337181, 46846739
178, 1, 21
2, 56263, 45973638, 46476380
179, 1, 21
1, 57680, 46846739, 47358600
180, 1, 21
2, 59147, 46476380, 46987341
181, 1, 21
1, 57680, 47358600, 47859646
182, 1, 21
2, 59147, 46987341, 47493861
183, 1, 21
1, 60564, 47859646, 48365162
184, 1, 21
2, 57705, 47493861, 47999839
185, 1, 21
1, 50470, 48365162, 48876764
186, 1, 21
2, 47611, 47999839, 48511612
187, 1, 21
1, 38934, 48876764, 49389274
188, 1, 21
2, 41843, 48511612, 49016180
189, 1, 21
1, 50470, 49389274, 49904220
190, 1, 21
2, 43285, 49016180, 49521589
191, 1, 21
1, 36050, 49904220, 50430377
192, 1, 21
2, 37517, 49521589, 50025987
193, 1, 21
1, 41818, 50430377, 50942205
194, 1, 21
2, 41843, 50025987, 50535987
195, 1, 21
1, 50470, 50942205, 51453174
196, 1, 21
2, 53379, 50535987, 51041636
197, 1, 21
1, 59122, 51453174, 51954382
198, 1, 21
2, 60589, 51041636, 51552172
199, 1, 21
1, 60564, 51954382, 52462852
200, 1, 21
2, 60589, 51552172, 52064143
201, 1, 21
1, 59122, 52462852, 52967888
202, 1, 21
2, 59147, 52064143, 52566749
203, 1, 21
1, 60564, 52967888, 53479541
204, 1, 21
2, 59147, 52566749, 53072969
205, 1, 21
1, 59122, 53479541, 53988854
206, 1, 21
3, 1442, 43135570, 52885501
207, 1, 21
2, 108200, 53072969, 53574977
208, 1, 21
1, 59122, 53988854, 54493782
209, 1, 21
3, 165830, 52885501, 53386554
210, 1, 21
2, 222118, 53574977, 54078000
211, 1, 21
1, 59122, 54493782, 54997253
212, 1, 21
3, 177366, 53386554, 53889119
213, 1, 21
2, 243748, 54078000, 54579244
214, 1, 21
1, 60564, 54997253, 55507509
215, 1, 21
3, 184576, 53889119, 54389706
216, 1, 21
2, 236538, 54579244, 55081543
217, 1, 21
3, 171598, 54389706, 54891551
218, 1, 21
1, 60564, 55507509, 56018724
219, 1, 21
2, 233654, 55081543, 55581822
220, 1, 21
3, 173040, 54891551, 55392422
221, 1, 21
1, 57680, 56018724, 56526482
222, 1, 21
2, 233654, 55581822, 56083218
223, 1, 21
3, 174482, 55392422, 55894400
224, 1, 21
1, 60564, 56526482, 57032504
225, 1, 21
2, 230770, 56083218, 56585383
226, 1, 21
3, 171598, 55894400, 56397972
227, 1, 21
1, 60564, 57032504, 57540746
228, 1, 21
2, 235096, 56585383, 57089372
229, 1, 21
3, 167272, 56397972, 56900006
230, 1, 21
1, 60564, 57540746, 58050346
231, 1, 21
2, 223560, 57089372, 57589466
232, 1, 21
3, 164388, 56900006, 57401942
233, 1, 21
1, 59122, 58050346, 58556042
234, 1, 21
2, 226444, 57589466, 58090938
235, 1, 21
3, 177366, 57401942, 57903666
236, 1, 21
1, 60564, 58556042, 59059244
237, 1, 21
2, 187510, 58090938, 58598203
238, 1, 21
1, 56238, 59059244, 59567027
239, 1, 21
2, 54821, 58598203, 59100062
240, 1, 21
1, 56238, 59567027, 60080208
241, 1, 21
2, 54821, 59100062, 59603048
242, 1, 21
1, 56238, 60080208, 60584115
243, 1, 21
2, 56263, 59603048, 60106856
244, 1, 21
1, 56238, 60584115, 61086598
245, 1, 21
2, 57705, 60106856, 60617146
246, 1, 21
1, 57680, 61086598, 61593163
247, 1, 21
2, 57705, 60617146, 61122607
248, 1, 21
1, 59122, 61593163, 62105103
249, 1, 21
2, 59147, 61122607, 61631347
250, 1, 21
1, 57680, 62105103, 62608429
251, 1, 21
2, 57705, 61631347, 62141068
252, 1, 21
1, 53354, 62608429, 63113048
253, 1, 21
2, 53379, 62141068, 62652986
254, 1, 21
1, 53354, 63113048, 63617536
255, 1, 21
2, 53379, 62652986, 63162187
256, 1, 21
1, 53354, 63617536, 64126310
257, 1, 21
2, 53379, 63162187, 63662578
258, 1, 21
1, 54796, 64126310, 64633601
259, 1, 21
2, 54821, 63662578, 64164266
260, 1, 21
1, 54796, 64633601, 65135311
261, 1, 21
2, 56263, 64164266, 64672850
262, 1, 21
1, 57680, 65135311, 65647858
263, 1, 21
2, 56263, 64672850, 65177919
264, 1, 21
1, 56238, 65647858, 66152295
265, 1, 21
2, 56263, 65177919, 65681856
