0, 2, 21
2, 54796, 5557437, 6121711
1, 54796, 6138007, 6701677
1, 2, 21
2, 53354, 6121711, 6624707
1, 53354, 6701677, 7203690
2, 2, 21
2, 57680, 6624707, 7134073
1, 57680, 7203690, 7713744
3, 2, 21
2, 54796, 7134073, 7638118
1, 54796, 7713744, 8218265
4, 2, 21
2, 56238, 7638118, 8151347
1, 56238, 8218265, 8728464
5, 1, 21
2, 57680, 8151347, 8659933
6, 1, 21
2, 56238, 8659933, 9165129
7, 2, 21
2, 44702, 9165129, 15689994
1, 158620, 8728464, 16270095
8, 2, 21
2, 54796, 15689994, 16197598
1, 54796, 16270095, 16777068
9, 2, 21
2, 115360, 16197598, 17198455
1, 115360, 16777068, 17778535
10, 1, 21
2, 80752, 17198455, 17713868
11, 1, 21
3, 76426, 16997674, 17498660
12, 1, 21
2, 132689, 17713868, 18216288
13, 1, 21
3, 64890, 17498660, 18000901
14, 1, 21
2, 105291, 18216288, 18721899
15, 1, 21
1, 168714, 17778535, 19348391
16, 1, 21
3, 60564, 18000901, 18509827
17, 1, 21
2, 122620, 18721899, 19229434
18, 1, 21
3, 79310, 18509827, 19016880
19, 1, 21
2, 157203, 19229434, 19730792
20, 1, 21
4, 76426, 18451405, 18956938
21, 1, 21
3, 73542, 19016880, 19520238
22, 1, 21
2, 203372, 19730792, 20232669
23, 1, 21
4, 79310, 18956938, 19460982
24, 1, 21
3, 74984, 19520238, 20025195
25, 1, 21
4, 63448, 19460982, 19961688
26, 1, 21
3, 66332, 20025195, 20531802
27, 1, 21
2, 364926, 20232669, 21235081
28, 1, 21
1, 269654, 19348391, 21888749
29, 1, 21
3, 51912, 20531802, 21032910
30, 1, 21
4, 49028, 19961688, 20484023
31, 1, 21
1, 40376, 21888749, 22391077
32, 1, 21
3, 69216, 21032910, 21542479
33, 1, 21
4, 77868, 20484023, 20994759
34, 1, 21
2, 359208, 21235081, 22235468
35, 1, 21
1, 57680, 22391077, 22896037
36, 1, 21
4, 74984, 20994759, 21497450
37, 1, 21
2, 183184, 22235468, 22742720
38, 1, 21
4, 59122, 21497450, 22002271
39, 1, 21
2, 102407, 22742720, 23243218
40, 1, 21
1, 98056, 22896037, 23904508
41, 1, 21
4, 113918, 22002271, 23010519
42, 1, 21
2, 199046, 23243218, 24245520
43, 1, 21
1, 87962, 23904508, 24905728
44, 1, 21
4, 73542, 23010519, 23515263
45, 1, 21
2, 129830, 24245520, 24757510
46, 1, 21
1, 59122, 24905728, 25436785
47, 1, 21
4, 73542, 23515263, 24018410
48, 1, 21
2, 266820, 24757510, 25758981
49, 1, 21
3, 70658, 21542479, 27950997
50, 1, 21
2, 830617, 25758981, 28787738
51, 1, 21
3, 56238, 27950997, 28451630
52, 1, 21
1, 520562, 25436785, 29979923
53, 1, 21
3, 66332, 28451630, 28951792
54, 1, 21
1, 56238, 29979923, 30489093
55, 1, 21
3, 138432, 28951792, 29955965
56, 1, 21
2, 744197, 28787738, 30797384
57, 1, 21
1, 118244, 30489093, 31492271
58, 1, 21
2, 134131, 30797384, 31301300
59, 1, 21
3, 363384, 29955965, 32495634
60, 1, 21
1, 291284, 31492271, 34038866
61, 1, 21
3, 50470, 32495634, 33028113
62, 1, 21
2, 558129, 31301300, 33831949
63, 1, 21
1, 18746, 34038866, 34551906
64, 1, 21
1, 34608, 34551906, 35052459
65, 1, 21
2, 66382, 33831949, 34835666
66, 1, 21
1, 79310, 35052459, 36063019
67, 1, 21
3, 2884, 33028113, 35039244
68, 1, 21
2, 186068, 34835666, 35860961
69, 1, 21
1, 57680, 36063019, 36563059
70, 1, 21
3, 164388, 35039244, 35596637
71, 1, 21
2, 178858, 35860961, 36363979
72, 1, 21
1, 46144, 36563059, 37095751
73, 1, 21
3, 96614, 35596637, 36106751
74, 1, 21
2, 144250, 36363979, 36867187
75, 1, 21
3, 171598, 36106751, 36609293
76, 1, 21
2, 237955, 36867187, 37368777
77, 1, 21
1, 103824, 37095751, 38100561
78, 1, 21
2, 214883, 37368777, 37873796
79, 1, 21
1, 54796, 38100561, 38601152
80, 1, 21
3, 312914, 36609293, 37617056
81, 1, 21
2, 201930, 37873796, 38376793
82, 1, 21
2, 131222, 38376793, 38881661
83, 1, 21
2, 47586, 38881661, 39386999
84, 1, 21
1, 155736, 38601152, 40149783
85, 1, 21
1, 56238, 40149783, 40655574
86, 1, 21
2, 108200, 39386999, 40395928
87, 1, 21
3, 136990, 37617056, 40270799
88, 1, 21
1, 100940, 40655574, 41658626
89, 1, 21
2, 243748, 40395928, 41396045
90, 1, 21
1, 50470, 41658626, 42162530
91, 1, 21
3, 294168, 40270799, 41273871
92, 1, 21
2, 223560, 41396045, 41899787
93, 1, 21
1, 59122, 42162530, 42670729
94, 1, 21
2, 213441, 41899787, 42399908
95, 1, 21
1, 53354, 42670729, 43181138
96, 1, 21
3, 301378, 41273871, 42274262
97, 1, 21
1, 59122, 43181138, 43692203
98, 1, 21
3, 164388, 42274262, 42775281
99, 1, 21
2, 432700, 42399908, 43435030
100, 1, 21
1, 56238, 43692203, 44197262
101, 1, 21
3, 154294, 42775281, 43275774
102, 1, 21
2, 178858, 43435030, 43938012
103, 1, 21
1, 49028, 44197262, 44710040
104, 1, 21
2, 47611, 43938012, 44450123
105, 1, 21
1, 87962, 44710040, 45719455
106, 1, 21
2, 77893, 44450123, 45451797
107, 1, 21
1, 85078, 45719455, 46729794
108, 1, 21
1, 57680, 46729794, 47239119
109, 1, 21
1, 59122, 47239119, 47750335
110, 1, 21
1, 118244, 47750335, 48796219
111, 1, 21
1, 38934, 48796219, 49301404
112, 1, 21
2, 364951, 45451797, 49007418
113, 1, 21
1, 47586, 49301404, 49806346
114, 1, 21
1, 36050, 49806346, 50314237
115, 1, 21
2, 80802, 49007418, 50017478
116, 1, 21
1, 46144, 50314237, 50868903
117, 1, 21
2, 95197, 50017478, 51031844
118, 1, 21
1, 105266, 50868903, 51875654
119, 1, 21
2, 60589, 51031844, 51536803
120, 1, 21
2, 118244, 51536803, 52539476
121, 1, 21
3, 4326, 43275774, 53033810
122, 1, 21
2, 331685, 52539476, 54061509
123, 1, 21
3, 165830, 53033810, 53534933
124, 1, 21
2, 235071, 54061509, 54561826
125, 1, 21
2, 243698, 54561826, 55062792
126, 1, 21
2, 232162, 55062792, 55563388
127, 1, 21
2, 1384320, 55563388, 58572809
128, 1, 21
2, 69216, 58572809, 59082691
129, 1, 21
1, 1163694, 51875654, 61886899
