0, 2, 21
2, 72100, 5596519, 6347106
1, 72104, 6144615, 6895169
1, 2, 21
2, 144200, 6347106, 7640701
1, 144204, 6895169, 8188900
2, 2, 21
2, 144200, 7640701, 8928415
1, 144204, 8188900, 9476211
3, 2, 21
2, 217742, 8928415, 16989838
1, 217746, 9476211, 17538096
4, 2, 21
2, 92288, 16989838, 17649153
1, 72104, 17538096, 18197372
5, 2, 21
2, 80752, 17649153, 17958298
1, 36054, 18197372, 18506078
6, 2, 21
2, 41818, 17958298, 18118496
1, 18750, 18506078, 18666448
7, 2, 21
2, 23072, 18118496, 18206290
1, 10098, 18666448, 18754230
8, 2, 21
2, 346080, 18206290, 19609094
1, 144204, 18754230, 20157293
9, 2, 21
2, 265328, 19609094, 20274147
1, 72104, 20157293, 20822183
10, 2, 21
2, 134106, 20274147, 20595253
1, 36054, 20822183, 21143459
11, 2, 21
2, 69216, 20595253, 20764004
1, 18750, 21143459, 21311841
12, 2, 21
2, 496048, 20764004, 22211440
1, 144204, 21311841, 22759736
13, 2, 21
2, 207648, 22211440, 22854390
1, 72104, 22759736, 23402355
14, 2, 21
2, 98056, 22854390, 23295844
1, 36054, 23402355, 23843605
15, 2, 21
2, 40376, 23295844, 23468635
1, 18750, 23843605, 24016303
16, 2, 21
2, 12978, 23468635, 23563990
1, 10098, 24016303, 24111906
17, 2, 21
2, 341754, 23563990, 25049118
1, 144204, 24111906, 25596274
18, 2, 21
2, 330218, 25049118, 26271096
1, 144204, 25596274, 26818920
19, 2, 21
2, 164388, 26271096, 26889622
1, 72104, 26818920, 27436923
20, 2, 21
2, 325892, 26889622, 28133421
1, 144204, 27436923, 28681134
21, 2, 21
2, 451346, 28133421, 29437573
1, 144204, 28681134, 29985417
22, 2, 21
2, 255234, 29437573, 30076667
1, 72104, 29985417, 30624195
23, 2, 21
2, 122570, 30076667, 30384347
1, 36054, 30624195, 30932261
24, 2, 21
2, 353290, 30384347, 31604077
1, 144204, 30932261, 32149742
25, 2, 21
2, 162946, 31604077, 32214077
1, 72104, 32149742, 32762041
26, 2, 21
2, 80752, 32214077, 32519764
1, 36054, 32762041, 33067720
27, 2, 21
2, 243698, 32519764, 34382287
1, 144204, 33067720, 34927933
28, 2, 21
2, 72100, 34382287, 35329468
1, 72104, 34927933, 35876667
29, 2, 21
2, 95172, 35329468, 35638004
1, 36054, 35876667, 36183437
30, 2, 21
2, 74984, 35638004, 35807228
1, 18750, 36183437, 36353656
31, 2, 21
2, 37492, 35807228, 35893905
1, 10098, 36353656, 36439044
32, 2, 21
2, 17304, 35893905, 35942350
1, 5772, 36439044, 36487375
33, 2, 21
2, 537866, 35942350, 37424518
1, 144204, 36487375, 37972364
34, 2, 21
2, 265328, 37424518, 38076239
1, 72104, 37972364, 38623815
35, 2, 21
2, 135548, 38076239, 38403135
1, 36054, 38623815, 38950781
36, 2, 21
2, 181692, 38403135, 39853614
1, 144204, 38950781, 40401553
37, 2, 21
2, 72100, 39853614, 40475669
1, 72104, 40401553, 41023033
38, 2, 21
2, 496048, 40475669, 41919010
1, 144204, 41023033, 42466939
39, 2, 21
2, 266770, 41919010, 42588435
1, 72104, 42466939, 43135666
40, 2, 21
2, 134106, 42588435, 42900184
1, 36054, 43135666, 43448097
41, 2, 21
2, 73542, 42900184, 43061476
1, 18750, 43448097, 43608884
42, 2, 21
2, 361942, 43061476, 44461322
1, 144204, 43608884, 45009173
43, 2, 21
2, 72100, 44461322, 45412422
1, 72104, 45009173, 45960526
44, 2, 21
2, 36050, 45412422, 45865203
1, 36054, 45960526, 46413028
45, 2, 21
2, 144200, 45865203, 47125257
1, 144204, 46413028, 47673339
46, 2, 21
2, 72100, 47125257, 47729519
1, 72104, 47673339, 48276384
47, 2, 21
2, 144200, 47729519, 49318429
1, 144204, 48276384, 49866119
48, 2, 21
2, 144200, 49318429, 50983168
1, 144204, 49866119, 51530786
49, 2, 21
2, 144200, 50983168, 52202705
1, 144204, 51530786, 52750525
50, 2, 21
2, 72100, 52202705, 52813140
1, 72104, 52750525, 53360894
51, 2, 21
2, 321566, 52813140, 54051083
1, 144204, 53360894, 54598509
52, 2, 21
2, 289842, 54051083, 54660773
1, 72104, 54598509, 55207812
53, 2, 21
2, 149968, 54660773, 54968485
1, 36054, 55207812, 55515514
54, 2, 21
2, 572474, 54968485, 56214525
1, 144204, 55515514, 56761184
55, 2, 21
2, 556612, 56214525, 57425469
1, 144204, 56761184, 57973218
56, 2, 21
2, 522004, 57425469, 58668323
1, 144204, 57973218, 59216282
57, 2, 21
2, 144200, 58668323, 59977865
1, 144204, 59216282, 60525451
58, 2, 21
2, 72100, 59977865, 60621642
1, 72104, 60525451, 61169731
59, 2, 21
2, 144200, 60621642, 61874171
1, 144204, 61169731, 62422349
60, 2, 21
2, 144200, 61874171, 63238101
1, 144204, 62422349, 63786213
61, 2, 21
2, 144200, 63238101, 64568595
1, 144204, 63786213, 65116682
