0, 2, 21
2, 53354, 5594300, 6095556
1, 53354, 6158823, 6659808
1, 2, 21
2, 47586, 6095556, 6601262
1, 47586, 6659808, 7165187
2, 2, 21
2, 57680, 6601262, 7108794
1, 57680, 7165187, 7672897
3, 2, 21
2, 54796, 7108794, 7616179
1, 54796, 7672897, 8180117
4, 2, 21
2, 56238, 7616179, 8126052
1, 56238, 8180117, 8690364
5, 2, 21
2, 56238, 8126052, 8634353
1, 56238, 8690364, 9198807
6, 2, 21
2, 56238, 8634353, 9140569
1, 56238, 9198807, 9704690
7, 2, 21
2, 53354, 9140569, 15744956
1, 53354, 9704690, 16308987
8, 2, 21
2, 54796, 15744956, 16252278
1, 54796, 16308987, 16816691
9, 2, 21
2, 59122, 16252278, 16755451
1, 59122, 16816691, 17319860
10, 2, 21
2, 57680, 16755451, 17268545
1, 57680, 17319860, 17832766
11, 1, 21
2, 82194, 17268545, 17768845
12, 1, 21
1, 56238, 17832766, 18342441
13, 1, 21
3, 77868, 17049648, 17557437
14, 1, 21
2, 132714, 17768845, 18272125
15, 1, 21
1, 59122, 18342441, 18849230
16, 1, 21
3, 64890, 17557437, 18126064
17, 1, 21
2, 105316, 18272125, 18780775
18, 1, 21
1, 51912, 18849230, 19388599
19, 1, 21
3, 69216, 18126064, 18630265
20, 1, 21
2, 122620, 18780775, 19288650
21, 1, 21
1, 51912, 19388599, 19897839
22, 1, 21
3, 77868, 18630265, 19130334
23, 1, 21
2, 164438, 19288650, 19795209
24, 1, 21
1, 56238, 19897839, 20399710
25, 1, 21
4, 74984, 18474978, 18975729
26, 1, 21
3, 73542, 19130334, 19634495
27, 1, 21
2, 203397, 19795209, 20300020
28, 1, 21
1, 54796, 20399710, 20907998
29, 1, 21
4, 79310, 18975729, 19483609
30, 1, 21
3, 76426, 19634495, 20142637
31, 1, 21
2, 209165, 20300020, 20800426
32, 1, 21
1, 56238, 20907998, 21409006
33, 1, 21
4, 63448, 19483609, 19987289
34, 1, 21
3, 63448, 20142637, 20654138
35, 1, 21
2, 154369, 20800426, 21307973
36, 1, 21
1, 51912, 21409006, 21924679
37, 1, 21
4, 50470, 19987289, 20527659
38, 1, 21
3, 47586, 20654138, 21156187
39, 1, 21
2, 160137, 21307973, 21808699
40, 1, 21
1, 41818, 21924679, 22426157
41, 1, 21
4, 76426, 20527659, 21030250
42, 1, 21
3, 74984, 21156187, 21659521
43, 1, 21
2, 204839, 21808699, 22309349
44, 1, 21
1, 59122, 22426157, 22937840
45, 1, 21
4, 72100, 21030250, 21530600
46, 1, 21
2, 175974, 22309349, 22812084
47, 1, 21
1, 56238, 22937840, 23439420
48, 1, 21
4, 59122, 21530600, 22039261
49, 1, 21
2, 102432, 22812084, 23315485
50, 1, 21
1, 43260, 23439420, 23945179
51, 1, 21
4, 59122, 22039261, 22545858
52, 1, 21
2, 95222, 23315485, 23818471
53, 1, 21
1, 43260, 23945179, 24464331
54, 1, 21
4, 53354, 22545858, 23055352
55, 1, 21
2, 103874, 23818471, 24318921
56, 1, 21
1, 49028, 24464331, 24974055
57, 1, 21
4, 70658, 23055352, 23560428
58, 1, 21
2, 126946, 24318921, 24829699
59, 1, 21
1, 56238, 24974055, 25483068
60, 1, 21
4, 73542, 23560428, 24067770
61, 1, 21
2, 131272, 24829699, 25333547
62, 1, 21
1, 59122, 25483068, 25985204
63, 1, 21
4, 73542, 24067770, 24576348
64, 1, 21
2, 134156, 25333547, 25838291
65, 1, 21
1, 59122, 25985204, 26490895
66, 1, 21
4, 79310, 24576348, 25083108
67, 1, 21
2, 138482, 25838291, 26344357
68, 1, 21
1, 60564, 26490895, 27001306
69, 1, 21
4, 73542, 25083108, 25590621
70, 1, 21
2, 129830, 26344357, 26847142
71, 1, 21
1, 59122, 27001306, 27512722
72, 1, 21
4, 70658, 25590621, 26093037
73, 1, 21
2, 128388, 26847142, 27347164
74, 1, 21
1, 57680, 27512722, 28020452
75, 1, 21
4, 74984, 26093037, 26598503
76, 1, 21
2, 134156, 27347164, 27848692
77, 1, 21
1, 59122, 28020452, 28523978
78, 1, 21
4, 76426, 26598503, 27106790
79, 1, 21
2, 132714, 27848692, 28349111
80, 1, 21
1, 59122, 28523978, 29027785
81, 1, 21
3, 62006, 21659521, 28004594
82, 1, 21
4, 70658, 27106790, 27612507
83, 1, 21
2, 171673, 28349111, 28853889
84, 1, 21
1, 57680, 29027785, 29534827
85, 1, 21
3, 62006, 28004594, 28511208
86, 1, 21
4, 62006, 27612507, 28112646
87, 1, 21
2, 180325, 28853889, 29354446
88, 1, 21
1, 51912, 29534827, 30039693
89, 1, 21
3, 72100, 28511208, 29017018
90, 1, 21
4, 72100, 28112646, 28615036
91, 1, 21
2, 199071, 29354446, 29855004
92, 1, 21
1, 56238, 30039693, 30542606
93, 1, 21
3, 76426, 29017018, 29522129
94, 1, 21
4, 74984, 28615036, 29123881
95, 1, 21
2, 203397, 29855004, 30357349
96, 1, 21
1, 59122, 30542606, 31046268
97, 1, 21
3, 72100, 29522129, 30026514
98, 1, 21
4, 72100, 29123881, 29632039
99, 1, 21
2, 190419, 30357349, 30859117
100, 1, 21
1, 60564, 31046268, 31557061
101, 1, 21
3, 74984, 30026514, 30529375
102, 1, 21
2, 132714, 30859117, 31360188
103, 1, 21
1, 60564, 31557061, 32069748
104, 1, 21
3, 74984, 30529375, 31035047
105, 1, 21
2, 132714, 31360188, 31861778
106, 1, 21
1, 59122, 32069748, 32574056
107, 1, 21
3, 74984, 31035047, 31537159
108, 1, 21
2, 134156, 31861778, 32367449
109, 1, 21
1, 59122, 32574056, 33078407
110, 1, 21
3, 73542, 31537159, 32037761
111, 1, 21
2, 131272, 32367449, 32870771
112, 1, 21
1, 57680, 33078407, 33580265
113, 1, 21
3, 64890, 32037761, 32542349
114, 1, 21
2, 105316, 32870771, 33376708
115, 1, 21
1, 46144, 33580265, 34108699
116, 1, 21
2, 25981, 33376708, 33882124
117, 1, 21
1, 21630, 34108699, 34620052
118, 1, 21
2, 31749, 33882124, 34397701
119, 1, 21
1, 34608, 34620052, 35121556
120, 1, 21
2, 37517, 34397701, 34919238
121, 1, 21
1, 37492, 35121556, 35673051
122, 1, 21
2, 44727, 34919238, 35431741
123, 1, 21
3, 31724, 32542349, 34937412
124, 1, 21
1, 53354, 35673051, 36179274
125, 1, 21
2, 212024, 35431741, 35932343
126, 1, 21
3, 164388, 34937412, 35494381
127, 1, 21
1, 57680, 36179274, 36682420
128, 1, 21
2, 139924, 35932343, 36441184
129, 1, 21
3, 96614, 35494381, 36004259
130, 1, 21
1, 34608, 36682420, 37189036
131, 1, 21
2, 187510, 36441184, 36942404
132, 1, 21
3, 171598, 36004259, 36506550
133, 1, 21
1, 54796, 37189036, 37697061
134, 1, 21
2, 226444, 36942404, 37442693
135, 1, 21
3, 165830, 36506550, 37006894
136, 1, 21
1, 57680, 37697061, 38203659
137, 1, 21
2, 212024, 37442693, 37944671
138, 1, 21
3, 147084, 37006894, 37513281
139, 1, 21
1, 56238, 38203659, 38711360
140, 1, 21
2, 203372, 37944671, 38444957
141, 1, 21
1, 57680, 38711360, 39225901
142, 1, 21
2, 70683, 38444957, 38945493
143, 1, 21
1, 49028, 39225901, 39727859
144, 1, 21
2, 47611, 38945493, 39449970
145, 1, 21
1, 44702, 39727859, 40231611
146, 1, 21
2, 50495, 39449970, 39961918
147, 1, 21
1, 57680, 40231611, 40735340
148, 1, 21
2, 59147, 39961918, 40466772
149, 1, 21
1, 54796, 40735340, 41241251
150, 1, 21
3, 136990, 37513281, 40166672
151, 1, 21
2, 121178, 40466772, 40970014
152, 1, 21
1, 38934, 41241251, 41745347
153, 1, 21
3, 134106, 40166672, 40668350
154, 1, 21
2, 187510, 40970014, 41470615
155, 1, 21
1, 59122, 41745347, 42252630
156, 1, 21
3, 160062, 40668350, 41171876
157, 1, 21
2, 223560, 41470615, 41972847
158, 1, 21
1, 59122, 42252630, 42760528
159, 1, 21
3, 165830, 41171876, 41673628
160, 1, 21
2, 188952, 41972847, 42473161
161, 1, 21
1, 53354, 42760528, 43270485
162, 1, 21
3, 136990, 41673628, 42176219
163, 1, 21
2, 220676, 42473161, 42974363
164, 1, 21
1, 59122, 43270485, 43779645
165, 1, 21
3, 160062, 42176219, 42678496
166, 1, 21
2, 209140, 42974363, 43475528
167, 1, 21
1, 53354, 43779645, 44282425
168, 1, 21
3, 154294, 42678496, 43180107
169, 1, 21
2, 139924, 43475528, 43987738
170, 1, 21
1, 47586, 44282425, 44792851
171, 1, 21
2, 47611, 43987738, 44492565
172, 1, 21
1, 51912, 44792851, 45371256
173, 1, 21
2, 38959, 44492565, 45008801
174, 1, 21
1, 43260, 45371256, 45893902
175, 1, 21
2, 40401, 45008801, 45546805
176, 1, 21
1, 34608, 45893902, 46394532
177, 1, 21
2, 46169, 45546805, 46051451
178, 1, 21
1, 57680, 46394532, 46904036
179, 1, 21
2, 57705, 46051451, 46559965
180, 1, 21
1, 57680, 46904036, 47408642
181, 1, 21
2, 59147, 46559965, 47064437
182, 1, 21
1, 59122, 47408642, 47916010
183, 1, 21
2, 59147, 47064437, 47567526
184, 1, 21
1, 60564, 47916010, 48427345
185, 1, 21
2, 54821, 47567526, 48070900
186, 1, 21
1, 47586, 48427345, 48928693
187, 1, 21
2, 44727, 48070900, 48581006
188, 1, 21
1, 40376, 48928693, 49438335
189, 1, 21
2, 43285, 48581006, 49083775
190, 1, 21
1, 47586, 49438335, 49943435
191, 1, 21
2, 40401, 49083775, 49591956
192, 1, 21
1, 33166, 49943435, 50449649
193, 1, 21
2, 41843, 49591956, 50095987
194, 1, 21
1, 43260, 50449649, 50961588
195, 1, 21
2, 38959, 50095987, 50599375
196, 1, 21
1, 51912, 50961588, 51468791
197, 1, 21
2, 57705, 50599375, 51100577
198, 1, 21
1, 59122, 51468791, 51968991
199, 1, 21
2, 60589, 51100577, 51609604
200, 1, 21
1, 60564, 51968991, 52479297
201, 1, 21
2, 59147, 51609604, 52113377
202, 1, 21
1, 59122, 52479297, 52982437
203, 1, 21
2, 60589, 52113377, 52624233
204, 1, 21
1, 59122, 52982437, 53487121
205, 1, 21
2, 59147, 52624233, 53131382
206, 1, 21
1, 59122, 53487121, 53992439
207, 1, 21
3, 7210, 43180107, 52946627
208, 1, 21
2, 105316, 53131382, 53631393
209, 1, 21
1, 59122, 53992439, 54501194
210, 1, 21
3, 165830, 52946627, 53447275
211, 1, 21
2, 222118, 53631393, 54133915
212, 1, 21
1, 60564, 54501194, 55012247
213, 1, 21
3, 177366, 53447275, 53949825
214, 1, 21
2, 243748, 54133915, 54635590
215, 1, 21
1, 60564, 55012247, 55523192
216, 1, 21
3, 184576, 53949825, 54450110
217, 1, 21
2, 235096, 54635590, 55135650
218, 1, 21
1, 60564, 55523192, 56033850
219, 1, 21
3, 171598, 54450110, 54952825
220, 1, 21
2, 235096, 55135650, 55637799
221, 1, 21
1, 57680, 56033850, 56541044
222, 1, 21
3, 173040, 54952825, 55453746
223, 1, 21
2, 233654, 55637799, 56140366
224, 1, 21
1, 60564, 56541044, 57047621
225, 1, 21
3, 174482, 55453746, 55955749
226, 1, 21
2, 230770, 56140366, 56642734
227, 1, 21
1, 60564, 57047621, 57556330
228, 1, 21
3, 170156, 55955749, 56455845
229, 1, 21
2, 235096, 56642734, 57146133
230, 1, 21
1, 60564, 57556330, 58066543
231, 1, 21
3, 167272, 56455845, 56957493
232, 1, 21
2, 223560, 57146133, 57652263
233, 1, 21
1, 59122, 58066543, 58570627
234, 1, 21
3, 164388, 56957493, 57459592
235, 1, 21
2, 227886, 57652263, 58155450
236, 1, 21
3, 177366, 57459592, 57960852
237, 1, 21
1, 60564, 58570627, 59075277
238, 1, 21
2, 186068, 58155450, 58666593
239, 1, 21
1, 56238, 59075277, 59585832
240, 1, 21
2, 54821, 58666593, 59168426
241, 1, 21
1, 54796, 59585832, 60094157
242, 1, 21
2, 54821, 59168426, 59671157
243, 1, 21
1, 56238, 60094157, 60594912
244, 1, 21
2, 56263, 59671157, 60174496
245, 1, 21
1, 56238, 60594912, 61095670
246, 1, 21
2, 57705, 60174496, 60681848
247, 1, 21
1, 57680, 61095670, 61598427
248, 1, 21
2, 57705, 60681848, 61183519
249, 1, 21
1, 59122, 61598427, 62109619
250, 1, 21
2, 59147, 61183519, 61693007
251, 1, 21
1, 57680, 62109619, 62616597
252, 1, 21
2, 54821, 61693007, 62194849
253, 1, 21
1, 53354, 62616597, 63126176
254, 1, 21
2, 54821, 62194849, 62705603
255, 1, 21
1, 53354, 63126176, 63635025
256, 1, 21
2, 53379, 62705603, 63218568
257, 1, 21
1, 53354, 63635025, 64139652
258, 1, 21
2, 53379, 63218568, 63721525
259, 1, 21
1, 54796, 64139652, 64639819
260, 1, 21
2, 56263, 63721525, 64231293
261, 1, 21
1, 54796, 64639819, 65140521
262, 1, 21
2, 56263, 64231293, 64733406
263, 1, 21
1, 56238, 65140521, 65643731
264, 1, 21
2, 56263, 64733406, 65243348
265, 1, 21
1, 56238, 65643731, 66148594
266, 1, 21
2, 54821, 65243348, 65745385
