0, 2, 21
2, 752, 497515, 4630803, 5619968
1, 752, 497490, 5179143, 6179354
1, 2, 21
2, 752, 523471, 5619968, 6621205
1, 752, 523446, 6179354, 7180572
2, 2, 21
2, 752, 452813, 6621205, 7622560
1, 752, 452788, 7180572, 8182067
3, 2, 21
2, 752, 504725, 7622560, 8623781
1, 752, 504700, 8182067, 9182409
4, 2, 21
2, 752, 514819, 8623781, 9623834
1, 752, 514794, 9182409, 10183281
5, 2, 21
2, 752, 513377, 9623834, 10625996
1, 752, 513352, 10183281, 11185270
6, 2, 21
2, 752, 497515, 10625996, 11625925
1, 752, 497490, 11185270, 12185387
7, 2, 21
2, 752, 1467, 12625990, 12628484
1, 752, 520562, 12185387, 13187949
8, 2, 21
2, 752, 509051, 12628484, 13631190
1, 752, 509026, 13187949, 14190216
9, 2, 21
2, 752, 4354865, 14631761, 23633458
1, 752, 4853772, 14190216, 24192269
10, 2, 21
2, 752, 4696619, 23633458, 33635579
1, 752, 4696594, 24192269, 34193060
11, 2, 21
2, 752, 468675, 33635579, 34635148
1, 752, 468650, 34193060, 35194130
12, 2, 21
2, 752, 4852355, 34635148, 44636696
1, 752, 4852330, 35194130, 45195283
13, 2, 21
2, 752, 3393051, 44636696, 51686868
1, 752, 3393026, 45195283, 52245846
14, 2, 21
2, 752, 504725, 51686868, 52687191
1, 752, 504700, 52245846, 53246163
15, 2, 21
2, 752, 4392357, 53688118, 62688327
1, 752, 4888380, 53246163, 63247295
