0, 2, 21
2, 752, 1442025, 4544185, 7554888
1, 752, 1442004, 5102804, 8115230
1, 2, 21
2, 752, 1442025, 7554888, 10610911
1, 752, 1442004, 8115230, 11170960
2, 2, 21
2, 752, 1442025, 10610911, 13517310
1, 752, 1442004, 11170960, 14077591
3, 2, 21
2, 752, 1442025, 13517310, 16584650
1, 752, 1442004, 14077591, 17144932
4, 2, 21
2, 752, 1442025, 16584650, 19659833
1, 752, 1442004, 17144932, 20219586
5, 2, 21
2, 752, 1442025, 19659833, 22680239
1, 752, 1442004, 20219586, 23240240
6, 2, 21
2, 752, 1442025, 22680239, 25714480
1, 752, 1442004, 23240240, 26274511
7, 2, 21
2, 752, 1442025, 25714480, 28823640
1, 752, 1442004, 26274511, 29383584
8, 2, 21
2, 752, 1442025, 28823640, 32078571
1, 752, 1442004, 29383584, 32638627
9, 2, 21
2, 752, 1442025, 32078571, 35275757
1, 752, 1442004, 32638627, 35835212
10, 2, 21
2, 752, 1442025, 35275757, 38516202
1, 752, 1442004, 35835212, 39076121
11, 2, 21
2, 752, 1442025, 38516202, 41798087
1, 752, 1442004, 39076121, 42357933
12, 2, 21
2, 752, 1442025, 41798087, 44956403
1, 752, 1442004, 42357933, 45516249
13, 2, 21
2, 752, 1442025, 44956403, 47970367
1, 752, 1442004, 45516249, 48530413
14, 2, 21
2, 752, 1442025, 47970367, 51017763
1, 752, 1442004, 48530413, 51577688
15, 2, 21
2, 752, 1442025, 51017763, 54006603
1, 752, 1442004, 51577688, 54566465
16, 2, 21
2, 752, 1442025, 54006603, 57127942
1, 752, 1442004, 54566465, 57687428
17, 2, 21
2, 752, 1442025, 57127942, 60216800
1, 752, 1442004, 57687428, 60776421
18, 2, 21
2, 752, 1442025, 60216800, 63271043
1, 752, 1442004, 60776421, 63830869
