0, 2, 21
2, 54796, 5705834, 6268231
1, 54796, 6265104, 6827484
1, 2, 21
2, 53354, 6268231, 6772262
1, 53354, 6827484, 7330820
2, 2, 21
2, 57680, 6772262, 7281683
1, 57680, 7330820, 7841163
3, 2, 21
2, 54796, 7281683, 7786173
1, 54796, 7841163, 8345191
4, 2, 21
2, 56238, 7786173, 8295756
1, 56238, 8345191, 8855176
5, 2, 21
2, 57680, 8295756, 8807159
1, 57680, 8855176, 9366517
6, 2, 21
2, 56238, 8807159, 9311387
1, 56238, 9366517, 9870865
7, 2, 21
2, 44702, 9311387, 15835327
1, 44702, 9870865, 16394595
8, 2, 21
2, 54796, 15835327, 16341576
1, 54796, 16394595, 16900935
9, 2, 21
2, 74984, 16341576, 16978040
1, 74984, 16900935, 17537647
10, 1, 21
2, 108150, 16978040, 17763236
11, 1, 21
1, 86520, 17537647, 18325506
12, 1, 21
3, 77868, 17071868, 17579731
13, 1, 21
2, 134156, 17763236, 18269157
14, 1, 21
3, 64890, 17579731, 18145917
15, 1, 21
2, 109617, 18269157, 18773081
16, 1, 21
1, 122570, 18325506, 19470356
17, 1, 21
3, 67774, 18145917, 18647529
18, 1, 21
2, 116852, 18773081, 19278420
19, 1, 21
1, 64890, 19470356, 20102335
20, 1, 21
3, 76426, 18647529, 19152473
21, 1, 21
2, 152902, 19278420, 19780633
22, 1, 21
4, 74984, 18542340, 19047029
23, 1, 21
3, 73542, 19152473, 19660905
24, 1, 21
2, 199046, 19780633, 20282778
25, 1, 21
1, 86520, 20102335, 20892657
26, 1, 21
4, 79310, 19047029, 19554056
27, 1, 21
3, 74984, 19660905, 20169448
28, 1, 21
2, 204839, 20282778, 20783362
29, 1, 21
4, 62006, 19554056, 20068772
30, 1, 21
3, 62006, 20169448, 20681264
31, 1, 21
2, 190394, 20783362, 21389473
32, 1, 21
1, 118244, 20892657, 21996849
33, 1, 21
4, 51912, 20068772, 20619535
34, 1, 21
3, 51912, 20681264, 21228768
35, 1, 21
2, 161579, 21389473, 21894827
36, 1, 21
1, 41818, 21996849, 22502738
37, 1, 21
4, 76426, 20619535, 21129973
38, 1, 21
3, 74984, 21228768, 21731456
39, 1, 21
2, 204839, 21894827, 22401297
40, 1, 21
1, 57680, 22502738, 23004382
41, 1, 21
4, 73542, 21129973, 21631561
42, 1, 21
2, 175974, 22401297, 22903352
43, 1, 21
1, 70658, 23004382, 23637664
44, 1, 21
4, 59122, 21631561, 22136852
45, 1, 21
2, 102432, 22903352, 23405739
46, 1, 21
1, 43260, 23637664, 24147806
47, 1, 21
4, 70658, 22136852, 22768676
48, 1, 21
2, 118294, 23405739, 24032224
49, 1, 21
1, 53354, 24147806, 24795811
50, 1, 21
4, 62006, 22768676, 23277635
51, 1, 21
2, 180300, 24032224, 24816537
52, 1, 21
4, 69216, 23277635, 23783826
53, 1, 21
1, 80752, 24795811, 25558678
54, 1, 21
2, 128388, 24816537, 25320433
55, 1, 21
4, 89404, 23783826, 24410077
56, 1, 21
1, 73542, 25558678, 26185015
57, 1, 21
2, 209140, 25320433, 26107571
58, 1, 21
4, 115360, 24410077, 25175119
59, 1, 21
1, 90846, 26185015, 26966479
60, 1, 21
4, 93730, 25175119, 25801968
61, 1, 21
2, 324525, 26107571, 27336340
62, 1, 21
4, 115360, 25801968, 26583899
63, 1, 21
1, 173040, 26966479, 28493994
64, 1, 21
3, 63448, 21731456, 28094133
65, 1, 21
2, 454305, 27336340, 28937108
66, 1, 21
4, 210532, 26583899, 28111011
67, 1, 21
3, 82194, 28094133, 28729386
68, 1, 21
1, 180250, 28493994, 30117966
69, 1, 21
2, 226469, 28937108, 29563827
70, 1, 21
4, 66332, 28111011, 28626279
71, 1, 21
3, 70658, 28729386, 29232667
72, 2, 21
2, 196162, 29563827, 30068237
1, 56238, 30117966, 30626669
73, 1, 21
3, 90846, 29232667, 29863085
74, 1, 21
4, 103824, 28626279, 29411501
75, 2, 21
2, 237980, 30068237, 30694120
1, 73542, 30626669, 31253395
76, 1, 21
3, 135548, 29863085, 30845689
77, 1, 21
2, 230745, 30694120, 31448538
78, 1, 21
1, 92288, 31253395, 32042178
79, 1, 21
2, 161529, 31448538, 32082682
80, 1, 21
2, 206206, 32082682, 32867513
81, 1, 21
1, 180250, 32042178, 33573634
82, 1, 21
3, 246582, 30845689, 32637754
83, 1, 21
3, 49028, 32637754, 33160814
84, 1, 21
2, 175999, 32867513, 33995785
85, 1, 21
1, 80752, 33573634, 34695305
86, 1, 21
2, 43285, 33995785, 34623009
87, 1, 21
1, 36050, 34695305, 35230603
88, 1, 21
1, 43260, 35230603, 35869449
89, 1, 21
2, 54846, 34623009, 35416518
90, 1, 21
3, 2884, 33160814, 35171889
91, 1, 21
1, 54796, 35869449, 36377353
92, 1, 21
2, 171648, 35416518, 36023741
93, 1, 21
3, 164388, 35171889, 35729007
94, 1, 21
1, 56238, 36377353, 36932691
95, 1, 21
2, 177416, 36023741, 36523750
96, 1, 21
3, 98056, 35729007, 36245940
97, 1, 21
1, 38934, 36932691, 37442657
98, 1, 21
2, 145692, 36523750, 37025545
99, 1, 21
3, 171598, 36245940, 36746190
100, 1, 21
1, 72100, 37442657, 38067982
101, 1, 21
2, 236538, 37025545, 37529452
102, 1, 21
3, 207648, 36746190, 37380221
103, 1, 21
1, 56238, 38067982, 38571219
104, 1, 21
2, 212024, 37529452, 38034692
105, 1, 21
3, 144200, 37380221, 37884498
106, 1, 21
1, 70658, 38571219, 39206650
107, 1, 21
2, 258168, 38034692, 38660440
108, 1, 21
2, 76426, 38660440, 39164569
109, 1, 21
1, 98056, 39206650, 40184846
110, 1, 21
2, 46169, 39164569, 39674455
111, 1, 21
1, 50470, 40184846, 40696540
112, 1, 21
2, 67799, 39674455, 40308289
113, 1, 21
1, 59122, 40696540, 41200965
114, 1, 21
2, 54821, 40308289, 40812683
115, 1, 21
3, 96614, 37884498, 40399527
116, 1, 21
1, 57680, 41200965, 41835427
117, 1, 21
2, 135598, 40812683, 41314733
118, 1, 21
3, 170156, 40399527, 41025878
119, 1, 21
1, 51912, 41835427, 42345159
120, 1, 21
2, 212024, 41314733, 41815904
121, 1, 21
3, 167272, 41025878, 41528522
122, 1, 21
1, 59122, 42345159, 42852444
123, 1, 21
2, 225002, 41815904, 42316632
124, 1, 21
3, 178808, 41528522, 42154267
125, 1, 21
2, 188927, 42316632, 42816799
126, 1, 21
1, 62006, 42852444, 43437494
127, 1, 21
3, 162946, 42154267, 42654269
128, 1, 21
1, 59122, 43437494, 43946215
129, 1, 21
2, 276939, 42816799, 43443207
130, 1, 21
3, 155736, 42654269, 43159546
131, 1, 21
1, 53354, 43946215, 44449110
132, 1, 21
2, 209140, 43443207, 43945348
133, 1, 21
1, 47586, 44449110, 44958994
134, 1, 21
2, 51937, 43945348, 44451769
135, 1, 21
2, 46144, 44451769, 44977403
136, 1, 21
1, 56238, 44958994, 45589100
137, 1, 21
1, 41818, 45589100, 46129691
138, 1, 21
2, 60614, 44977403, 45758889
139, 1, 21
1, 40376, 46129691, 46638718
140, 1, 21
1, 56238, 46638718, 47141656
141, 1, 21
2, 129830, 45758889, 46988724
142, 1, 21
1, 73542, 47141656, 47768325
143, 1, 21
1, 92288, 47768325, 48549925
144, 1, 21
1, 51912, 48549925, 49091436
145, 1, 21
1, 40376, 49091436, 49600792
146, 1, 21
2, 222168, 46988724, 49149910
147, 1, 21
1, 47586, 49600792, 50105214
148, 1, 21
2, 51937, 49149910, 49819971
149, 1, 21
1, 33166, 50105214, 50611103
150, 1, 21
2, 44727, 49819971, 50321116
151, 1, 21
1, 43260, 50611103, 51122625
152, 1, 21
2, 53379, 50321116, 50948634
153, 1, 21
1, 51912, 51122625, 51629764
154, 1, 21
2, 59147, 50948634, 51448936
155, 1, 21
1, 59122, 51629764, 52130108
156, 1, 21
2, 60589, 51448936, 51956937
157, 1, 21
1, 74984, 52130108, 52762549
158, 1, 21
2, 73567, 51956937, 52584437
159, 1, 21
1, 92288, 52762549, 53543870
160, 1, 21
2, 115385, 52584437, 53568667
161, 1, 21
3, 83636, 43159546, 53158105
162, 1, 21
2, 239397, 53568667, 54206187
163, 1, 21
3, 204764, 53158105, 53786700
164, 1, 21
1, 178808, 53543870, 55074981
165, 1, 21
2, 236538, 54206187, 54707928
166, 1, 21
3, 286958, 53786700, 54569420
167, 1, 21
2, 245165, 54707928, 55209991
168, 1, 21
2, 226394, 55209991, 55711910
169, 1, 21
3, 203322, 54569420, 55168628
170, 1, 21
2, 285541, 55711910, 56338968
171, 1, 21
3, 214858, 55168628, 55797417
172, 1, 21
2, 230745, 56338968, 56841983
173, 1, 21
3, 266770, 55797417, 56581584
174, 1, 21
2, 285541, 56841983, 57469498
175, 1, 21
2, 418180, 57469498, 58447183
176, 1, 21
3, 488838, 56581584, 58110460
177, 1, 21
2, 194695, 58447183, 58954317
178, 1, 21
2, 56238, 58954317, 59459244
179, 1, 21
2, 54796, 59459244, 59959562
180, 1, 21
2, 70658, 59959562, 60589955
181, 1, 21
2, 112476, 60589955, 61570204
182, 1, 21
1, 1134854, 55074981, 65079345
