0, 2, 21
2, 72100, 5629416, 6385278
1, 72104, 6226274, 6982262
1, 2, 21
2, 144200, 6385278, 7682313
1, 144204, 6982262, 8279297
2, 2, 21
2, 144200, 7682313, 8968981
1, 144204, 8279297, 9565925
3, 2, 21
2, 217742, 8968981, 17030373
1, 217746, 9565925, 17627378
4, 2, 21
2, 80752, 17030373, 17688096
1, 72104, 17627378, 18284319
5, 2, 21
2, 79310, 17688096, 17997788
1, 36054, 18284319, 18594594
6, 2, 21
2, 43260, 17997788, 18158087
1, 18750, 18594594, 18755016
7, 2, 21
2, 21630, 18158087, 18245816
1, 10098, 18755016, 18842756
8, 2, 21
2, 333102, 18245816, 19648668
1, 144204, 18842756, 20245003
9, 2, 21
2, 271096, 19648668, 20313428
1, 72104, 20245003, 20909792
10, 2, 21
2, 132664, 20313428, 20634205
1, 36054, 20909792, 21231079
11, 2, 21
2, 70658, 20634205, 20802460
1, 18750, 21231079, 21399307
12, 2, 21
2, 497490, 20802460, 22249963
1, 144204, 21399307, 22846908
13, 2, 21
2, 223510, 22249963, 22892516
1, 72104, 22846908, 23489156
14, 2, 21
2, 95172, 22892516, 23334280
1, 36054, 23489156, 23930165
15, 2, 21
2, 41818, 23334280, 23506176
1, 18750, 23930165, 24102665
16, 2, 21
2, 14420, 23506176, 23601746
1, 10098, 24102665, 24198331
17, 2, 21
2, 338870, 23601746, 25086116
1, 144204, 24198331, 25682135
18, 2, 21
2, 328776, 25086116, 26307298
1, 144204, 25682135, 26902952
19, 2, 21
2, 164388, 26307298, 26924278
1, 72104, 26902952, 27520864
20, 2, 21
2, 325892, 26924278, 28167811
1, 144204, 27520864, 28764360
21, 2, 21
2, 436926, 28167811, 29473835
1, 144204, 28764360, 30070211
22, 2, 21
2, 256676, 29473835, 30113231
1, 72104, 30070211, 30709496
23, 2, 21
2, 125454, 30113231, 30422269
1, 36054, 30709496, 31018516
24, 2, 21
2, 357616, 30422269, 31638761
1, 144204, 31018516, 32235371
25, 2, 21
2, 162946, 31638761, 32250352
1, 72104, 32235371, 32847074
26, 2, 21
2, 79310, 32250352, 32555904
1, 36054, 32847074, 33152681
27, 2, 21
2, 256676, 32555904, 34415506
1, 144204, 33152681, 35012152
28, 2, 21
2, 72100, 34415506, 35381577
1, 72104, 35012152, 35977098
29, 2, 21
2, 77868, 35381577, 35687427
1, 36054, 35977098, 36283823
30, 2, 21
2, 77868, 35687427, 35856795
1, 18750, 36283823, 36453520
31, 2, 21
2, 40376, 35856795, 35942238
1, 10098, 36453520, 36538928
32, 2, 21
2, 23072, 35942238, 35990522
1, 5772, 36538928, 36587207
33, 2, 21
2, 543634, 35990522, 37475843
1, 144204, 36587207, 38071758
34, 2, 21
2, 266770, 37475843, 38127413
1, 72104, 38071758, 38723255
35, 2, 21
2, 135548, 38127413, 38454088
1, 36054, 38723255, 39050228
36, 2, 21
2, 180250, 38454088, 39903069
1, 144204, 39050228, 40499715
37, 2, 21
2, 72100, 39903069, 40524084
1, 72104, 40499715, 41120788
38, 2, 21
2, 498932, 40524084, 41967407
1, 144204, 41120788, 42564016
39, 2, 21
2, 265328, 41967407, 42635833
1, 72104, 42564016, 43232441
40, 2, 21
2, 134106, 42635833, 42948257
1, 36054, 43232441, 43544855
41, 2, 21
2, 72100, 42948257, 43109297
1, 18750, 43544855, 43705618
42, 2, 21
2, 359058, 43109297, 44508964
1, 144204, 43705618, 45104863
43, 2, 21
2, 72100, 44508964, 45460158
1, 72104, 45104863, 46056008
44, 2, 21
2, 36050, 45460158, 45912418
1, 36054, 46056008, 46508194
45, 2, 21
2, 144200, 45912418, 47171694
1, 144204, 46508194, 47767849
46, 2, 21
2, 72100, 47171694, 47774406
1, 72104, 47767849, 48370557
47, 2, 21
2, 144200, 47774406, 49366201
1, 144204, 48370557, 49962336
48, 2, 21
2, 144200, 49366201, 51029710
1, 144204, 49962336, 51626474
49, 2, 21
2, 144200, 51029710, 52249050
1, 144204, 51626474, 52845836
50, 2, 21
2, 72100, 52249050, 52859471
1, 72104, 52845836, 53456137
51, 2, 21
2, 325892, 52859471, 54096742
1, 144204, 53456137, 54693412
52, 2, 21
2, 289842, 54096742, 54701372
1, 72104, 54693412, 55298009
53, 2, 21
2, 149968, 54701372, 55007836
1, 36054, 55298009, 55604408
54, 2, 21
2, 578242, 55007836, 56260266
1, 144204, 55604408, 56856883
55, 2, 21
2, 563822, 56260266, 57495258
1, 144204, 56856883, 58090822
56, 2, 21
2, 506142, 57495258, 58742277
1, 144204, 58090822, 59338362
57, 2, 21
2, 144200, 58742277, 60049424
1, 144204, 59338362, 60646165
58, 2, 21
2, 72100, 60049424, 60693773
1, 72104, 60646165, 61290219
59, 2, 21
2, 144200, 60693773, 61946698
1, 144204, 61290219, 62543123
60, 2, 21
2, 144200, 61946698, 63308794
1, 144204, 62543123, 63905527
61, 2, 21
2, 144200, 63308794, 64638408
1, 144204, 63905527, 65234912
