0, 2, 21
2, 54796, 5605904, 6167004
1, 54796, 6157151, 6718163
1, 2, 21
2, 53354, 6167004, 6671049
1, 53354, 6718163, 7222327
2, 2, 21
2, 57680, 6671049, 7181898
1, 57680, 7222327, 7733148
3, 2, 21
2, 54796, 7181898, 7687824
1, 54796, 7733148, 8238819
4, 2, 21
2, 56238, 7687824, 8199238
1, 56238, 8238819, 8750046
5, 2, 21
2, 56238, 8199238, 8699837
1, 56238, 8750046, 9250804
6, 2, 21
2, 56238, 8699837, 9204635
1, 56238, 9250804, 9755589
7, 2, 21
2, 46144, 9204635, 15741497
1, 46144, 9755589, 16292584
8, 2, 21
2, 54796, 15741497, 16248970
1, 54796, 16292584, 16800288
9, 2, 21
2, 59122, 16248970, 16755058
1, 59122, 16800288, 17306352
10, 2, 21
2, 57680, 16755058, 17268937
1, 57680, 17306352, 17820142
11, 1, 21
2, 92313, 17268937, 17779122
12, 1, 21
1, 56238, 17820142, 18329991
13, 1, 21
3, 74984, 16989557, 17492718
14, 2, 21
2, 129805, 17779122, 18285890
1, 59122, 18329991, 18837069
15, 1, 21
3, 66332, 17492718, 18016143
16, 1, 21
2, 102407, 18285890, 18789165
17, 1, 21
1, 51912, 18837069, 19377150
18, 1, 21
3, 59122, 18016143, 18517046
19, 1, 21
2, 124062, 18789165, 19292706
20, 1, 21
1, 51912, 19377150, 19887053
21, 1, 21
3, 79310, 18517046, 19023974
22, 1, 21
2, 171648, 19292706, 19799450
23, 1, 21
1, 56238, 19887053, 20389283
24, 1, 21
4, 74984, 18424434, 18931302
25, 1, 21
3, 73542, 19023974, 19529719
26, 1, 21
2, 204839, 19799450, 20304825
27, 1, 21
1, 54796, 20389283, 20897828
28, 1, 21
4, 76426, 18931302, 19434555
29, 1, 21
3, 76426, 19529719, 20038325
30, 1, 21
2, 207723, 20304825, 20811054
31, 1, 21
1, 56238, 20897828, 21399624
32, 1, 21
4, 63448, 19434555, 19936264
33, 1, 21
3, 66332, 20038325, 20547831
34, 1, 21
2, 147159, 20811054, 21317992
35, 1, 21
1, 50470, 21399624, 21899917
36, 1, 21
4, 51912, 19936264, 20438507
37, 1, 21
3, 51912, 20547831, 21049577
38, 1, 21
2, 167347, 21317992, 21822887
39, 1, 21
1, 41818, 21899917, 22405186
40, 1, 21
4, 69216, 20438507, 20941232
41, 1, 21
3, 69216, 21049577, 21559581
42, 1, 21
2, 206281, 21822887, 22323923
43, 1, 21
1, 57680, 22405186, 22913814
44, 1, 21
4, 73542, 20941232, 21445349
45, 1, 21
2, 164438, 22323923, 22826019
46, 1, 21
1, 54796, 22913814, 23414259
47, 1, 21
4, 60564, 21445349, 21950042
48, 1, 21
2, 106758, 22826019, 23330903
49, 1, 21
1, 43260, 23414259, 23922826
50, 1, 21
4, 62006, 21950042, 22476445
51, 1, 21
2, 96664, 23330903, 23833957
52, 1, 21
1, 44702, 23922826, 24434187
53, 1, 21
4, 54796, 22476445, 22986178
54, 1, 21
2, 105316, 23833957, 24334529
55, 1, 21
1, 46144, 24434187, 24945974
56, 1, 21
4, 73542, 22986178, 23488372
57, 1, 21
2, 128388, 24334529, 24838614
58, 1, 21
1, 56238, 24945974, 25451485
59, 1, 21
4, 74984, 23488372, 23995993
60, 1, 21
2, 132714, 24838614, 25338753
61, 1, 21
1, 59122, 25451485, 25955877
62, 1, 21
4, 73542, 23995993, 24499619
63, 1, 21
2, 134156, 25338753, 25840559
64, 1, 21
1, 59122, 25955877, 26463260
65, 1, 21
4, 79310, 24499619, 25008208
66, 1, 21
2, 137040, 25840559, 26343631
67, 1, 21
1, 60564, 26463260, 26973764
68, 1, 21
4, 74984, 25008208, 25514994
69, 1, 21
2, 131272, 26343631, 26844150
70, 1, 21
1, 59122, 26973764, 27487190
71, 1, 21
4, 69216, 25514994, 26019519
72, 1, 21
2, 126946, 26844150, 27350767
73, 1, 21
1, 56238, 27487190, 27990361
74, 1, 21
4, 73542, 26019519, 26525285
75, 1, 21
2, 129830, 27350767, 27852536
76, 1, 21
1, 59122, 27990361, 28500278
77, 1, 21
4, 74984, 26525285, 27025989
78, 1, 21
2, 131272, 27852536, 28353640
79, 1, 21
1, 59122, 28500278, 29006113
80, 1, 21
3, 70658, 21559581, 27970431
81, 1, 21
4, 69216, 27025989, 27528792
82, 1, 21
2, 170231, 28353640, 28856767
83, 1, 21
1, 59122, 29006113, 29509214
84, 1, 21
3, 62006, 27970431, 28476840
85, 1, 21
4, 60564, 27528792, 28031134
86, 1, 21
2, 184651, 28856767, 29359435
87, 1, 21
1, 49028, 29509214, 30012108
88, 1, 21
3, 72100, 28476840, 28981788
89, 1, 21
4, 72100, 28031134, 28535891
90, 1, 21
2, 199071, 29359435, 29863532
91, 1, 21
1, 54796, 30012108, 30519209
92, 1, 21
3, 76426, 28981788, 29487919
93, 1, 21
4, 74984, 28535891, 29043115
94, 1, 21
2, 200513, 29863532, 30369578
95, 1, 21
1, 54796, 30519209, 31029579
96, 1, 21
3, 72100, 29487919, 29990629
97, 1, 21
4, 70658, 29043115, 29545151
98, 1, 21
2, 174557, 30369578, 30874876
99, 1, 21
1, 56238, 31029579, 31539641
100, 1, 21
3, 74984, 29990629, 30493699
101, 1, 21
2, 134156, 30874876, 31378584
102, 1, 21
1, 59122, 31539641, 32040115
103, 1, 21
3, 73542, 30493699, 30993806
104, 1, 21
2, 132714, 31378584, 31878727
105, 1, 21
1, 59122, 32040115, 32546799
106, 1, 21
3, 74984, 30993806, 31497032
107, 1, 21
2, 132714, 31878727, 32381716
108, 1, 21
1, 60564, 32546799, 33057364
109, 1, 21
3, 73542, 31497032, 31998751
110, 1, 21
2, 128388, 32381716, 32890842
111, 1, 21
1, 60564, 33057364, 33568243
112, 1, 21
3, 64890, 31998751, 32505100
113, 1, 21
2, 106758, 32890842, 33397633
114, 1, 21
1, 53354, 33568243, 34079164
115, 1, 21
2, 31749, 33397633, 33970420
116, 1, 21
1, 20188, 34079164, 34584980
117, 1, 21
2, 31749, 33970420, 34478652
118, 1, 21
1, 31724, 34584980, 35101237
119, 1, 21
2, 36075, 34478652, 34987750
120, 1, 21
1, 37492, 35101237, 35623149
121, 1, 21
3, 33166, 32505100, 34909394
122, 1, 21
2, 50520, 34987750, 35490011
123, 1, 21
1, 43260, 35623149, 36124065
124, 1, 21
2, 211999, 35490011, 35990062
125, 1, 21
3, 164388, 34909394, 35475417
126, 1, 21
1, 57680, 36124065, 36626247
127, 1, 21
2, 139924, 35990062, 36492641
128, 1, 21
3, 96614, 35475417, 35991484
129, 1, 21
1, 47586, 36626247, 37135140
130, 1, 21
2, 194720, 36492641, 36995384
131, 1, 21
3, 167272, 35991484, 36492356
132, 1, 21
1, 41818, 37135140, 37644740
133, 1, 21
2, 220676, 36995384, 37498060
134, 1, 21
3, 165830, 36492356, 36995586
135, 1, 21
1, 59122, 37644740, 38149096
136, 1, 21
2, 213466, 37498060, 37998523
137, 1, 21
3, 148526, 36995586, 37495849
138, 1, 21
1, 54796, 38149096, 38660073
139, 1, 21
2, 199046, 37998523, 38500258
140, 1, 21
1, 54796, 38660073, 39171087
141, 1, 21
2, 57705, 38500258, 39002937
142, 1, 21
1, 51912, 39171087, 39674071
143, 1, 21
2, 47611, 39002937, 39504890
144, 1, 21
1, 47586, 39674071, 40186437
145, 1, 21
2, 46169, 39504890, 40013282
146, 1, 21
1, 49028, 40186437, 40689859
147, 1, 21
2, 59147, 40013282, 40520827
148, 1, 21
1, 59122, 40689859, 41198965
149, 1, 21
3, 139874, 37495849, 40174198
150, 1, 21
2, 126946, 40520827, 41043311
151, 1, 21
1, 43260, 41198965, 41706818
152, 1, 21
3, 134106, 40174198, 40677441
153, 1, 21
2, 200488, 41043311, 41546613
154, 1, 21
1, 47586, 41706818, 42217227
155, 1, 21
3, 160062, 40677441, 41179693
156, 1, 21
2, 219234, 41546613, 42049227
157, 1, 21
1, 57680, 42217227, 42728933
158, 1, 21
3, 165830, 41179693, 41682124
159, 1, 21
2, 193278, 42049227, 42554882
160, 1, 21
1, 56238, 42728933, 43252204
161, 1, 21
3, 136990, 41682124, 42185923
162, 1, 21
2, 216350, 42554882, 43059285
163, 1, 21
1, 54796, 43252204, 43755642
164, 1, 21
3, 164388, 42185923, 42688424
165, 1, 21
2, 206256, 43059285, 43562938
166, 1, 21
1, 57680, 43755642, 44263294
167, 1, 21
3, 154294, 42688424, 43190116
168, 1, 21
2, 121178, 43562938, 44069379
169, 1, 21
1, 53354, 44263294, 44769436
170, 1, 21
2, 47611, 44069379, 44584340
171, 1, 21
1, 47586, 44769436, 45278527
172, 1, 21
2, 44727, 44584340, 45093626
173, 1, 21
1, 41818, 45278527, 45779598
174, 1, 21
2, 41843, 45093626, 45593727
175, 1, 21
1, 36050, 45779598, 46283184
176, 1, 21
2, 34633, 45593727, 46099381
177, 1, 21
1, 41818, 46283184, 46788225
178, 1, 21
2, 56263, 46099381, 46601448
179, 1, 21
1, 56238, 46788225, 47289300
180, 1, 21
2, 57705, 46601448, 47109198
181, 1, 21
1, 59122, 47289300, 47795160
182, 1, 21
2, 59147, 47109198, 47617535
183, 1, 21
1, 59122, 47795160, 48301747
184, 1, 21
2, 60589, 47617535, 48126935
185, 1, 21
1, 57680, 48301747, 48808949
186, 1, 21
2, 47611, 48126935, 48630949
187, 1, 21
1, 47586, 48808949, 49321673
188, 1, 21
2, 40401, 48630949, 49141237
189, 1, 21
1, 41818, 49321673, 49826697
190, 1, 21
2, 47611, 49141237, 49642457
191, 1, 21
1, 43260, 49826697, 50333134
192, 1, 21
2, 33191, 49642457, 50151581
193, 1, 21
1, 37492, 50333134, 50838137
194, 1, 21
2, 43285, 50151581, 50665187
195, 1, 21
1, 41818, 50838137, 51343459
196, 1, 21
2, 50495, 50665187, 51166170
197, 1, 21
1, 53354, 51343459, 51852915
198, 1, 21
2, 59147, 51166170, 51674915
199, 1, 21
1, 59122, 51852915, 52359702
200, 1, 21
2, 60589, 51674915, 52186423
201, 1, 21
1, 59122, 52359702, 52859922
202, 1, 21
2, 59147, 52186423, 52690476
203, 1, 21
1, 59122, 52859922, 53363793
204, 1, 21
2, 59147, 52690476, 53190718
205, 1, 21
1, 59122, 53363793, 53869136
206, 1, 21
3, 2884, 43190116, 52944005
207, 1, 21
2, 122620, 53190718, 53691097
208, 1, 21
1, 59122, 53869136, 54373942
209, 1, 21
3, 165830, 52944005, 53446326
210, 1, 21
2, 222118, 53691097, 54193657
211, 1, 21
1, 59122, 54373942, 54882844
212, 1, 21
3, 175924, 53446326, 53946669
213, 1, 21
2, 242306, 54193657, 54694375
214, 1, 21
1, 60564, 54882844, 55392637
215, 1, 21
3, 184576, 53946669, 54448704
216, 1, 21
2, 229328, 54694375, 55195051
217, 1, 21
1, 59122, 55392637, 55893558
218, 1, 21
3, 171598, 54448704, 54951699
219, 1, 21
2, 236538, 55195051, 55695970
220, 1, 21
1, 60564, 55893558, 56405703
221, 1, 21
3, 173040, 54951699, 55453257
222, 1, 21
2, 233654, 55695970, 56199284
223, 1, 21
1, 57680, 56405703, 56912175
224, 1, 21
3, 173040, 55453257, 55953437
225, 1, 21
2, 230770, 56199284, 56699929
226, 1, 21
1, 60564, 56912175, 57419776
227, 1, 21
3, 170156, 55953437, 56454655
228, 1, 21
2, 232212, 56699929, 57202165
229, 1, 21
1, 60564, 57419776, 57928654
230, 1, 21
3, 167272, 56454655, 56957894
231, 1, 21
2, 222118, 57202165, 57705011
232, 1, 21
1, 60564, 57928654, 58436446
233, 1, 21
3, 162946, 56957894, 57457960
234, 1, 21
2, 229328, 57705011, 58205020
235, 1, 21
1, 59122, 58436446, 58942537
236, 1, 21
3, 177366, 57457960, 57960526
237, 1, 21
2, 175974, 58205020, 58715934
238, 1, 21
1, 60564, 58942537, 59452340
239, 1, 21
2, 56263, 58715934, 59222004
240, 1, 21
1, 54796, 59452340, 59958143
241, 1, 21
2, 56263, 59222004, 59731238
242, 1, 21
1, 54796, 59958143, 60458913
243, 1, 21
2, 56263, 59731238, 60240714
244, 1, 21
1, 56238, 60458913, 60962006
245, 1, 21
2, 56263, 60240714, 60745399
246, 1, 21
1, 56238, 60962006, 61462867
247, 1, 21
2, 57705, 60745399, 61253740
248, 1, 21
1, 57680, 61462867, 61964332
249, 1, 21
2, 59147, 61253740, 61763762
250, 1, 21
1, 57680, 61964332, 62465298
251, 1, 21
2, 57705, 61763762, 62270733
252, 1, 21
1, 57680, 62465298, 62975804
253, 1, 21
2, 53379, 62270733, 62772371
254, 1, 21
1, 51912, 62975804, 63476848
255, 1, 21
2, 53379, 62772371, 63279480
256, 1, 21
1, 53354, 63476848, 63986859
257, 1, 21
2, 53379, 63279480, 63784976
258, 1, 21
1, 53354, 63986859, 64488389
259, 1, 21
2, 54821, 63784976, 64299406
260, 1, 21
1, 54796, 64488389, 64991616
261, 1, 21
2, 54821, 64299406, 64800575
262, 1, 21
1, 56238, 64991616, 65501271
263, 1, 21
2, 57705, 64800575, 65310484
264, 1, 21
1, 56238, 65501271, 66007125
265, 1, 21
2, 56263, 65310484, 65816154
266, 1, 21
1, 56238, 66007125, 66511617
