0, 2, 21
2, 213416, 5555900, 7567890
1, 213416, 6181801, 8193251
1, 2, 21
2, 222068, 7567890, 15685838
1, 222068, 8193251, 16311266
2, 1, 21
2, 243698, 15685838, 17688854
3, 1, 21
1, 224952, 16311266, 18318219
4, 1, 21
3, 275422, 16999876, 19001961
5, 1, 21
2, 509076, 17688854, 19694370
6, 1, 21
1, 222068, 18318219, 20398919
7, 1, 21
4, 262444, 18426010, 20430187
8, 1, 21
3, 266770, 19001961, 21006535
9, 1, 21
2, 718191, 19694370, 21694765
10, 1, 21
1, 201880, 20398919, 22399470
11, 1, 21
4, 268212, 20430187, 22454635
12, 1, 21
2, 598480, 21694765, 23698634
13, 1, 21
1, 200438, 22399470, 24401400
14, 1, 21
4, 263886, 22454635, 24463726
15, 1, 21
2, 483120, 23698634, 25702689
16, 1, 21
1, 217742, 24401400, 26402255
17, 1, 21
4, 294168, 24463726, 26465235
18, 1, 21
3, 145642, 21006535, 27970603
19, 1, 21
2, 832109, 25702689, 28745246
20, 1, 21
1, 465766, 26402255, 30491613
21, 1, 21
3, 278306, 27970603, 29980364
22, 1, 21
2, 775846, 28745246, 30746348
23, 1, 21
3, 297052, 29980364, 31985183
24, 1, 21
2, 683533, 30746348, 33759971
25, 1, 21
1, 423948, 30491613, 34525543
26, 1, 21
3, 102382, 31985183, 34921430
27, 1, 21
2, 255284, 33759971, 35761321
28, 1, 21
1, 171598, 34525543, 36534726
29, 1, 21
3, 576800, 34921430, 36922828
30, 1, 21
2, 772962, 35761321, 37761646
31, 1, 21
1, 201880, 36534726, 38546345
32, 1, 21
2, 425415, 37761646, 39763085
33, 1, 21
1, 207648, 38546345, 40563262
34, 1, 21
3, 305704, 36922828, 40149794
35, 1, 21
2, 519170, 39763085, 41763181
36, 1, 21
3, 594104, 40149794, 42150295
37, 1, 21
2, 922905, 41763181, 44811358
38, 1, 21
1, 516236, 40563262, 45599109
39, 1, 21
2, 193253, 44811358, 46829870
40, 1, 21
1, 198996, 45599109, 47614167
41, 1, 21
1, 201880, 47614167, 49626498
42, 1, 21
1, 177366, 49626498, 51638383
43, 1, 21
1, 236488, 51638383, 53645287
44, 1, 21
3, 324450, 42150295, 52914391
45, 1, 21
2, 868209, 46829870, 53884029
46, 1, 21
3, 693602, 52914391, 54914626
47, 1, 21
2, 932999, 53884029, 55886493
48, 1, 21
2, 917112, 55886493, 57891299
49, 1, 21
2, 445578, 57891299, 59892564
50, 1, 21
1, 1147832, 53645287, 63653454
