0, 2, 21
2, 72100, 5679906, 6425394
1, 72104, 6279224, 7024609
1, 2, 21
2, 144200, 6425394, 7720695
1, 144204, 7024609, 8317512
2, 2, 21
2, 144200, 7720695, 9004814
1, 144204, 8317512, 9603913
3, 2, 21
2, 217742, 9004814, 17069434
1, 217746, 9603913, 17668609
4, 2, 21
2, 74984, 17069434, 17727130
1, 72104, 17668609, 18326167
5, 2, 21
2, 82194, 17727130, 18041852
1, 36054, 18326167, 18636714
6, 2, 21
2, 43260, 18041852, 18198477
1, 18750, 18636714, 18797268
7, 2, 21
2, 23072, 18198477, 18286227
1, 10098, 18797268, 18885027
8, 2, 21
2, 331660, 18286227, 19689373
1, 144204, 18885027, 20288663
9, 2, 21
2, 272538, 19689373, 20355428
1, 72104, 20288663, 20953714
10, 2, 21
2, 134106, 20355428, 20675661
1, 36054, 20953714, 21274976
11, 2, 21
2, 67774, 20675661, 20844443
1, 18750, 21274976, 21443395
12, 2, 21
2, 497490, 20844443, 22293249
1, 144204, 21443395, 22892138
13, 2, 21
2, 226394, 22293249, 22935940
1, 72104, 22892138, 23534857
14, 2, 21
2, 90846, 22935940, 23377541
1, 36054, 23534857, 23976352
15, 2, 21
2, 43260, 23377541, 23551276
1, 18750, 23976352, 24150269
16, 2, 21
2, 17304, 23551276, 23647304
1, 10098, 24150269, 24246237
17, 2, 21
2, 344638, 23647304, 25197930
1, 144204, 24246237, 25796755
18, 2, 21
2, 330218, 25197930, 26428863
1, 144204, 25796755, 27026625
19, 2, 21
2, 164388, 26428863, 27056075
1, 72104, 27026625, 27653715
20, 2, 21
2, 333102, 27056075, 28334655
1, 144204, 27653715, 28932613
21, 2, 21
2, 452788, 28334655, 29655546
1, 144204, 28932613, 30254369
22, 2, 21
2, 259560, 29655546, 30294712
1, 72104, 30254369, 30893227
23, 2, 21
2, 122570, 30294712, 30602608
1, 36054, 30893227, 31201344
24, 2, 21
2, 348964, 30602608, 31819902
1, 144204, 31201344, 32418742
25, 2, 21
2, 162946, 31819902, 32432320
1, 72104, 32418742, 33030903
26, 2, 21
2, 82194, 32432320, 32738656
1, 36054, 33030903, 33336889
27, 2, 21
2, 232162, 32738656, 34599120
1, 144204, 33336889, 35197408
28, 2, 21
2, 72100, 34599120, 35546794
1, 72104, 35197408, 36145812
29, 2, 21
2, 125454, 35546794, 35853454
1, 36054, 36145812, 36452408
30, 2, 21
2, 80752, 35853454, 36023663
1, 18750, 36452408, 36622513
31, 2, 21
2, 23072, 36023663, 36109588
1, 10098, 36622513, 36707930
32, 2, 21
2, 11536, 36109588, 36157192
1, 5772, 36707930, 36756200
33, 2, 21
2, 568148, 36157192, 37642975
1, 144204, 36756200, 38241573
34, 2, 21
2, 263886, 37642975, 38295138
1, 72104, 38241573, 38893937
35, 2, 21
2, 132664, 38295138, 38622543
1, 36054, 38893937, 39221243
36, 2, 21
2, 144200, 38622543, 40075037
1, 144204, 39221243, 40674022
37, 2, 21
2, 72100, 40075037, 40700036
1, 72104, 40674022, 41297444
38, 2, 21
2, 545076, 40700036, 42144676
1, 144204, 41297444, 42743255
39, 2, 21
2, 262444, 42144676, 42814757
1, 72104, 42743255, 43412828
40, 2, 21
2, 139874, 42814757, 43127986
1, 36054, 43412828, 43725649
41, 2, 21
2, 67774, 43127986, 43288453
1, 18750, 43725649, 43886504
42, 2, 21
2, 315798, 43288453, 44690278
1, 144204, 43886504, 45288597
43, 2, 21
2, 72100, 44690278, 45641791
1, 72104, 45288597, 46240326
44, 2, 21
2, 36050, 45641791, 46094367
1, 36054, 46240326, 46692831
45, 2, 21
2, 144200, 46094367, 47359482
1, 144204, 46692831, 47957495
46, 2, 21
2, 72100, 47359482, 47963558
1, 72104, 47957495, 48561892
47, 2, 21
2, 144200, 47963558, 49578732
1, 144204, 48561892, 50175214
48, 2, 21
2, 144200, 49578732, 51255065
1, 144204, 50175214, 51852804
49, 2, 21
2, 144200, 51255065, 52475430
1, 144204, 51852804, 53074044
50, 2, 21
2, 72100, 52475430, 53086396
1, 72104, 53074044, 53684769
51, 2, 21
2, 387898, 53086396, 54324273
1, 144204, 53684769, 54923083
52, 2, 21
2, 295610, 54324273, 54930042
1, 72104, 54923083, 55528332
53, 2, 21
2, 139874, 54930042, 55237014
1, 36054, 55528332, 55835281
54, 2, 21
2, 575358, 55237014, 56470219
1, 144204, 55835281, 57068964
55, 2, 21
2, 552286, 56470219, 57682979
1, 144204, 57068964, 58281832
56, 2, 21
2, 462882, 57682979, 58915793
1, 144204, 58281832, 59514432
57, 2, 21
2, 144200, 58915793, 60229033
1, 144204, 59514432, 60827097
58, 2, 21
2, 72100, 60229033, 60877395
1, 72104, 60827097, 61475839
59, 2, 21
2, 144200, 60877395, 62134394
1, 144204, 61475839, 62733022
60, 2, 21
2, 144200, 62134394, 63498248
1, 144204, 62733022, 64096850
61, 2, 21
2, 144200, 63498248, 64830731
1, 144204, 64096850, 65427274
