0, 2, 21
2, 213416, 5491378, 7504032
1, 213416, 6040279, 8052302
1, 2, 21
2, 222068, 7504032, 15620347
1, 222068, 8052302, 16169041
2, 2, 21
2, 233604, 15620347, 17627072
1, 224952, 16169041, 18176083
3, 1, 21
3, 279748, 17019211, 19027280
4, 1, 21
2, 513377, 17627072, 19632778
5, 1, 21
1, 213416, 18176083, 20186288
6, 1, 21
4, 268212, 18387705, 20434412
7, 1, 21
3, 266770, 19027280, 21031473
8, 1, 21
2, 728285, 19632778, 21634314
9, 1, 21
1, 207648, 20186288, 22188385
10, 1, 21
4, 268212, 20434412, 22442680
11, 1, 21
2, 599922, 21634314, 23644977
12, 1, 21
1, 200438, 22188385, 24224487
13, 1, 21
4, 275422, 22442680, 24452044
14, 1, 21
2, 496098, 23644977, 25649274
15, 1, 21
1, 217742, 24224487, 26235761
16, 1, 21
4, 301378, 24452044, 26455104
17, 1, 21
2, 533590, 25649274, 27650868
18, 1, 21
1, 233604, 26235761, 28239025
19, 1, 21
3, 141316, 21031473, 27959735
20, 1, 21
4, 279748, 26455104, 28461522
21, 1, 21
2, 659069, 27650868, 29655884
22, 1, 21
1, 223510, 28239025, 30242201
23, 1, 21
3, 281190, 27959735, 29966431
24, 1, 21
2, 660486, 29655884, 31660059
25, 1, 21
1, 236488, 30242201, 32246697
26, 1, 21
3, 298494, 29966431, 31975094
27, 1, 21
2, 418230, 31660059, 33675130
28, 1, 21
1, 191786, 32246697, 34263407
29, 1, 21
3, 98056, 31975094, 34883470
30, 1, 21
2, 243748, 33675130, 35676016
31, 1, 21
1, 165830, 34263407, 36264536
32, 1, 21
3, 576800, 34883470, 36885212
33, 1, 21
2, 777288, 35676016, 37677379
34, 1, 21
1, 201880, 36264536, 38266134
35, 1, 21
2, 432625, 37677379, 39677584
36, 1, 21
1, 206206, 38266134, 40274974
37, 1, 21
3, 305704, 36885212, 40111312
38, 1, 21
2, 510518, 39677584, 41679719
39, 1, 21
1, 209090, 40274974, 42277168
40, 1, 21
3, 595546, 40111312, 42113521
41, 1, 21
2, 839294, 41679719, 43686411
42, 1, 21
1, 222068, 42277168, 44290903
43, 1, 21
2, 165855, 43686411, 45694166
44, 1, 21
1, 165830, 44290903, 46294737
45, 1, 21
2, 232187, 45694166, 47695882
46, 1, 21
1, 232162, 46294737, 48296440
47, 1, 21
2, 167297, 47695882, 49704482
48, 1, 21
1, 167272, 48296440, 50306638
49, 1, 21
2, 211999, 49704482, 51710610
50, 1, 21
1, 211974, 50306638, 52309495
51, 1, 21
3, 323008, 42113521, 52871756
52, 1, 21
2, 330268, 51710610, 53713253
53, 1, 21
1, 235046, 52309495, 54318494
54, 1, 21
3, 697928, 52871756, 54873286
55, 1, 21
2, 937350, 53713253, 55717002
56, 1, 21
1, 235046, 54318494, 56320503
57, 1, 21
3, 684950, 54873286, 56877501
58, 1, 21
2, 915720, 55717002, 57720414
59, 1, 21
1, 237930, 56320503, 58324945
60, 1, 21
2, 480211, 57720414, 59723990
61, 1, 21
1, 226394, 58324945, 60326121
62, 1, 21
2, 229303, 59723990, 61735453
63, 1, 21
1, 227836, 60326121, 62326576
64, 1, 21
2, 213441, 61735453, 63741067
65, 1, 21
1, 213416, 62326576, 64331011
