0, 2, 21
2, 213416, 5612417, 7624280
1, 213416, 6164026, 8175876
1, 2, 21
2, 222068, 7624280, 15739413
1, 222068, 8175876, 16292295
2, 2, 21
2, 250908, 15739413, 17746438
1, 224952, 16292295, 18299208
3, 1, 21
3, 278306, 16997676, 19005369
4, 1, 21
2, 519145, 17746438, 19751015
5, 1, 21
1, 213416, 18299208, 20307492
6, 1, 21
4, 263886, 18411576, 20414007
7, 1, 21
3, 266770, 19005369, 21010951
8, 1, 21
2, 721075, 19751015, 21753794
9, 1, 21
1, 207648, 20307492, 22316291
10, 1, 21
4, 266770, 20414007, 22421382
11, 1, 21
2, 584060, 21753794, 23757672
12, 1, 21
1, 200438, 22316291, 24354656
13, 1, 21
2, 494631, 23757672, 25761755
14, 1, 21
1, 216300, 24354656, 26358764
15, 1, 21
4, 344638, 22421382, 24925076
16, 1, 21
2, 526380, 25761755, 27769995
17, 1, 21
1, 229278, 26358764, 28368434
18, 1, 21
4, 292726, 24925076, 26929424
19, 1, 21
3, 142758, 21010951, 27999043
20, 1, 21
2, 651859, 27769995, 29770626
21, 1, 21
1, 207648, 28368434, 30369003
22, 1, 21
4, 278306, 26929424, 28930511
23, 1, 21
3, 281190, 27999043, 30007036
24, 1, 21
1, 233604, 30369003, 32379652
25, 1, 21
2, 791758, 29770626, 32271105
26, 1, 21
3, 297052, 30007036, 32009011
27, 1, 21
1, 211974, 32379652, 34387830
28, 1, 21
2, 323058, 32271105, 34273820
29, 1, 21
3, 99498, 32009011, 34930764
30, 1, 21
1, 145642, 34387830, 36397946
31, 1, 21
2, 390832, 34273820, 36274191
32, 1, 21
3, 568148, 34930764, 36933750
33, 1, 21
1, 198996, 36397946, 38405884
34, 1, 21
2, 780172, 36274191, 38274971
35, 1, 21
2, 289842, 38274971, 40285662
36, 1, 21
1, 262444, 38405884, 40911298
37, 1, 21
3, 314356, 36933750, 40186153
38, 1, 21
2, 676348, 40285662, 42297132
39, 1, 21
3, 595546, 40186153, 42187519
40, 1, 21
1, 334544, 40911298, 44042933
41, 1, 21
2, 667696, 42297132, 44304040
42, 1, 21
1, 213416, 44042933, 46436118
43, 1, 21
2, 171623, 44304040, 46312285
44, 1, 21
1, 223510, 46436118, 48439444
45, 1, 21
2, 272563, 46312285, 48814874
46, 1, 21
1, 175924, 48439444, 50440114
47, 1, 21
1, 201880, 50440114, 52443259
48, 1, 21
2, 386506, 48814874, 52723535
49, 1, 21
3, 323008, 42187519, 52945071
50, 1, 21
1, 235046, 52443259, 54451880
51, 1, 21
2, 650392, 52723535, 54726421
52, 1, 21
3, 689276, 52945071, 54947052
53, 1, 21
1, 288400, 54451880, 56962344
54, 1, 21
2, 908510, 54726421, 56727492
55, 1, 21
3, 660436, 54947052, 56947912
56, 1, 21
2, 927231, 56727492, 59232481
57, 1, 21
1, 366268, 56962344, 60096793
58, 1, 21
2, 223535, 59232481, 61234174
59, 1, 21
2, 222068, 61234174, 63242740
60, 1, 21
1, 674856, 60096793, 66211148
61, 1, 21
2, 274005, 63242740, 65749147
