0, 2, 21
2, 72100, 5648617, 6394332
1, 72104, 6227343, 6972943
1, 2, 21
2, 144200, 6394332, 7686625
1, 144204, 6972943, 8265148
2, 2, 21
2, 144200, 7686625, 8973103
1, 144204, 8265148, 9551699
3, 2, 21
2, 217742, 8973103, 17034389
1, 217746, 9551699, 17612987
4, 2, 21
2, 80752, 17034389, 17691541
1, 72104, 17612987, 18270175
5, 2, 21
2, 82194, 17691541, 18002053
1, 36054, 18270175, 18580643
6, 2, 21
2, 43260, 18002053, 18162486
1, 18750, 18580643, 18741032
7, 2, 21
2, 21630, 18162486, 18249965
1, 10098, 18741032, 18828637
8, 2, 21
2, 334544, 18249965, 19652156
1, 144204, 18828637, 20230779
9, 2, 21
2, 269654, 19652156, 20317449
1, 72104, 20230779, 20895584
10, 2, 21
2, 132664, 20317449, 20639671
1, 36054, 20895584, 21216976
11, 2, 21
2, 69216, 20639671, 20806746
1, 18750, 21216976, 21385257
12, 2, 21
2, 497490, 20806746, 22254272
1, 144204, 21385257, 22832868
13, 2, 21
2, 223510, 22254272, 22898702
1, 72104, 22832868, 23477205
14, 2, 21
2, 90846, 22898702, 23341191
1, 36054, 23477205, 23918868
15, 2, 21
2, 43260, 23341191, 23513852
1, 18750, 23918868, 24091360
16, 2, 21
2, 17304, 23513852, 23610418
1, 10098, 24091360, 24187764
17, 2, 21
2, 328776, 23610418, 25120404
1, 144204, 24187764, 25698674
18, 2, 21
2, 315798, 25120404, 26341107
1, 144204, 25698674, 26919430
19, 2, 21
2, 160062, 26341107, 26959158
1, 72104, 26919430, 27537317
20, 2, 21
2, 325892, 26959158, 28202287
1, 144204, 27537317, 28780631
21, 2, 21
2, 462882, 28202287, 29552023
1, 144204, 28780631, 30130310
22, 2, 21
2, 265328, 29552023, 30223754
1, 72104, 30130310, 30801752
23, 2, 21
2, 128338, 30223754, 30539575
1, 36054, 30801752, 31117645
24, 2, 21
2, 374920, 30539575, 31783539
1, 144204, 31117645, 32362031
25, 2, 21
2, 162946, 31783539, 32402591
1, 72104, 32362031, 32980786
26, 2, 21
2, 83636, 32402591, 32708591
1, 36054, 32980786, 33287081
27, 2, 21
2, 224952, 32708591, 34586841
1, 144204, 33287081, 35165375
28, 2, 21
2, 82194, 34586841, 35535245
1, 72104, 35165375, 36113779
29, 2, 21
2, 138432, 35535245, 35842431
1, 36054, 36113779, 36420421
30, 2, 21
2, 69216, 35842431, 36012033
1, 18750, 36420421, 36590444
31, 2, 21
2, 21630, 36012033, 36097885
1, 10098, 36590444, 36675835
32, 2, 21
2, 17304, 36097885, 36145777
1, 5772, 36675835, 36724115
33, 2, 21
2, 572474, 36145777, 37630438
1, 144204, 36724115, 38208732
34, 2, 21
2, 261002, 37630438, 38282363
1, 72104, 38208732, 38860276
35, 2, 21
2, 112476, 38282363, 38609058
1, 36054, 38860276, 39187278
36, 2, 21
2, 144200, 38609058, 40058708
1, 144204, 39187278, 40636936
37, 2, 21
2, 72100, 40058708, 40679854
1, 72104, 40636936, 41258195
38, 2, 21
2, 568148, 40679854, 42125070
1, 144204, 41258195, 42701722
39, 2, 21
2, 261002, 42125070, 42791973
1, 72104, 42701722, 43370260
40, 2, 21
2, 141316, 42791973, 43104694
1, 36054, 43370260, 43682646
41, 2, 21
2, 70658, 43104694, 43265501
1, 18750, 43682646, 43843418
42, 2, 21
2, 292726, 43265501, 44663949
1, 144204, 43843418, 45242341
43, 2, 21
2, 72100, 44663949, 45615040
1, 72104, 45242341, 46193402
44, 2, 21
2, 36050, 45615040, 46067291
1, 36054, 46193402, 46645549
45, 2, 21
2, 144200, 46067291, 47327432
1, 144204, 46645549, 47905566
46, 2, 21
2, 72100, 47327432, 47929702
1, 72104, 47905566, 48508031
47, 2, 21
2, 144200, 47929702, 49518360
1, 144204, 48508031, 50096522
48, 2, 21
2, 144200, 49518360, 51182623
1, 144204, 50096522, 51760893
49, 2, 21
2, 144200, 51182623, 52402182
1, 144204, 51760893, 52980198
50, 2, 21
2, 72100, 52402182, 53012238
1, 72104, 52980198, 53590301
51, 2, 21
2, 396550, 53012238, 54249913
1, 144204, 53590301, 54827655
52, 2, 21
2, 292726, 54249913, 54854064
1, 72104, 54827655, 55432241
53, 2, 21
2, 141316, 54854064, 55160479
1, 36054, 55432241, 55738717
54, 2, 21
2, 573916, 55160479, 56394107
1, 144204, 55738717, 56971749
55, 2, 21
2, 555170, 56394107, 57605283
1, 144204, 56971749, 58183257
56, 2, 21
2, 454230, 57605283, 58830299
1, 144204, 58183257, 59408774
57, 2, 21
2, 144200, 58830299, 60137658
1, 144204, 59408774, 60716193
58, 2, 21
2, 72100, 60137658, 60786165
1, 72104, 60716193, 61364760
59, 2, 21
2, 144200, 60786165, 62039015
1, 144204, 61364760, 62617028
60, 2, 21
2, 144200, 62039015, 63400855
1, 144204, 62617028, 63978946
61, 2, 21
2, 144200, 63400855, 64730405
1, 144204, 63978946, 65308432
