0, 2, 21
2, 211974, 5585525, 7589986
1, 211974, 6165363, 8169412
1, 2, 21
2, 223510, 7589986, 15720652
1, 223510, 8169412, 16299536
2, 2, 21
2, 239372, 15720652, 17722850
1, 223510, 16299536, 18302083
3, 1, 21
3, 263886, 17035236, 19038307
4, 1, 21
2, 488863, 17722850, 19724128
5, 1, 21
1, 213416, 18302083, 20314251
6, 1, 21
3, 248024, 19038307, 21052134
7, 1, 21
4, 236488, 18448533, 20470967
8, 1, 21
2, 676373, 19724128, 21724533
9, 1, 21
1, 207648, 20314251, 22326441
10, 1, 21
4, 258118, 20470967, 22475037
11, 1, 21
2, 630204, 21724533, 23725925
12, 1, 21
1, 200438, 22326441, 24346276
13, 1, 21
4, 245140, 22475037, 24477796
14, 1, 21
2, 454280, 23725925, 25731854
15, 1, 21
1, 210532, 24346276, 26348740
16, 1, 21
4, 298494, 24477796, 26481979
17, 1, 21
2, 532148, 25731854, 27738001
18, 1, 21
1, 233604, 26348740, 28360459
19, 1, 21
3, 175924, 21052134, 28311654
20, 1, 21
4, 282632, 26481979, 28483915
21, 1, 21
2, 618693, 27738001, 29738821
22, 1, 21
1, 223510, 28360459, 30364676
23, 1, 21
3, 276864, 28311654, 30313788
24, 1, 21
2, 718166, 29738821, 31740956
25, 1, 21
1, 232162, 30364676, 32370007
26, 1, 21
3, 292726, 30313788, 32319877
27, 1, 21
2, 478794, 31740956, 33749710
28, 1, 21
1, 201880, 32370007, 34508728
29, 1, 21
2, 149993, 33749710, 35759786
30, 1, 21
3, 108150, 32319877, 35293839
31, 1, 21
1, 161504, 34508728, 36511913
32, 1, 21
2, 741238, 35759786, 37763581
33, 1, 21
3, 576800, 35293839, 37297886
34, 1, 21
1, 200438, 36511913, 38519652
35, 1, 21
2, 543684, 37763581, 39768348
36, 1, 21
1, 201880, 38519652, 40531503
37, 1, 21
3, 305704, 37297886, 40527386
38, 1, 21
2, 390832, 39768348, 41771642
39, 1, 21
1, 210532, 40531503, 42542333
40, 1, 21
3, 595546, 40527386, 42531149
41, 1, 21
2, 852272, 41771642, 43771931
42, 1, 21
1, 222068, 42542333, 44553899
43, 1, 21
2, 279773, 43771931, 45780628
44, 1, 21
1, 168714, 44553899, 46582849
45, 1, 21
2, 220651, 45780628, 47785367
46, 1, 21
1, 230720, 46582849, 48583440
47, 1, 21
2, 181717, 47785367, 49796648
48, 1, 21
1, 170156, 48583440, 50601223
49, 1, 21
2, 197579, 49796648, 51805710
50, 1, 21
1, 209090, 50601223, 52605012
51, 1, 21
2, 235071, 51805710, 53813624
52, 1, 21
3, 323008, 42531149, 53289783
53, 1, 21
1, 235046, 52605012, 54613282
54, 1, 21
2, 912836, 53813624, 55815965
55, 1, 21
3, 696486, 53289783, 55292913
56, 1, 21
1, 235046, 54613282, 56616920
57, 1, 21
2, 920046, 55815965, 57815987
58, 1, 21
3, 683508, 55292913, 57295102
59, 1, 21
1, 236488, 56616920, 58617639
60, 1, 21
2, 595596, 57815987, 59818745
61, 1, 21
1, 227836, 58617639, 60629177
62, 1, 21
2, 227861, 59818745, 61824656
63, 1, 21
1, 227836, 60629177, 62632646
64, 1, 21
2, 214883, 61824656, 63835050
65, 1, 21
1, 213416, 62632646, 64639016
66, 1, 21
2, 222093, 63835050, 65844561
