0, 2, 21
2, 158620, 4532280, 6037041
1, 158620, 5140526, 6645027
1, 2, 21
2, 276864, 6037041, 14660116
1, 276864, 6645027, 15267352
2, 2, 21
2, 170156, 14660116, 16167224
1, 170156, 15267352, 16775851
3, 2, 21
2, 312914, 16167224, 17667777
1, 167272, 16775851, 18276021
4, 1, 21
3, 200438, 15995728, 17498839
5, 1, 21
2, 465791, 17667777, 19171461
6, 1, 21
1, 245140, 18276021, 19780310
7, 1, 21
3, 223510, 17498839, 19008728
8, 2, 21
2, 511960, 19171461, 20681147
1, 330218, 19780310, 21289774
9, 1, 21
3, 181692, 19008728, 20510433
10, 2, 21
2, 500399, 20681147, 22189480
1, 361942, 21289774, 22797607
11, 1, 21
2, 327334, 22189480, 23690086
12, 1, 21
1, 328776, 22797607, 24304993
13, 1, 21
2, 402343, 23690086, 25195965
14, 1, 21
1, 402318, 24304993, 25810324
15, 1, 21
3, 82194, 20510433, 26999051
16, 1, 21
2, 680674, 25195965, 27714083
17, 1, 21
1, 908460, 25810324, 29383423
18, 1, 21
3, 206206, 26999051, 28502924
19, 1, 21
2, 573966, 27714083, 29215727
20, 1, 21
3, 220626, 28502924, 30004981
21, 1, 21
2, 462907, 29215727, 30722706
22, 1, 21
1, 369152, 29383423, 31393569
23, 2, 21
2, 435509, 30722706, 32833485
1, 196112, 31393569, 33441604
24, 1, 21
2, 106708, 32833485, 34334936
25, 1, 21
3, 250908, 30004981, 33955064
26, 1, 21
1, 164388, 33441604, 35444779
27, 1, 21
2, 483120, 34334936, 35835366
28, 1, 21
3, 406644, 33955064, 35457197
29, 1, 21
1, 203322, 35444779, 37457753
30, 1, 21
2, 648950, 35835366, 37336133
31, 1, 21
3, 470092, 35457197, 36957711
32, 1, 21
2, 214883, 37336133, 38836640
33, 1, 21
3, 5768, 36957711, 39191304
34, 1, 21
2, 307171, 38836640, 40337530
35, 1, 21
3, 458556, 39191304, 40691444
36, 1, 21
2, 633063, 40337530, 41838332
37, 1, 21
2, 501816, 41838332, 43886437
38, 1, 21
1, 728210, 37457753, 44506078
39, 1, 21
1, 134106, 44506078, 46009851
40, 1, 21
2, 193278, 43886437, 45907694
41, 1, 21
1, 175924, 46009851, 47522009
42, 1, 21
1, 132664, 47522009, 49027248
43, 1, 21
1, 129780, 49027248, 50551001
44, 1, 21
1, 177366, 50551001, 52053827
45, 1, 21
3, 459998, 40691444, 51952705
46, 1, 21
2, 876861, 45907694, 52951808
47, 1, 21
3, 526330, 51952705, 53454815
48, 1, 21
2, 709489, 52951808, 54452436
49, 1, 21
2, 684950, 54452436, 55953680
50, 1, 21
2, 686392, 55953680, 57457695
51, 1, 21
2, 197554, 57457695, 58958391
52, 1, 21
1, 1152158, 52053827, 62058105
