0, 2, 21
2, 72100, 4614519, 5358159
1, 72104, 5160755, 5908239
1, 2, 21
2, 144200, 5358159, 6655351
1, 144204, 5908239, 7205334
2, 2, 21
2, 144200, 6655351, 7948887
1, 144204, 7205334, 8498627
3, 2, 21
2, 217742, 7948887, 16013603
1, 217746, 8498627, 16563192
4, 2, 21
2, 87962, 16013603, 16670596
1, 72104, 16563192, 17220314
5, 2, 21
2, 82194, 16670596, 16980531
1, 36054, 17220314, 17530556
6, 2, 21
2, 43260, 16980531, 17140807
1, 18750, 17530556, 17690866
7, 2, 21
2, 23072, 17140807, 17228555
1, 10098, 17690866, 17778676
8, 2, 21
2, 337428, 17228555, 18631355
1, 154298, 17778676, 19181526
9, 2, 21
2, 266770, 18631355, 19296575
1, 168718, 19181526, 19846699
10, 2, 21
2, 134106, 19296575, 19618222
1, 85082, 19846699, 20168178
11, 2, 21
2, 66332, 19618222, 19786555
1, 40380, 20168178, 20336513
12, 2, 21
2, 491722, 19786555, 21234948
1, 318686, 20336513, 21784784
13, 2, 21
2, 222068, 21234948, 21877459
1, 164392, 21784784, 22427107
14, 2, 21
2, 89404, 21877459, 22323503
1, 89408, 22427107, 22868148
15, 2, 21
2, 43260, 22323503, 22490995
1, 43264, 22868148, 23040752
16, 2, 21
2, 17304, 22490995, 22586891
1, 17308, 23040752, 23136406
17, 2, 21
2, 333102, 22586891, 24072461
1, 333106, 23136406, 24621350
18, 2, 21
2, 327334, 24072461, 25292862
1, 327338, 24621350, 25842599
19, 2, 21
2, 162946, 25292862, 25912064
1, 162950, 25842599, 26460895
20, 2, 21
2, 325892, 25912064, 27156078
1, 325896, 26460895, 27705002
21, 2, 21
2, 439810, 27156078, 28460609
1, 323012, 27705002, 29009568
22, 2, 21
2, 255234, 28460609, 29099208
1, 162950, 29009568, 29648455
23, 2, 21
2, 125454, 29099208, 29406658
1, 80756, 29648455, 29956468
24, 2, 21
2, 367710, 29406658, 30623841
1, 188906, 29956468, 31173769
25, 2, 21
2, 162946, 30623841, 31237511
1, 72104, 31173769, 31786145
26, 2, 21
2, 80752, 31237511, 31542847
1, 36054, 31786145, 32091891
27, 2, 21
2, 253792, 31542847, 33402798
1, 144204, 32091891, 33952635
28, 2, 21
2, 72100, 33402798, 34352387
1, 72104, 33952635, 34902220
29, 2, 21
2, 77868, 34352387, 34659641
1, 36054, 34902220, 35208813
30, 2, 21
2, 77868, 34659641, 34829983
1, 18750, 35208813, 35378877
31, 2, 21
2, 40376, 34829983, 34915528
1, 10098, 35378877, 35464437
32, 2, 21
2, 24514, 34915528, 34963372
1, 5772, 35464437, 35512637
33, 2, 21
2, 543634, 34963372, 36448700
1, 144204, 35512637, 36998044
34, 2, 21
2, 266770, 36448700, 37100383
1, 72104, 36998044, 37649734
35, 2, 21
2, 135548, 37100383, 37427418
1, 36054, 37649734, 37976907
36, 2, 21
2, 181692, 37427418, 38878256
1, 144204, 37976907, 39427405
37, 2, 21
2, 72100, 38878256, 39499374
1, 72104, 39427405, 40049008
38, 2, 21
2, 498932, 39499374, 40943460
1, 144204, 40049008, 41493207
39, 2, 21
2, 266770, 40943460, 41612188
1, 72104, 41493207, 42162044
40, 2, 21
2, 135548, 41612188, 41925361
1, 36054, 42162044, 42474989
41, 2, 21
2, 72100, 41925361, 42086754
1, 18750, 42474989, 42635745
42, 2, 21
2, 360500, 42086754, 43486875
1, 144204, 42635745, 44036144
43, 2, 21
2, 72100, 43486875, 44438181
1, 72104, 44036144, 44987453
44, 2, 21
2, 36050, 44438181, 44890618
1, 36054, 44987453, 45440036
45, 2, 21
2, 144200, 44890618, 46151109
1, 144204, 45440036, 46700651
46, 2, 21
2, 72100, 46151109, 46754450
1, 72104, 46700651, 47303755
47, 2, 21
2, 144200, 46754450, 48343397
1, 144204, 47303755, 48893026
48, 2, 21
2, 144200, 48343397, 50010531
1, 144204, 48893026, 50560289
49, 2, 21
2, 144200, 50010531, 51230813
1, 144204, 50560289, 51780429
50, 2, 21
2, 72100, 51230813, 51841236
1, 72104, 51780429, 52390742
51, 2, 21
2, 325892, 51841236, 53079804
1, 144204, 52390742, 53628973
52, 2, 21
2, 289842, 53079804, 53684104
1, 72104, 53628973, 54233965
53, 2, 21
2, 149968, 53684104, 53991220
1, 36054, 54233965, 54540435
54, 2, 21
2, 566706, 53991220, 55225108
1, 144204, 54540435, 55774101
55, 2, 21
2, 555170, 55225108, 56437958
1, 144204, 55774101, 56986583
56, 2, 21
2, 523446, 56437958, 57662673
1, 144204, 56986583, 58212536
57, 2, 21
2, 144200, 57662673, 58970755
1, 144204, 58212536, 59520585
58, 2, 21
2, 72100, 58970755, 59614674
1, 72104, 59520585, 60164496
59, 2, 21
2, 144200, 59614674, 60868172
1, 144204, 60164496, 61417961
60, 2, 21
2, 144200, 60868172, 62230594
1, 144204, 61417961, 62780680
61, 2, 21
2, 144200, 62230594, 63561229
1, 144204, 62780680, 64110989
