0, 2, 21
2, 158620, 4559864, 6061066
1, 158620, 5123589, 6627092
1, 2, 21
2, 165830, 6061066, 7567043
1, 165830, 6627092, 8133240
2, 2, 21
2, 111034, 7567043, 14681299
1, 111034, 8133240, 15247309
3, 2, 21
2, 170156, 14681299, 16190318
1, 170156, 15247309, 16756254
4, 2, 21
2, 314356, 16190318, 17692584
1, 167272, 16756254, 18258202
5, 1, 21
3, 198996, 15964135, 17465416
6, 2, 21
2, 475885, 17692584, 19194339
1, 250908, 18258202, 19760036
7, 1, 21
3, 227836, 17465416, 18969686
8, 2, 21
2, 520587, 19194339, 20696661
1, 335986, 19760036, 21262125
9, 1, 21
3, 186018, 18969686, 20478106
10, 2, 21
2, 490305, 20696661, 22198616
1, 360500, 21262125, 22763971
11, 2, 21
2, 327334, 22198616, 23705554
1, 327334, 22763971, 24270220
12, 2, 21
2, 403760, 23705554, 25210331
1, 403760, 24270220, 25775254
13, 2, 21
2, 395108, 25210331, 26711322
1, 395108, 25775254, 27276143
14, 1, 21
3, 74984, 20478106, 26914846
15, 2, 21
2, 470117, 26711322, 28218902
1, 374920, 27276143, 28783098
16, 1, 21
3, 209090, 26914846, 28422431
17, 2, 21
2, 585477, 28218902, 29722719
1, 366268, 28783098, 30287648
18, 1, 21
3, 222068, 28422431, 29932852
19, 1, 21
2, 400901, 29722719, 31231910
20, 1, 21
1, 178808, 30287648, 31800823
21, 1, 21
3, 213416, 29932852, 31441049
22, 2, 21
2, 289892, 31231910, 32871123
1, 148526, 31800823, 33436352
23, 2, 21
2, 106708, 32871123, 34374350
1, 106708, 33436352, 34939468
24, 1, 21
3, 33166, 31441049, 33844677
25, 1, 21
2, 533565, 34374350, 35876631
26, 1, 21
1, 145642, 34939468, 36446656
27, 1, 21
3, 408086, 33844677, 35345618
28, 1, 21
2, 640298, 35876631, 37378950
29, 1, 21
1, 170156, 36446656, 37954221
30, 1, 21
3, 468650, 35345618, 36846893
31, 2, 21
2, 174532, 37378950, 38888883
1, 149968, 37954221, 39454433
32, 1, 21
3, 5768, 36846893, 39080278
33, 1, 21
2, 356199, 38888883, 40389764
34, 1, 21
1, 151410, 39454433, 40964404
35, 1, 21
3, 458556, 39080278, 40583772
36, 1, 21
2, 631646, 40389764, 41893220
37, 1, 21
1, 170156, 40964404, 42476326
38, 1, 21
3, 455672, 40583772, 42087555
39, 1, 21
2, 408136, 41893220, 43404978
40, 1, 21
1, 157178, 42476326, 43983565
41, 1, 21
2, 119711, 43404978, 44911193
42, 1, 21
1, 119686, 43983565, 45492203
43, 1, 21
2, 173065, 44911193, 46419845
44, 1, 21
1, 173040, 45492203, 46998024
45, 1, 21
2, 147109, 46419845, 47929488
46, 1, 21
1, 147084, 46998024, 48507947
47, 1, 21
2, 122595, 47929488, 49440505
48, 1, 21
1, 122570, 48507947, 50019689
49, 1, 21
2, 170181, 49440505, 50946805
50, 1, 21
1, 170156, 50019689, 51525240
51, 1, 21
3, 4326, 42087555, 51845534
52, 1, 21
2, 180300, 50946805, 52449531
53, 1, 21
1, 175924, 51525240, 53028980
54, 1, 21
3, 526330, 51845534, 53349036
55, 1, 21
2, 705188, 52449531, 53952127
56, 1, 21
1, 177366, 53028980, 54535648
57, 1, 21
3, 517678, 53349036, 54850105
58, 1, 21
2, 693652, 53952127, 55452893
59, 1, 21
1, 175924, 54535648, 56035896
60, 1, 21
3, 500374, 54850105, 56351163
61, 1, 21
2, 677790, 55452893, 56954408
62, 1, 21
1, 177366, 56035896, 57536131
63, 1, 21
2, 350431, 56954408, 58460789
64, 1, 21
1, 171598, 57536131, 59041349
65, 1, 21
2, 168739, 58460789, 59970088
66, 1, 21
1, 168714, 59041349, 60548748
67, 2, 21
2, 170181, 59970088, 61484294
1, 168714, 60548748, 62050547
68, 2, 21
2, 160062, 61484294, 62989546
1, 160062, 62050547, 63555334
69, 2, 21
2, 167272, 62989546, 64498740
1, 167272, 63555334, 65064913
