0, 2, 21
2, 100940, 4582176, 5587219
1, 100940, 5192341, 6197072
1, 2, 21
2, 111034, 5587219, 6588882
1, 111034, 6197072, 7198514
2, 2, 21
2, 112476, 6588882, 7600654
1, 112476, 7198514, 8210709
3, 2, 21
2, 111034, 7600654, 14716725
1, 111034, 8210709, 15326026
4, 2, 21
2, 113918, 14716725, 15725938
1, 113918, 15326026, 16335834
5, 1, 21
2, 119686, 15725938, 16727837
6, 1, 21
1, 112476, 16335834, 17346643
7, 1, 21
3, 141316, 16102330, 17107754
8, 1, 21
2, 246632, 16727837, 17756165
9, 1, 21
3, 138432, 17107754, 18115891
10, 1, 21
1, 233604, 17346643, 19355680
11, 1, 21
2, 271146, 17756165, 18756724
12, 1, 21
3, 149968, 18115891, 19122765
13, 1, 21
1, 249466, 19355680, 20362589
14, 1, 21
2, 398042, 18756724, 19759799
15, 1, 21
3, 118244, 19122765, 20130904
16, 1, 21
2, 314381, 19759799, 20772653
17, 1, 21
1, 206206, 20362589, 21394498
18, 1, 21
3, 136990, 20130904, 21134014
19, 1, 21
2, 386506, 20772653, 21776044
20, 1, 21
1, 252350, 21394498, 22403470
21, 1, 21
2, 213441, 21776044, 22779272
22, 1, 21
1, 210532, 22403470, 23421399
23, 1, 21
1, 223510, 23421399, 24422635
24, 1, 21
2, 483120, 22779272, 24784875
25, 1, 21
1, 265328, 24422635, 25423299
26, 1, 21
1, 530656, 25423299, 27423793
27, 1, 21
3, 2884, 21134014, 27080437
28, 1, 21
2, 811921, 24784875, 27790500
29, 1, 21
3, 132664, 27080437, 28084640
30, 1, 21
2, 369177, 27790500, 28793530
31, 1, 21
3, 145642, 28084640, 29091318
32, 1, 21
2, 403785, 28793530, 29796574
33, 1, 21
3, 149968, 29091318, 30096804
34, 1, 21
2, 282657, 29796574, 30800796
35, 1, 21
1, 885388, 27423793, 31435899
36, 2, 21
2, 428299, 30800796, 32855214
1, 194670, 31435899, 33464644
37, 1, 21
2, 66332, 32855214, 33858989
38, 1, 21
3, 249466, 30096804, 34042388
39, 1, 21
2, 175949, 33858989, 34861130
40, 1, 21
1, 164388, 33464644, 35470723
41, 1, 21
3, 250908, 34042388, 35044082
42, 1, 21
2, 321591, 34861130, 35861384
43, 1, 21
3, 325892, 35044082, 36045446
44, 1, 21
2, 454255, 35861384, 36861953
45, 1, 21
1, 203322, 35470723, 37483953
46, 1, 21
3, 302820, 36045446, 37047647
47, 1, 21
2, 337478, 36861953, 37863688
48, 2, 21
2, 96614, 37863688, 38875502
1, 204764, 37483953, 39484786
49, 1, 21
3, 2884, 37047647, 39273153
50, 1, 21
3, 294168, 39273153, 40275431
51, 1, 21
2, 511960, 38875502, 40876099
52, 1, 21
2, 410970, 40876099, 41877070
53, 1, 21
3, 621502, 40275431, 42278336
54, 1, 21
2, 516261, 41877070, 43896331
55, 1, 21
1, 523446, 39484786, 44533697
56, 1, 21
1, 77868, 44533697, 45546044
57, 1, 21
2, 191836, 43896331, 45907604
58, 1, 21
1, 115360, 45546044, 46554842
59, 1, 21
2, 204789, 45907604, 47911692
60, 1, 21
1, 204764, 46554842, 48559258
61, 1, 21
1, 79310, 48559258, 49560277
62, 1, 21
1, 95172, 49560277, 50577769
63, 1, 21
1, 118244, 50577769, 51577937
64, 1, 21
3, 2884, 42278336, 52032158
65, 1, 21
2, 647583, 47911692, 52965113
66, 1, 21
3, 325892, 52032158, 53032656
67, 1, 21
2, 438393, 52965113, 53967238
68, 1, 21
2, 419622, 53967238, 54969922
69, 1, 21
2, 447020, 54969922, 55970068
70, 1, 21
3, 960372, 53032656, 56039368
71, 1, 21
2, 895507, 55970068, 57974817
72, 1, 21
2, 111034, 57974817, 58980248
73, 1, 21
1, 1159368, 51577937, 61578693
74, 1, 21
2, 227861, 58980248, 60981907
