0, 2, 21
2, 72100, 4594063, 5343072
1, 72104, 5205225, 5954191
1, 2, 21
2, 144200, 5343072, 6641068
1, 144204, 5954191, 7252059
2, 2, 21
2, 144200, 6641068, 7933460
1, 144204, 7252059, 8544972
3, 2, 21
2, 217742, 7933460, 15999754
1, 217746, 8544972, 16611014
4, 2, 21
2, 87962, 15999754, 16657198
1, 72104, 16611014, 17268594
5, 2, 21
2, 83636, 16657198, 16967517
1, 36054, 17268594, 17578998
6, 2, 21
2, 41818, 16967517, 17127471
1, 18750, 17578998, 17739115
7, 2, 21
2, 23072, 17127471, 17215422
1, 10098, 17739115, 17826878
8, 2, 21
2, 343196, 17215422, 18619101
1, 154298, 17826878, 19229373
9, 2, 21
2, 263886, 18619101, 19282842
1, 170160, 19229373, 19894613
10, 2, 21
2, 134106, 19282842, 19604149
1, 86524, 19894613, 20215875
11, 2, 21
2, 70658, 19604149, 19773842
1, 43264, 20215875, 20384492
12, 2, 21
2, 493164, 19773842, 21221834
1, 321570, 20384492, 21833496
13, 2, 21
2, 211974, 21221834, 21864862
1, 155740, 21833496, 22476326
14, 2, 21
2, 98056, 21864862, 22306792
1, 98060, 22476326, 22917551
15, 2, 21
2, 41818, 22306792, 22480469
1, 41822, 22917551, 23091010
16, 2, 21
2, 11536, 22480469, 22575212
1, 11540, 23091010, 23185933
17, 2, 21
2, 343196, 22575212, 24062786
1, 343200, 23185933, 24674131
18, 2, 21
2, 331660, 24062786, 25301556
1, 331664, 24674131, 25909994
19, 2, 21
2, 164388, 25301556, 25918013
1, 162950, 25909994, 26528401
20, 2, 21
2, 327334, 25918013, 27163452
1, 327338, 26528401, 27774306
21, 2, 21
2, 452788, 27163452, 28486200
1, 321570, 27774306, 29097074
22, 2, 21
2, 259560, 28486200, 29124342
1, 167276, 29097074, 29735764
23, 2, 21
2, 124012, 29124342, 29433451
1, 79314, 29735764, 30043914
24, 2, 21
2, 347522, 29433451, 30649866
1, 168718, 30043914, 31261153
25, 2, 21
2, 164388, 30649866, 31261592
1, 72104, 31261153, 31872868
26, 2, 21
2, 80752, 31261592, 31567099
1, 36054, 31872868, 32178481
27, 2, 21
2, 237930, 31567099, 33428347
1, 144204, 32178481, 34039478
28, 2, 21
2, 72100, 33428347, 34378383
1, 72104, 34039478, 34989448
29, 2, 21
2, 112476, 34378383, 34684660
1, 36054, 34989448, 35295919
30, 2, 21
2, 80752, 34684660, 34855578
1, 18750, 35295919, 35466122
31, 2, 21
2, 36050, 34855578, 34941285
1, 10098, 35466122, 35551657
32, 2, 21
2, 5768, 34941285, 34989586
1, 5772, 35551657, 35600031
33, 2, 21
2, 565264, 34989586, 36481132
1, 144204, 35600031, 37092013
34, 2, 21
2, 263886, 36481132, 37143101
1, 72104, 37092013, 37752885
35, 2, 21
2, 139874, 37143101, 37469085
1, 36054, 37752885, 38079763
36, 2, 21
2, 144200, 37469085, 38920404
1, 144204, 38079763, 39531936
37, 2, 21
2, 72100, 38920404, 39543053
1, 72104, 39531936, 40154306
38, 2, 21
2, 537866, 39543053, 40987562
1, 144204, 40154306, 41598977
39, 2, 21
2, 266770, 40987562, 41656849
1, 72104, 41598977, 42268032
40, 2, 21
2, 135548, 41656849, 41970224
1, 36054, 42268032, 42580727
41, 2, 21
2, 70658, 41970224, 42130032
1, 18750, 42580727, 42741486
42, 2, 21
2, 321566, 42130032, 43529118
1, 144204, 42741486, 44140651
43, 2, 21
2, 72100, 43529118, 44481253
1, 72104, 44140651, 45092019
44, 2, 21
2, 36050, 44481253, 44933146
1, 36054, 45092019, 45544264
45, 2, 21
2, 144200, 44933146, 46193801
1, 144204, 45544264, 46805138
46, 2, 21
2, 72100, 46193801, 46796766
1, 72104, 46805138, 47408244
47, 2, 21
2, 144200, 46796766, 48386090
1, 144204, 47408244, 48997214
48, 2, 21
2, 144200, 48386090, 50051412
1, 144204, 48997214, 50662539
49, 2, 21
2, 144200, 50051412, 51271500
1, 144204, 50662539, 51882567
50, 2, 21
2, 72100, 51271500, 51881475
1, 72104, 51882567, 52492570
51, 2, 21
2, 361942, 51881475, 53118700
1, 144204, 52492570, 53729687
52, 2, 21
2, 292726, 53118700, 53724627
1, 72104, 53729687, 54334736
53, 2, 21
2, 136990, 53724627, 54030411
1, 36054, 54334736, 54641514
54, 2, 21
2, 568148, 54030411, 55263929
1, 144204, 54641514, 55875249
55, 2, 21
2, 555170, 55263929, 56476405
1, 144204, 55875249, 57087720
56, 2, 21
2, 498932, 56476405, 57702426
1, 144204, 57087720, 58313948
57, 2, 21
2, 144200, 57702426, 59010020
1, 144204, 58313948, 59621209
58, 2, 21
2, 72100, 59010020, 59653564
1, 72104, 59621209, 60264713
59, 2, 21
2, 144200, 59653564, 60905398
1, 144204, 60264713, 61516571
60, 2, 21
2, 144200, 60905398, 62267589
1, 144204, 61516571, 62878876
61, 2, 21
2, 144200, 62267589, 63596476
1, 144204, 62878876, 64208129
