0, 2, 21
2, 102382, 4491745, 5504991
1, 102382, 5108552, 6121448
1, 2, 21
2, 111034, 5504991, 6507814
1, 111034, 6121448, 7123581
2, 2, 21
2, 111034, 6507814, 7507998
1, 111034, 7123581, 8124565
3, 2, 21
2, 111034, 7507998, 14622889
1, 111034, 8124565, 15239236
4, 2, 21
2, 112476, 14622889, 15623024
1, 112476, 15239236, 16239596
5, 1, 21
2, 129780, 15623024, 16625003
6, 1, 21
1, 111034, 16239596, 17241926
7, 1, 21
3, 141316, 15931042, 16931898
8, 1, 21
2, 242306, 16625003, 17634185
9, 1, 21
1, 113918, 17241926, 18269661
10, 1, 21
3, 138432, 16931898, 17939215
11, 1, 21
2, 268262, 17634185, 18636796
12, 1, 21
1, 122570, 18269661, 19278983
13, 1, 21
3, 149968, 17939215, 18945934
14, 1, 21
2, 405252, 18636796, 19640719
15, 1, 21
1, 256676, 19278983, 20279761
16, 1, 21
3, 118244, 18945934, 19952863
17, 1, 21
2, 312964, 19640719, 20640838
18, 1, 21
1, 203322, 20279761, 21280685
19, 1, 21
2, 387923, 20640838, 21644347
20, 1, 21
1, 258118, 21280685, 22282997
21, 1, 21
2, 210557, 21644347, 22654147
22, 1, 21
1, 206206, 22282997, 23302058
23, 1, 21
2, 220651, 22654147, 23655045
24, 1, 21
1, 227836, 23302058, 24304665
25, 1, 21
2, 265353, 23655045, 24664976
26, 1, 21
1, 263886, 24304665, 25307277
27, 1, 21
2, 268237, 24664976, 25665855
28, 1, 21
1, 268212, 25307277, 26309292
29, 1, 21
2, 261027, 25665855, 26670536
30, 1, 21
1, 261002, 26309292, 27311673
31, 1, 21
3, 139874, 19952863, 26870304
32, 1, 21
2, 288450, 26670536, 27671617
33, 1, 21
1, 253792, 27311673, 28316414
34, 1, 21
3, 134106, 26870304, 27879685
35, 1, 21
2, 372086, 27671617, 28679431
36, 1, 21
1, 236488, 28316414, 29320592
37, 1, 21
3, 148526, 27879685, 28886942
38, 1, 21
2, 408136, 28679431, 29680632
39, 1, 21
1, 262444, 29320592, 30325298
40, 1, 21
3, 149968, 28886942, 29894020
41, 1, 21
2, 279798, 29680632, 30682291
42, 1, 21
1, 128338, 30325298, 31336512
43, 1, 21
3, 148526, 29894020, 30896173
44, 1, 21
2, 265378, 30682291, 31683483
45, 1, 21
1, 118244, 31336512, 32336715
46, 2, 21
2, 145667, 31683483, 32736591
1, 74984, 32336715, 33352026
47, 2, 21
2, 66332, 32736591, 33739783
1, 66332, 33352026, 34355550
48, 1, 21
3, 96614, 30896173, 33795662
49, 2, 21
2, 220651, 33739783, 34742700
1, 98056, 34355550, 35357356
50, 1, 21
3, 246582, 33795662, 34802373
51, 1, 21
2, 318707, 34742700, 35743351
52, 1, 21
1, 87962, 35357356, 36367029
53, 1, 21
3, 323008, 34802373, 35804651
54, 1, 21
2, 441302, 35743351, 36747017
55, 1, 21
1, 115360, 36367029, 37376252
56, 1, 21
3, 301378, 35804651, 36805103
57, 1, 21
2, 310080, 36747017, 37750859
58, 1, 21
1, 109592, 37376252, 38382719
59, 1, 21
2, 96639, 37750859, 38762660
60, 1, 21
1, 96614, 38382719, 39391385
61, 1, 21
3, 11536, 36805103, 39057486
62, 1, 21
2, 150018, 38762660, 39764873
63, 1, 21
1, 102382, 39391385, 40399159
64, 1, 21
3, 292726, 39057486, 40059055
65, 1, 21
2, 398042, 39764873, 40766878
66, 1, 21
1, 108150, 40399159, 41410378
67, 1, 21
3, 301378, 40059055, 41062765
68, 1, 21
2, 411020, 40766878, 41771607
69, 1, 21
1, 111034, 41410378, 42417207
70, 1, 21
3, 318682, 41062765, 42064915
71, 1, 21
2, 390832, 41771607, 42779998
72, 1, 21
1, 111034, 42417207, 43422250
73, 1, 21
2, 89429, 42779998, 43790850
74, 1, 21
1, 87962, 43422250, 44422266
75, 1, 21
2, 77893, 43790850, 44804934
76, 1, 21
1, 77868, 44422266, 45433723
77, 1, 21
2, 115385, 44804934, 45815586
78, 1, 21
1, 115360, 45433723, 46444088
79, 1, 21
2, 118269, 45815586, 46822205
80, 1, 21
1, 118244, 46444088, 47451417
81, 1, 21
2, 86545, 46822205, 47823449
82, 1, 21
1, 87962, 47451417, 48463280
83, 1, 21
2, 80777, 47823449, 48833424
84, 1, 21
1, 79310, 48463280, 49464079
85, 1, 21
2, 93755, 48833424, 49841486
86, 1, 21
1, 93730, 49464079, 50470611
87, 1, 21
2, 119711, 49841486, 50852448
88, 1, 21
1, 119686, 50470611, 51481613
89, 1, 21
2, 118269, 50852448, 51859632
90, 1, 21
1, 118244, 51481613, 52488506
91, 1, 21
3, 5768, 42064915, 51826970
92, 1, 21
2, 269704, 51859632, 52862219
93, 1, 21
1, 116802, 52488506, 53490776
94, 1, 21
3, 341754, 51826970, 52826978
95, 1, 21
2, 480236, 52862219, 53864552
96, 1, 21
1, 119686, 53490776, 54498726
97, 1, 21
3, 356174, 52826978, 53829041
98, 1, 21
2, 460048, 53864552, 54864573
99, 1, 21
1, 116802, 54498726, 55505022
100, 1, 21
3, 343196, 53829041, 54829120
101, 1, 21
2, 461490, 54864573, 55866639
102, 1, 21
1, 119686, 55505022, 56507904
103, 1, 21
3, 337428, 54829120, 55831338
104, 1, 21
2, 448512, 55866639, 56869709
105, 1, 21
1, 118244, 56507904, 57509907
106, 1, 21
3, 341754, 55831338, 56834914
107, 1, 21
2, 315848, 56869709, 57879991
108, 1, 21
1, 116802, 57509907, 58522897
109, 1, 21
2, 111059, 57879991, 58883802
110, 1, 21
1, 111034, 58522897, 59526655
111, 1, 21
2, 112501, 58883802, 59884598
112, 1, 21
1, 113918, 59526655, 60537343
113, 1, 21
2, 115385, 59884598, 60887142
114, 1, 21
1, 115360, 60537343, 61541101
115, 1, 21
2, 106733, 60887142, 61894272
116, 1, 21
1, 106708, 61541101, 62550954
117, 1, 21
2, 106733, 61894272, 62897535
118, 1, 21
1, 106708, 62550954, 63555831
119, 1, 21
2, 111059, 62897535, 63898530
120, 1, 21
1, 112476, 63555831, 64566687
