0, 2, 21
2, 54796, 5600312, 6159860
1, 54796, 6186452, 6745802
1, 2, 21
2, 53354, 6159860, 6662239
1, 53354, 6745802, 7248012
2, 2, 21
2, 57680, 6662239, 7171364
1, 57680, 7248012, 7757315
3, 2, 21
2, 54796, 7171364, 7676031
1, 54796, 7757315, 8261514
4, 2, 21
2, 56238, 7676031, 8185873
1, 56238, 8261514, 8771713
5, 2, 21
2, 57680, 8185873, 8697483
1, 57680, 8771713, 9283219
6, 2, 21
2, 56238, 8697483, 9202016
1, 56238, 9283219, 9787768
7, 2, 21
2, 44702, 9202016, 15726424
1, 44702, 9787768, 16312019
8, 2, 21
2, 54796, 15726424, 16232929
1, 54796, 16312019, 16818579
9, 2, 21
2, 74984, 16232929, 16869810
1, 74984, 16818579, 17455474
10, 2, 21
2, 90846, 16869810, 17651616
1, 85078, 17455474, 18237315
11, 1, 21
3, 76426, 17036268, 17537209
12, 1, 21
2, 132689, 17651616, 18153772
13, 1, 21
3, 64890, 17537209, 18039496
14, 1, 21
2, 118269, 18153772, 18666690
15, 1, 21
1, 124012, 18237315, 19410251
16, 1, 21
3, 60564, 18039496, 18548389
17, 1, 21
2, 109642, 18666690, 19172248
18, 1, 21
1, 64890, 19410251, 20049021
19, 1, 21
3, 79310, 18548389, 19054513
20, 1, 21
2, 142808, 19172248, 19672392
21, 1, 21
4, 74984, 18460755, 18967055
22, 1, 21
3, 73542, 19054513, 19559899
23, 1, 21
2, 199046, 19672392, 20173757
24, 1, 21
1, 85078, 20049021, 20835678
25, 1, 21
3, 76426, 19559899, 20064114
26, 1, 21
2, 204814, 20173757, 20675593
27, 1, 21
4, 90846, 18967055, 19594831
28, 1, 21
3, 66332, 20064114, 20577379
29, 1, 21
4, 57680, 19594831, 20096047
30, 1, 21
2, 204839, 20675593, 21274621
31, 1, 21
1, 118244, 20835678, 21942773
32, 1, 21
3, 51912, 20577379, 21123963
33, 1, 21
4, 49028, 20096047, 20599341
34, 1, 21
2, 142833, 21274621, 21776555
35, 1, 21
1, 41818, 21942773, 22481276
36, 1, 21
3, 76426, 21123963, 21634410
37, 1, 21
4, 76426, 20599341, 21104039
38, 1, 21
2, 201955, 21776555, 22277802
39, 1, 21
1, 56238, 22481276, 22988849
40, 1, 21
4, 74984, 21104039, 21608959
41, 1, 21
2, 181742, 22277802, 22784476
42, 1, 21
1, 67774, 22988849, 23622068
43, 1, 21
4, 59122, 21608959, 22114923
44, 1, 21
2, 100990, 22784476, 23285547
45, 1, 21
1, 43260, 23622068, 24133168
46, 1, 21
4, 54796, 22114923, 22617432
47, 1, 21
2, 122620, 23285547, 23913395
48, 1, 21
1, 54796, 24133168, 24775414
49, 1, 21
4, 51912, 22617432, 23123288
50, 1, 21
2, 102432, 23913395, 24413976
51, 1, 21
4, 73542, 23123288, 23632313
52, 1, 21
2, 128363, 24413976, 24917596
53, 1, 21
1, 76426, 24775414, 25515961
54, 1, 21
4, 89404, 23632313, 24262045
55, 1, 21
2, 162996, 24917596, 25543790
56, 1, 21
1, 73542, 25515961, 26142510
57, 1, 21
1, 92288, 26142510, 26926478
58, 1, 21
4, 142758, 24262045, 25240037
59, 1, 21
2, 258193, 25543790, 26523704
60, 1, 21
1, 177366, 26926478, 28456446
61, 1, 21
3, 62006, 21634410, 27979468
62, 1, 21
2, 631646, 26523704, 28831129
63, 1, 21
3, 80752, 27979468, 28605234
64, 1, 21
4, 390782, 25240037, 28093693
65, 1, 21
2, 229328, 28831129, 29465017
66, 1, 21
1, 178808, 28456446, 30070107
67, 1, 21
3, 72100, 28605234, 29111574
68, 1, 21
4, 77868, 28093693, 28602243
69, 1, 21
2, 197629, 29465017, 29968220
70, 1, 21
1, 54796, 30070107, 30580402
71, 1, 21
4, 70658, 28602243, 29113229
72, 1, 21
3, 92288, 29111574, 29739780
73, 1, 21
2, 248099, 29968220, 30595061
74, 1, 21
1, 73542, 30580402, 31211862
75, 1, 21
4, 63448, 29113229, 29618314
76, 1, 21
3, 144200, 29739780, 30720067
77, 1, 21
2, 258193, 30595061, 31346462
78, 1, 21
1, 92288, 31211862, 31993294
79, 1, 21
2, 132689, 31346462, 31847779
80, 1, 21
2, 164388, 31847779, 32473474
81, 1, 21
1, 180250, 31993294, 33523288
82, 1, 21
3, 256676, 30720067, 32528099
83, 1, 21
2, 191836, 32473474, 33256659
84, 1, 21
1, 64890, 33523288, 34137060
85, 1, 21
2, 51937, 33256659, 33773514
86, 1, 21
1, 20188, 34137060, 34651003
87, 1, 21
2, 27423, 33773514, 34292722
88, 1, 21
1, 31724, 34651003, 35154256
89, 1, 21
2, 38959, 34292722, 34928531
90, 1, 21
1, 47586, 35154256, 35839825
91, 1, 21
3, 31724, 32528099, 34923315
92, 1, 21
1, 53354, 35839825, 36346042
93, 1, 21
2, 232237, 34928531, 35905899
94, 1, 21
3, 164388, 34923315, 35480417
95, 1, 21
1, 57680, 36346042, 36849292
96, 1, 21
2, 158670, 35905899, 36415351
97, 1, 21
3, 96614, 35480417, 35991350
98, 1, 21
1, 34608, 36849292, 37355804
99, 1, 21
2, 168764, 36415351, 36917187
100, 1, 21
3, 171598, 35991350, 36495134
101, 1, 21
1, 54796, 37355804, 37864223
102, 1, 21
2, 226444, 36917187, 37418343
103, 1, 21
3, 207648, 36495134, 37125580
104, 1, 21
1, 57680, 37864223, 38369851
105, 1, 21
2, 212024, 37418343, 37918624
106, 1, 21
3, 141316, 37125580, 37626868
107, 2, 21
2, 199021, 37918624, 38418779
1, 69216, 38369851, 39004432
108, 1, 21
2, 90846, 38418779, 38926951
109, 1, 21
1, 102382, 39004432, 39984900
110, 1, 21
2, 49053, 38926951, 39438129
111, 1, 21
1, 46144, 39984900, 40493843
112, 1, 21
2, 46169, 39438129, 39943688
113, 1, 21
1, 59122, 40493843, 40997868
114, 1, 21
2, 67799, 39943688, 40524203
115, 1, 21
3, 100940, 37626868, 40155163
116, 1, 21
1, 51912, 40997868, 41510922
117, 1, 21
2, 122620, 40524203, 41034958
118, 1, 21
1, 41818, 41510922, 42012150
119, 1, 21
3, 224952, 40155163, 40938579
120, 1, 21
2, 201930, 41034958, 41536410
121, 1, 21
1, 59122, 42012150, 42515059
122, 1, 21
3, 162946, 40938579, 41441210
123, 1, 21
2, 222118, 41536410, 42038726
124, 1, 21
1, 59122, 42515059, 43025460
125, 1, 21
2, 197579, 42038726, 42540186
126, 1, 21
3, 180250, 41441210, 42067774
127, 1, 21
1, 53354, 43025460, 43534349
128, 1, 21
2, 216350, 42540186, 43040701
129, 1, 21
3, 164388, 42067774, 42572012
130, 1, 21
1, 70658, 43534349, 44160764
131, 1, 21
3, 151410, 42572012, 43073129
132, 1, 21
2, 263961, 43040701, 43667759
133, 2, 21
2, 79310, 43667759, 44199939
1, 62006, 44160764, 44785016
134, 1, 21
2, 50470, 44199939, 44717739
135, 1, 21
1, 62006, 44785016, 45417966
136, 2, 21
2, 50495, 44717739, 45349183
1, 38934, 45417966, 45934312
137, 1, 21
1, 46144, 45934312, 46573650
138, 1, 21
2, 85103, 45349183, 46329764
139, 1, 21
1, 57680, 46573650, 47080186
140, 1, 21
1, 57680, 47080186, 47584355
141, 1, 21
1, 73542, 47584355, 48211789
142, 1, 21
1, 72100, 48211789, 48866305
143, 1, 21
1, 41818, 48866305, 49379807
144, 1, 21
2, 294293, 46329764, 49123475
145, 1, 21
1, 47586, 49379807, 49894140
146, 1, 21
2, 51937, 49123475, 49794025
147, 1, 21
1, 37492, 49894140, 50416555
148, 1, 21
2, 44727, 49794025, 50294994
149, 1, 21
1, 46144, 50416555, 50924539
150, 1, 21
1, 40376, 50924539, 51434025
151, 1, 21
2, 53404, 50294994, 50922776
152, 1, 21
1, 59122, 51434025, 51936917
153, 1, 21
2, 59147, 50922776, 51422850
154, 1, 21
2, 60564, 51422850, 51931000
155, 1, 21
1, 74984, 51936917, 52566189
156, 1, 21
2, 73567, 51931000, 52557670
157, 1, 21
1, 92288, 52566189, 53350395
158, 1, 21
3, 34608, 43073129, 52915910
159, 1, 21
2, 129830, 52557670, 53537600
160, 1, 21
3, 165830, 52915910, 53417486
161, 1, 21
2, 222093, 53537600, 54038647
162, 1, 21
1, 178808, 53350395, 54881327
163, 1, 21
2, 239397, 54038647, 54539195
164, 1, 21
3, 222068, 53417486, 54043033
165, 1, 21
2, 242281, 54539195, 55040133
166, 1, 21
3, 278306, 54043033, 54825693
167, 1, 21
2, 230745, 55040133, 55542008
168, 1, 21
2, 291284, 55542008, 56168766
169, 1, 21
3, 524888, 54825693, 56352554
170, 1, 21
2, 452813, 56168766, 57148920
171, 1, 21
2, 644574, 57148920, 58698026
172, 1, 21
2, 54796, 58698026, 59199933
173, 1, 21
2, 69216, 59199933, 59833013
174, 1, 21
2, 87962, 59833013, 60614757
175, 1, 21
2, 175924, 60614757, 62149009
176, 1, 21
1, 1137738, 54881327, 64889798
