0, 2, 21
2, 72100, 5622923, 6369024
1, 72104, 6213866, 6959940
1, 2, 21
2, 144200, 6369024, 7664147
1, 144204, 6959940, 8254912
2, 2, 21
2, 144200, 7664147, 8950949
1, 144204, 8254912, 9541842
3, 2, 21
2, 217742, 8950949, 17012857
1, 217746, 9541842, 17603572
4, 2, 21
2, 83636, 17012857, 17670170
1, 72104, 17603572, 18260673
5, 2, 21
2, 79310, 17670170, 17980339
1, 36054, 18260673, 18571011
6, 2, 21
2, 43260, 17980339, 18140507
1, 18750, 18571011, 18731413
7, 2, 21
2, 23072, 18140507, 18228225
1, 10098, 18731413, 18819138
8, 2, 21
2, 335986, 18228225, 19631437
1, 144204, 18819138, 20221905
9, 2, 21
2, 271096, 19631437, 20296044
1, 72104, 20221905, 20886910
10, 2, 21
2, 132664, 20296044, 20617280
1, 36054, 20886910, 21208294
11, 2, 21
2, 70658, 20617280, 20785504
1, 18750, 21208294, 21376542
12, 2, 21
2, 496048, 20785504, 22234387
1, 144204, 21376542, 22824777
13, 2, 21
2, 219184, 22234387, 22876197
1, 72104, 22824777, 23467150
14, 2, 21
2, 93730, 22876197, 23317530
1, 36054, 23467150, 23908271
15, 2, 21
2, 43260, 23317530, 23490059
1, 18750, 23908271, 24080797
16, 2, 21
2, 14420, 23490059, 23585810
1, 10098, 24080797, 24176553
17, 2, 21
2, 337428, 23585810, 25069799
1, 144204, 24176553, 25660333
18, 2, 21
2, 327334, 25069799, 26290630
1, 144204, 25660333, 26881165
19, 2, 21
2, 164388, 26290630, 26908897
1, 72104, 26881165, 27499357
20, 2, 21
2, 325892, 26908897, 28152188
1, 144204, 27499357, 28742749
21, 2, 21
2, 436926, 28152188, 29456615
1, 144204, 28742749, 30046833
22, 2, 21
2, 250908, 29456615, 30094920
1, 72104, 30046833, 30685513
23, 2, 21
2, 124012, 30094920, 30403041
1, 36054, 30685513, 30993619
24, 2, 21
2, 360500, 30403041, 31621147
1, 144204, 30993619, 32211065
25, 2, 21
2, 164388, 31621147, 32234237
1, 72104, 32211065, 32822932
26, 2, 21
2, 77868, 32234237, 32537902
1, 36054, 32822932, 33128657
27, 2, 21
2, 263886, 32537902, 34397907
1, 144204, 33128657, 34988793
28, 2, 21
2, 72100, 34397907, 35346518
1, 72104, 34988793, 35937417
29, 2, 21
2, 60564, 35346518, 35653495
1, 36054, 35937417, 36244276
30, 2, 21
2, 73542, 35653495, 35823373
1, 18750, 36244276, 36414242
31, 2, 21
2, 41818, 35823373, 35909533
1, 10098, 36414242, 36499948
32, 2, 21
2, 23072, 35909533, 35958508
1, 5772, 36499948, 36548231
33, 2, 21
2, 547960, 35958508, 37442960
1, 144204, 36548231, 38033361
34, 2, 21
2, 275422, 37442960, 38096241
1, 72104, 38033361, 38686898
35, 2, 21
2, 129780, 38096241, 38423241
1, 36054, 38686898, 39013963
36, 2, 21
2, 197554, 38423241, 39873900
1, 144204, 39013963, 40464099
37, 2, 21
2, 72100, 39873900, 40494671
1, 72104, 40464099, 41085513
38, 2, 21
2, 481628, 40494671, 41939512
1, 144204, 41085513, 42530289
39, 2, 21
2, 265328, 41939512, 42608169
1, 72104, 42530289, 43198868
40, 2, 21
2, 136990, 42608169, 42920924
1, 36054, 43198868, 43511570
41, 2, 21
2, 72100, 42920924, 43081734
1, 18750, 43511570, 43672405
42, 2, 21
2, 377804, 43081734, 44480880
1, 144204, 43672405, 45071664
43, 2, 21
2, 72100, 44480880, 45432781
1, 72104, 45071664, 46022705
44, 2, 21
2, 36050, 45432781, 45884913
1, 36054, 46022705, 46474865
45, 2, 21
2, 144200, 45884913, 47144742
1, 144204, 46474865, 47734834
46, 2, 21
2, 72100, 47144742, 47747934
1, 72104, 47734834, 48337874
47, 2, 21
2, 144200, 47747934, 49336614
1, 144204, 48337874, 49926692
48, 2, 21
2, 144200, 49336614, 51000388
1, 144204, 49926692, 51591192
49, 2, 21
2, 144200, 51000388, 52220345
1, 144204, 51591192, 52810618
50, 2, 21
2, 72100, 52220345, 52830010
1, 72104, 52810618, 53420890
51, 2, 21
2, 308588, 52830010, 54067574
1, 144204, 53420890, 54658388
52, 2, 21
2, 286958, 54067574, 54672721
1, 72104, 54658388, 55263391
53, 2, 21
2, 148526, 54672721, 54979237
1, 36054, 55263391, 55569993
54, 2, 21
2, 572474, 54979237, 56212875
1, 144204, 55569993, 56803514
55, 2, 21
2, 555170, 56212875, 57425829
1, 144204, 56803514, 58015418
56, 2, 21
2, 542192, 57425829, 58650268
1, 144204, 58015418, 59241050
57, 2, 21
2, 144200, 58650268, 59958301
1, 144204, 59241050, 60548769
58, 2, 21
2, 72100, 59958301, 60601423
1, 72104, 60548769, 61192454
59, 2, 21
2, 144200, 60601423, 61854427
1, 144204, 61192454, 62444709
60, 2, 21
2, 144200, 61854427, 63217137
1, 144204, 62444709, 63807392
61, 2, 21
2, 144200, 63217137, 64546322
1, 144204, 63807392, 65137331
