0, 2, 21
2, 54796, 5623064, 6183118
1, 54796, 6211781, 6771296
1, 2, 21
2, 53354, 6183118, 6685401
1, 53354, 6771296, 7273511
2, 2, 21
2, 57680, 6685401, 7194506
1, 57680, 7273511, 7782741
3, 2, 21
2, 54796, 7194506, 7698422
1, 54796, 7782741, 8286723
4, 2, 21
2, 56238, 7698422, 8208756
1, 56238, 8286723, 8796768
5, 2, 21
2, 57680, 8208756, 8720106
1, 57680, 8796768, 9308237
6, 2, 21
2, 56238, 8720106, 9224585
1, 56238, 9308237, 9812750
7, 2, 21
2, 44702, 9224585, 15748330
1, 44702, 9812750, 16336459
8, 2, 21
2, 54796, 15748330, 16254652
1, 54796, 16336459, 16843033
9, 2, 21
2, 59122, 16254652, 16757467
1, 59122, 16843033, 17345842
10, 2, 21
2, 57680, 16757467, 17271272
1, 57680, 17345842, 17859630
11, 1, 21
2, 77868, 17271272, 17775050
12, 1, 21
1, 56238, 17859630, 18369019
13, 1, 21
3, 76426, 17043300, 17545060
14, 1, 21
2, 134156, 17775050, 18280384
15, 1, 21
1, 59122, 18369019, 18875414
16, 1, 21
3, 64890, 17545060, 18047221
17, 1, 21
2, 103874, 18280384, 18780681
18, 1, 21
1, 51912, 18875414, 19414637
19, 1, 21
3, 60564, 18047221, 18556141
20, 1, 21
2, 122620, 18780681, 19287604
21, 1, 21
1, 51912, 19414637, 19923804
22, 1, 21
3, 79310, 18556141, 19062314
23, 1, 21
2, 155786, 19287604, 19788452
24, 1, 21
1, 56238, 19923804, 20425412
25, 1, 21
4, 76426, 18479503, 18984896
26, 1, 21
3, 70658, 19062314, 19564283
27, 1, 21
2, 200513, 19788452, 20289254
28, 1, 21
1, 54796, 20425412, 20933323
29, 1, 21
4, 79310, 18984896, 19489125
30, 1, 21
3, 76426, 19564283, 20071757
31, 1, 21
2, 209165, 20289254, 20791268
32, 1, 21
1, 56238, 20933323, 21435586
33, 1, 21
4, 63448, 19489125, 19990387
34, 1, 21
3, 67774, 20071757, 20587538
35, 1, 21
2, 161579, 20791268, 21292551
36, 1, 21
1, 50470, 21435586, 21937342
37, 1, 21
4, 49028, 19990387, 20513106
38, 1, 21
3, 51912, 20587538, 21088876
39, 1, 21
2, 154369, 21292551, 21794180
40, 1, 21
1, 41818, 21937342, 22442065
41, 1, 21
3, 69216, 21088876, 21598147
42, 1, 21
4, 77868, 20513106, 21024200
43, 1, 21
2, 204839, 21794180, 22300399
44, 1, 21
1, 59122, 22442065, 22954120
45, 1, 21
4, 74984, 21024200, 21527195
46, 1, 21
2, 186068, 22300399, 22803461
47, 1, 21
1, 56238, 22954120, 23454795
48, 1, 21
4, 59122, 21527195, 22031451
49, 1, 21
2, 102432, 22803461, 23306155
50, 1, 21
1, 43260, 23454795, 23960794
51, 1, 21
4, 56238, 22031451, 22534009
52, 1, 21
2, 93780, 23306155, 23807452
53, 1, 21
1, 43260, 23960794, 24472988
54, 1, 21
4, 53354, 22534009, 23041392
55, 1, 21
2, 105316, 23807452, 24314372
56, 1, 21
1, 47586, 24472988, 24978570
57, 1, 21
4, 74984, 23041392, 23549463
58, 1, 21
2, 129830, 24314372, 24821848
59, 1, 21
1, 56238, 24978570, 25486682
60, 1, 21
4, 73542, 23549463, 24052187
61, 1, 21
2, 134156, 24821848, 25326424
62, 1, 21
1, 59122, 25486682, 25987665
63, 1, 21
4, 74984, 24052187, 24559571
64, 1, 21
2, 134156, 25326424, 25831850
65, 1, 21
1, 59122, 25987665, 26493480
66, 1, 21
4, 79310, 24559571, 25062892
67, 1, 21
2, 139924, 25831850, 26339069
68, 1, 21
1, 60564, 26493480, 27003593
69, 1, 21
4, 74984, 25062892, 25564027
70, 1, 21
2, 134156, 26339069, 26843884
71, 1, 21
1, 59122, 27003593, 27512011
72, 1, 21
4, 72100, 25564027, 26067303
73, 1, 21
2, 129830, 26843884, 27346110
74, 1, 21
1, 57680, 27512011, 28019198
75, 1, 21
4, 76426, 26067303, 26572092
76, 1, 21
2, 134156, 27346110, 27847639
77, 1, 21
1, 59122, 28019198, 28522797
78, 1, 21
4, 74984, 26572092, 27081179
79, 1, 21
2, 131272, 27847639, 28349498
80, 1, 21
1, 59122, 28522797, 29025403
81, 1, 21
3, 70658, 21598147, 28006663
82, 1, 21
4, 70658, 27081179, 27582628
83, 1, 21
2, 164463, 28349498, 28852444
84, 1, 21
1, 59122, 29025403, 29532400
85, 1, 21
3, 62006, 28006663, 28512115
86, 1, 21
4, 63448, 27582628, 28084061
87, 1, 21
2, 184651, 28852444, 29354410
88, 1, 21
1, 50470, 29532400, 30035647
89, 1, 21
3, 72100, 28512115, 29016447
90, 1, 21
4, 72100, 28084061, 28589003
91, 1, 21
2, 199071, 29354410, 29862489
92, 1, 21
1, 56238, 30035647, 30541252
93, 1, 21
3, 74984, 29016447, 29516696
94, 1, 21
4, 72100, 28589003, 29095042
95, 1, 21
2, 206281, 29862489, 30370800
96, 1, 21
1, 59122, 30541252, 31045183
97, 1, 21
3, 72100, 29516696, 30019171
98, 1, 21
2, 181742, 30370800, 30876748
99, 1, 21
1, 60564, 31045183, 31556063
100, 1, 21
3, 74984, 30019171, 30521602
101, 1, 21
2, 134156, 30876748, 31382510
102, 1, 21
1, 60564, 31556063, 32068125
103, 1, 21
3, 74984, 30521602, 31030502
104, 1, 21
2, 131272, 31382510, 31885676
105, 1, 21
1, 59122, 32068125, 32572083
106, 1, 21
3, 74984, 31030502, 31532154
107, 1, 21
2, 134156, 31885676, 32390555
108, 1, 21
1, 59122, 32572083, 33077002
109, 1, 21
3, 73542, 31532154, 32032957
110, 1, 21
2, 132714, 32390555, 32905623
111, 1, 21
1, 57680, 33077002, 33579660
112, 1, 21
3, 64890, 32032957, 32537900
113, 1, 21
2, 106758, 32905623, 33407721
114, 1, 21
1, 49028, 33579660, 34135121
115, 1, 21
2, 25981, 33407721, 33922763
116, 1, 21
1, 21630, 34135121, 34647329
117, 1, 21
2, 31749, 33922763, 34427062
118, 1, 21
1, 34608, 34647329, 35150032
119, 1, 21
2, 36075, 34427062, 34937051
120, 1, 21
1, 37492, 35150032, 35702753
121, 1, 21
2, 43285, 34937051, 35438640
122, 1, 21
3, 33166, 32537900, 34941608
123, 1, 21
1, 53354, 35702753, 36210518
124, 1, 21
2, 197604, 35438640, 35942726
125, 1, 21
3, 164388, 34941608, 35501310
126, 1, 21
1, 57680, 36210518, 36715692
127, 1, 21
2, 152902, 35942726, 36444396
128, 1, 21
3, 96614, 35501310, 36012625
129, 1, 21
1, 34608, 36715692, 37223539
130, 1, 21
2, 170206, 36444396, 36947308
131, 1, 21
3, 168714, 36012625, 36512761
132, 1, 21
1, 54796, 37223539, 37733696
133, 1, 21
2, 232212, 36947308, 37451328
134, 1, 21
3, 167272, 36512761, 37016699
135, 1, 21
1, 57680, 37733696, 38241402
136, 1, 21
2, 210582, 37451328, 37954016
137, 1, 21
3, 148526, 37016699, 37532618
138, 1, 21
1, 56238, 38241402, 38751037
139, 1, 21
2, 201930, 37954016, 38458746
140, 1, 21
1, 56238, 38751037, 39252074
141, 1, 21
2, 86545, 38458746, 38964195
142, 1, 21
1, 49028, 39252074, 39757606
143, 1, 21
2, 47611, 38964195, 39468651
144, 1, 21
1, 44702, 39757606, 40261500
145, 1, 21
2, 49053, 39468651, 39968935
146, 1, 21
1, 57680, 40261500, 40765373
147, 1, 21
2, 59147, 39968935, 40472881
148, 1, 21
1, 54796, 40765373, 41271011
149, 1, 21
3, 136990, 37532618, 40187727
150, 1, 21
2, 109642, 40472881, 40975421
151, 1, 21
1, 40376, 41271011, 41787596
152, 1, 21
3, 131222, 40187727, 40689110
153, 1, 21
2, 175974, 40975421, 41476702
154, 1, 21
1, 59122, 41787596, 42294038
155, 1, 21
3, 155736, 40689110, 41195231
156, 1, 21
2, 217792, 41476702, 41979972
157, 1, 21
1, 59122, 42294038, 42804781
158, 1, 21
3, 162946, 41195231, 41700184
159, 1, 21
2, 194720, 41979972, 42480168
160, 1, 21
1, 53354, 42804781, 43314161
161, 1, 21
3, 139874, 41700184, 42203206
162, 1, 21
2, 213466, 42480168, 42982473
163, 1, 21
1, 59122, 43314161, 43823153
164, 1, 21
3, 160062, 42203206, 42706305
165, 1, 21
2, 219234, 42982473, 43485495
166, 1, 21
1, 53354, 43823153, 44325866
167, 1, 21
3, 152852, 42706305, 43207662
168, 1, 21
2, 160112, 43485495, 43994635
169, 1, 21
1, 47586, 44325866, 44836342
170, 1, 21
2, 47611, 43994635, 44498838
171, 1, 21
1, 51912, 44836342, 45414639
172, 1, 21
2, 40401, 44498838, 45027397
173, 1, 21
1, 43260, 45414639, 45937278
174, 1, 21
2, 40401, 45027397, 45566050
175, 1, 21
1, 34608, 45937278, 46437725
176, 1, 21
2, 46169, 45566050, 46070072
177, 1, 21
1, 57680, 46437725, 46946914
178, 1, 21
2, 57705, 46070072, 46579305
179, 1, 21
1, 57680, 46946914, 47451456
180, 1, 21
2, 59147, 46579305, 47083398
181, 1, 21
1, 59122, 47451456, 47958732
182, 1, 21
2, 59147, 47083398, 47588311
183, 1, 21
1, 60564, 47958732, 48470230
184, 1, 21
2, 54821, 47588311, 48090370
185, 1, 21
1, 47586, 48470230, 48971441
186, 1, 21
2, 44727, 48090370, 48599646
187, 1, 21
1, 40376, 48971441, 49481182
188, 1, 21
2, 43285, 48599646, 49102264
189, 1, 21
1, 47586, 49481182, 49986035
190, 1, 21
2, 40401, 49102264, 49611027
191, 1, 21
1, 33166, 49986035, 50491973
192, 1, 21
2, 41843, 49611027, 50113966
193, 1, 21
1, 43260, 50491973, 51004065
194, 1, 21
2, 38959, 50113966, 50617323
195, 1, 21
1, 51912, 51004065, 51510973
196, 1, 21
2, 57705, 50617323, 51119480
197, 1, 21
1, 59122, 51510973, 52011279
198, 1, 21
2, 60589, 51119480, 51633125
199, 1, 21
1, 60564, 52011279, 52521657
200, 1, 21
2, 60589, 51633125, 52144409
201, 1, 21
1, 59122, 52521657, 53024823
202, 1, 21
2, 60589, 52144409, 52654497
203, 1, 21
1, 59122, 53024823, 53529064
204, 1, 21
2, 59147, 52654497, 53164095
205, 1, 21
1, 59122, 53529064, 54034587
206, 1, 21
3, 15862, 43207662, 53000009
207, 1, 21
2, 85128, 53164095, 53666865
208, 1, 21
1, 59122, 54034587, 54543350
209, 1, 21
3, 164388, 53000009, 53502104
210, 1, 21
2, 220676, 53666865, 54167699
211, 1, 21
1, 60564, 54543350, 55053607
212, 1, 21
3, 175924, 53502104, 54006083
213, 1, 21
2, 240864, 54167699, 54670105
214, 1, 21
1, 60564, 55053607, 55564786
215, 1, 21
3, 183134, 54006083, 54507626
216, 1, 21
2, 240864, 54670105, 55174245
217, 1, 21
1, 60564, 55564786, 56075396
218, 1, 21
3, 171598, 54507626, 55013525
219, 1, 21
2, 227886, 55174245, 55675478
220, 1, 21
1, 57680, 56075396, 56582711
221, 1, 21
3, 171598, 55013525, 55516009
222, 1, 21
2, 232212, 55675478, 56178433
223, 1, 21
1, 60564, 56582711, 57089701
224, 1, 21
3, 171598, 55516009, 56016505
225, 1, 21
2, 232212, 56178433, 56681296
226, 1, 21
1, 60564, 57089701, 57598343
227, 1, 21
3, 168714, 56016505, 56518593
228, 1, 21
2, 229328, 56681296, 57182909
229, 1, 21
1, 60564, 57598343, 58108147
230, 1, 21
3, 165830, 56518593, 57018936
231, 1, 21
2, 220676, 57182909, 57683064
232, 1, 21
1, 59122, 58108147, 58612021
233, 1, 21
3, 161504, 57018936, 57522067
234, 1, 21
2, 223560, 57683064, 58183135
235, 1, 21
1, 60564, 58612021, 59116710
236, 1, 21
3, 177366, 57522067, 58025354
237, 1, 21
2, 226444, 58183135, 58683919
238, 1, 21
1, 56238, 59116710, 59625381
239, 1, 21
2, 56263, 58683919, 59196528
240, 1, 21
1, 54796, 59625381, 60133391
241, 1, 21
2, 54821, 59196528, 59699675
242, 1, 21
1, 56238, 60133391, 60634352
243, 1, 21
2, 56263, 59699675, 60202311
244, 1, 21
1, 56238, 60634352, 61135219
245, 1, 21
2, 57705, 60202311, 60710148
246, 1, 21
1, 57680, 61135219, 61638083
247, 1, 21
2, 57705, 60710148, 61212203
248, 1, 21
1, 59122, 61638083, 62149479
249, 1, 21
2, 59147, 61212203, 61721229
250, 1, 21
1, 57680, 62149479, 62656835
251, 1, 21
2, 54821, 61721229, 62223639
252, 1, 21
1, 53354, 62656835, 63166539
253, 1, 21
2, 54821, 62223639, 62738147
254, 1, 21
1, 53354, 63166539, 63675491
255, 1, 21
2, 53379, 62738147, 63250788
256, 1, 21
1, 53354, 63675491, 64180072
257, 1, 21
2, 53379, 63250788, 63753223
258, 1, 21
1, 54796, 64180072, 64681176
259, 1, 21
2, 56263, 63753223, 64260824
260, 1, 21
1, 54796, 64681176, 65181999
261, 1, 21
2, 56263, 64260824, 64762894
262, 1, 21
1, 56238, 65181999, 65685192
263, 1, 21
2, 56263, 64762894, 65273289
264, 1, 21
1, 56238, 65685192, 66190044
265, 1, 21
2, 54821, 65273289, 65775148
