0, 2, 21
2, 211974, 5683141, 7684288
1, 211974, 6274554, 8275636
1, 2, 21
2, 223510, 7684288, 15811482
1, 223510, 8275636, 16402888
2, 1, 21
2, 245140, 15811482, 17819730
3, 1, 21
1, 224952, 16402888, 18414302
4, 1, 21
3, 278306, 17054308, 19055150
5, 1, 21
2, 504775, 17819730, 19824434
6, 1, 21
1, 211974, 18414302, 20414915
7, 1, 21
3, 265328, 19055150, 21060534
8, 1, 21
4, 263886, 18552204, 20556233
9, 2, 21
2, 716724, 19824434, 21825559
1, 206206, 20414915, 22416128
10, 1, 21
4, 268212, 20556233, 22607506
11, 2, 21
2, 601339, 21825559, 23827594
1, 201880, 22416128, 24418353
12, 1, 21
4, 273980, 22607506, 24608823
13, 1, 21
2, 481653, 23827594, 25827666
14, 1, 21
1, 207648, 24418353, 26421753
15, 1, 21
4, 301378, 24608823, 26612920
16, 1, 21
2, 524938, 25827666, 27832064
17, 1, 21
1, 223510, 26421753, 28431389
18, 1, 21
3, 144200, 21060534, 28077195
19, 1, 21
4, 273980, 26612920, 28619709
20, 1, 21
2, 628787, 27832064, 29832729
21, 1, 21
1, 222068, 28431389, 30433824
22, 1, 21
3, 253792, 28077195, 30080066
23, 1, 21
3, 284074, 30080066, 32082208
24, 1, 21
2, 917187, 29832729, 32835736
25, 1, 21
1, 348964, 30433824, 33444964
26, 1, 21
2, 276889, 32835736, 34841058
27, 1, 21
1, 242256, 33444964, 36479532
28, 1, 21
3, 139874, 32082208, 35273914
29, 1, 21
2, 423998, 34841058, 36842743
30, 1, 21
1, 194670, 36479532, 38482309
31, 1, 21
3, 543634, 35273914, 37277527
32, 1, 21
2, 772962, 36842743, 38844487
33, 1, 21
2, 278306, 38844487, 40850730
34, 1, 21
1, 314356, 38482309, 41494840
35, 1, 21
3, 338870, 37277527, 40670190
36, 1, 21
2, 650392, 40850730, 42854595
37, 1, 21
3, 565264, 40670190, 42673798
38, 1, 21
2, 679207, 42854595, 44858320
39, 1, 21
1, 488838, 41494840, 46509179
40, 1, 21
2, 174507, 44858320, 46861872
41, 1, 21
1, 214858, 46509179, 48513344
42, 1, 21
2, 223535, 46861872, 48866353
43, 1, 21
1, 188902, 48513344, 50531167
44, 1, 21
2, 271121, 48866353, 51870115
45, 1, 21
1, 308588, 50531167, 53535699
46, 1, 21
3, 353290, 42673798, 53552115
47, 1, 21
1, 233604, 53535699, 55537054
48, 1, 21
2, 1081575, 51870115, 55934285
49, 1, 21
3, 692160, 53552115, 55556298
50, 1, 21
2, 911369, 55934285, 57936250
51, 1, 21
3, 986328, 55556298, 58560240
52, 1, 21
1, 523446, 55537054, 60043594
53, 1, 21
2, 672022, 57936250, 59939849
54, 1, 21
2, 226394, 59939849, 61943385
55, 1, 21
2, 324450, 61943385, 64945628
