0, 2, 21
2, 752, 943093, 4546031, 6544999
1, 752, 943068, 5089120, 7089652
1, 2, 21
2, 752, 1006541, 6544999, 8548019
1, 752, 1006516, 7089652, 9091885
2, 2, 21
2, 752, 1029613, 8548019, 10549658
1, 752, 1029588, 9091885, 11094073
3, 2, 21
2, 752, 1032497, 10549658, 12551235
1, 752, 1032472, 11094073, 13096093
4, 2, 21
2, 752, 992121, 12551235, 14553713
1, 752, 992096, 13096093, 15097940
5, 2, 21
2, 752, 4852355, 14553713, 24555442
1, 752, 4852330, 15097940, 25099299
6, 2, 21
2, 752, 4761509, 24555442, 34557568
1, 752, 4761484, 25099299, 35101842
7, 2, 21
2, 752, 4855239, 34557568, 44559520
1, 752, 4855214, 35101842, 45103703
8, 2, 21
2, 752, 2856627, 44559520, 50608139
1, 752, 2856602, 45103703, 51152102
9, 2, 21
2, 752, 4826399, 50608139, 60611450
1, 752, 4826374, 51152102, 61153464
