0, 2, 21
2, 72100, 5689807, 6456060
1, 72104, 6270081, 7036037
1, 2, 21
2, 144200, 6456060, 7757611
1, 144204, 7036037, 8337118
2, 2, 21
2, 144200, 7757611, 9045009
1, 144204, 8337118, 9625016
3, 2, 21
2, 217742, 9045009, 17108680
1, 217746, 9625016, 17688562
4, 2, 21
2, 79310, 17108680, 17766428
1, 72104, 17688562, 18345915
5, 2, 21
2, 80752, 17766428, 18077118
1, 36054, 18345915, 18656845
6, 2, 21
2, 43260, 18077118, 18238401
1, 18750, 18656845, 18818524
7, 2, 21
2, 21630, 18238401, 18326255
1, 10098, 18818524, 18906420
8, 2, 21
2, 338870, 18326255, 19732269
1, 144204, 18906420, 20312453
9, 2, 21
2, 271096, 19732269, 20407528
1, 72104, 20312453, 20987378
10, 2, 21
2, 135548, 20407528, 20728948
1, 36054, 20987378, 21308867
11, 2, 21
2, 69216, 20728948, 20898049
1, 18750, 21308867, 21477533
12, 2, 21
2, 497490, 20898049, 22351099
1, 144204, 21477533, 22930299
13, 2, 21
2, 217742, 22351099, 22993193
1, 72104, 22930299, 23573000
14, 2, 21
2, 89404, 22993193, 23435390
1, 36054, 23573000, 24014862
15, 2, 21
2, 43260, 23435390, 23607584
1, 18750, 24014862, 24187325
16, 2, 21
2, 17304, 23607584, 23703373
1, 10098, 24187325, 24283091
17, 2, 21
2, 334544, 23703373, 25191276
1, 144204, 24283091, 25770726
18, 2, 21
2, 325892, 25191276, 26417949
1, 144204, 25770726, 26997394
19, 2, 21
2, 162946, 26417949, 27039252
1, 72104, 26997394, 27618344
20, 2, 21
2, 327334, 27039252, 28291064
1, 144204, 27618344, 28870868
21, 2, 21
2, 445578, 28291064, 29595417
1, 144204, 28870868, 30175175
22, 2, 21
2, 253792, 29595417, 30235046
1, 72104, 30175175, 30813999
23, 2, 21
2, 126896, 30235046, 30544302
1, 36054, 30813999, 31122582
24, 2, 21
2, 354732, 30544302, 31778866
1, 144204, 31122582, 32358756
25, 2, 21
2, 165830, 31778866, 32418629
1, 72104, 32358756, 32997452
26, 2, 21
2, 80752, 32418629, 32726341
1, 36054, 32997452, 33305980
27, 2, 21
2, 256676, 32726341, 34589714
1, 144204, 33305980, 35169416
28, 2, 21
2, 72100, 34589714, 35538974
1, 72104, 35169416, 36118156
29, 2, 21
2, 69216, 35538974, 35845726
1, 36054, 36118156, 36424934
30, 2, 21
2, 76426, 35845726, 36015264
1, 18750, 36424934, 36595054
31, 2, 21
2, 38934, 36015264, 36100823
1, 10098, 36595054, 36680444
32, 2, 21
2, 23072, 36100823, 36149053
1, 5772, 36680444, 36728744
33, 2, 21
2, 501816, 36149053, 37714897
1, 144204, 36728744, 38294348
34, 2, 21
2, 275422, 37714897, 38403056
1, 72104, 38294348, 38980990
35, 2, 21
2, 116802, 38403056, 38729555
1, 36054, 38980990, 39309472
36, 2, 21
2, 239372, 38729555, 40182390
1, 144204, 39309472, 40762186
37, 2, 21
2, 72100, 40182390, 40809527
1, 72104, 40762186, 41388887
38, 2, 21
2, 439810, 40809527, 42270119
1, 144204, 41388887, 42848539
39, 2, 21
2, 275422, 42270119, 42949396
1, 72104, 42848539, 43528798
40, 2, 21
2, 131222, 42949396, 43263296
1, 36054, 43528798, 43843014
41, 2, 21
2, 70658, 43263296, 43424376
1, 18750, 43843014, 44004232
42, 2, 21
2, 415296, 43424376, 44831259
1, 144204, 44004232, 45410727
43, 2, 21
2, 72100, 44831259, 45787703
1, 72104, 45410727, 46367412
44, 2, 21
2, 36050, 45787703, 46241186
1, 36054, 46367412, 46820823
45, 2, 21
2, 144200, 46241186, 47502483
1, 144204, 46820823, 48082461
46, 2, 21
2, 72100, 47502483, 48105808
1, 72104, 48082461, 48685711
47, 2, 21
2, 144200, 48105808, 49703176
1, 144204, 48685711, 50282377
48, 2, 21
2, 144200, 49703176, 51371952
1, 144204, 50282377, 51951047
49, 2, 21
2, 144200, 51371952, 52594819
1, 144204, 51951047, 53174042
50, 2, 21
2, 72100, 52594819, 53204583
1, 72104, 53174042, 53784515
51, 2, 21
2, 282632, 53204583, 54443326
1, 144204, 53784515, 55023046
52, 2, 21
2, 282632, 54443326, 55049784
1, 72104, 55023046, 55628697
53, 2, 21
2, 147084, 55049784, 55356244
1, 36054, 55628697, 55935771
54, 2, 21
2, 569590, 55356244, 56591006
1, 144204, 55935771, 57170366
55, 2, 21
2, 558054, 56591006, 57804946
1, 144204, 57170366, 58383829
56, 2, 21
2, 558054, 57804946, 59031407
1, 144204, 58383829, 59610265
57, 2, 21
2, 154294, 59031407, 60343749
1, 144204, 59610265, 60922966
58, 2, 21
2, 72100, 60343749, 60987627
1, 72104, 60922966, 61567041
59, 2, 21
2, 144200, 60987627, 62249022
1, 144204, 61567041, 62828708
60, 2, 21
2, 144200, 62249022, 63615377
1, 144204, 62828708, 64194934
61, 2, 21
2, 144200, 63615377, 64948796
1, 144204, 64194934, 65529004
