0, 2, 21
2, 752, 1442025, 4504407, 7630063
1, 752, 1442004, 5037323, 8164292
1, 2, 21
2, 752, 1442025, 7630063, 10508498
1, 752, 1442004, 8164292, 11042735
2, 2, 21
2, 752, 1442025, 10508498, 13342322
1, 752, 1442004, 11042735, 13876519
3, 2, 21
2, 752, 1442025, 13342322, 16175591
1, 752, 1442004, 13876519, 16709550
4, 2, 21
2, 752, 1442025, 16175591, 19177630
1, 752, 1442004, 16709550, 19711783
5, 2, 21
2, 752, 1442025, 19177630, 22155701
1, 752, 1442004, 19711783, 22689471
6, 2, 21
2, 752, 1442025, 22155701, 25205890
1, 752, 1442004, 22689471, 25739624
7, 2, 21
2, 752, 1442025, 25205890, 28312142
1, 752, 1442004, 25739624, 28845658
8, 2, 21
2, 752, 1442025, 28312142, 31291879
1, 752, 1442004, 28845658, 31825445
9, 2, 21
2, 752, 1442025, 31291879, 34429561
1, 752, 1442004, 31825445, 34963603
10, 2, 21
2, 752, 1442025, 34429561, 37436502
1, 752, 1442004, 34963603, 37970465
11, 2, 21
2, 752, 1442025, 37436502, 40467747
1, 752, 1442004, 37970465, 41001818
12, 2, 21
2, 752, 1442025, 40467747, 43662121
1, 752, 1442004, 41001818, 44196257
13, 2, 21
2, 752, 1442025, 43662121, 46662018
1, 752, 1442004, 44196257, 47195994
14, 2, 21
2, 752, 1442025, 46662018, 49750515
1, 752, 1442004, 47195994, 50284240
15, 2, 21
2, 752, 1442025, 49750515, 52702803
1, 752, 1442004, 50284240, 53236506
16, 2, 21
2, 752, 1442025, 52702803, 55707687
1, 752, 1442004, 53236506, 56241688
17, 2, 21
2, 752, 1442025, 55707687, 58696797
1, 752, 1442004, 56241688, 59230732
18, 2, 21
2, 752, 1442025, 58696797, 61697529
1, 752, 1442004, 59230732, 62230922
