0, 2, 21
2, 752, 490305, 4565120, 5565258
1, 752, 490280, 5130465, 6130567
1, 2, 21
2, 752, 473001, 5565258, 6567463
1, 752, 472976, 6130567, 7132990
2, 2, 21
2, 752, 509051, 6567463, 7568331
1, 752, 509026, 7132990, 8133773
3, 2, 21
2, 752, 1467, 8570586, 8573369
1, 752, 451346, 8133773, 9137313
4, 2, 21
2, 752, 481653, 8573369, 9576747
1, 752, 481628, 9137313, 10141644
5, 2, 21
2, 752, 461465, 9576747, 10577339
1, 752, 461440, 10141644, 11142748
6, 2, 21
2, 752, 493189, 10577339, 11578196
1, 752, 493164, 11142748, 12143229
7, 2, 21
2, 752, 461465, 11578196, 12579804
1, 752, 461440, 12143229, 13144916
8, 2, 21
2, 752, 504725, 12579804, 13582927
1, 752, 504700, 13144916, 14148155
9, 2, 21
2, 752, 506167, 13582927, 14585312
1, 752, 506142, 14148155, 15150565
10, 2, 21
2, 752, 503283, 14585312, 15587443
1, 752, 503258, 15150565, 16152730
11, 2, 21
2, 752, 464349, 15587443, 16588314
1, 752, 464324, 16152730, 17153725
12, 2, 21
2, 752, 498957, 16588314, 17588797
1, 752, 498932, 17153725, 18154194
13, 2, 21
2, 752, 449929, 17588797, 18591357
1, 752, 449904, 18154194, 19156821
14, 2, 21
2, 752, 490305, 18591357, 19593669
1, 752, 490280, 19156821, 20158987
15, 2, 21
2, 752, 497515, 19593669, 20594179
1, 752, 497490, 20158987, 21159220
16, 2, 21
2, 752, 519145, 20594179, 21594577
1, 752, 519120, 21159220, 22159904
17, 2, 21
2, 752, 503283, 21594577, 22595848
1, 752, 503258, 22159904, 23161301
18, 2, 21
2, 752, 392249, 22595848, 23596521
1, 752, 392224, 23161301, 24161311
19, 2, 21
2, 752, 410995, 23596521, 24598062
1, 752, 410970, 24161311, 25163202
20, 2, 21
2, 752, 4351, 25604309, 25609626
1, 752, 451346, 25163202, 26167182
21, 2, 21
2, 752, 494631, 25609626, 26602962
1, 752, 497490, 26167182, 27168468
22, 2, 21
2, 752, 526355, 26602962, 27605098
1, 752, 526330, 27168468, 28170042
23, 2, 21
2, 752, 532123, 27605098, 28604772
1, 752, 532098, 28170042, 29170076
24, 2, 21
2, 752, 535007, 28604772, 29605044
1, 752, 534982, 29170076, 30170475
25, 2, 21
2, 752, 533565, 29605044, 30605591
1, 752, 533540, 30170475, 31170861
26, 2, 21
2, 752, 520587, 30605591, 31607887
1, 752, 520562, 31170861, 32172943
27, 2, 21
2, 752, 527797, 31607887, 32608191
1, 752, 527772, 32172943, 33173705
28, 2, 21
2, 752, 526355, 32608191, 33609612
1, 752, 526330, 33173705, 34174890
29, 2, 21
2, 752, 494631, 33609612, 34611753
1, 752, 494606, 34174890, 35177141
30, 2, 21
2, 752, 494631, 34611753, 35613644
1, 752, 494606, 35177141, 36178711
31, 2, 21
2, 752, 494631, 35613644, 36615791
1, 752, 494606, 36178711, 37180911
32, 2, 21
2, 752, 498957, 36615791, 37617315
1, 752, 498932, 37180911, 38182046
33, 2, 21
2, 752, 488863, 37617315, 38618513
1, 752, 488838, 38182046, 39183655
34, 2, 21
2, 752, 442719, 38618513, 39621842
1, 752, 442694, 39183655, 40186706
35, 2, 21
2, 752, 445603, 39621842, 40623628
1, 752, 445578, 40186706, 41188767
36, 2, 21
2, 752, 501841, 40623628, 41623847
1, 752, 501816, 41188767, 42188807
37, 2, 21
2, 752, 480211, 41623847, 42642123
1, 752, 480186, 42188807, 43198581
38, 2, 21
2, 752, 481653, 42642123, 43633881
1, 752, 481628, 43198581, 44198658
39, 2, 21
2, 752, 0, 44639947, 44649238
1, 752, 478744, 44198658, 45202962
40, 2, 21
2, 752, 493189, 44649238, 45638567
1, 752, 494606, 45202962, 46203746
41, 2, 21
2, 752, 474443, 45638567, 46641173
1, 752, 474418, 46203746, 47205941
42, 2, 21
2, 752, 493189, 46641173, 47642357
1, 752, 493164, 47205941, 48207237
43, 2, 21
2, 752, 460023, 47642357, 48643696
1, 752, 459998, 48207237, 49208750
44, 2, 21
2, 752, 497515, 48643696, 49646700
1, 752, 497490, 49208750, 50211693
45, 2, 21
2, 752, 507609, 49646700, 50651942
1, 752, 507584, 50211693, 51213932
46, 2, 21
2, 752, 481653, 50651942, 51652494
1, 752, 481628, 51213932, 52217672
47, 2, 21
2, 752, 488863, 51652494, 52654881
1, 752, 488838, 52217672, 53219714
48, 2, 21
2, 752, 483095, 52654881, 53656771
1, 752, 483070, 53219714, 54221973
49, 2, 21
2, 752, 491747, 53656771, 54657512
1, 752, 491722, 54221973, 55222639
50, 2, 21
2, 752, 506167, 54657512, 55658029
1, 752, 506142, 55222639, 56223117
51, 2, 21
2, 752, 478769, 55658029, 56658328
1, 752, 478744, 56223117, 57223482
52, 2, 21
2, 752, 478769, 56658328, 57658758
1, 752, 478744, 57223482, 58223942
53, 2, 21
2, 752, 452813, 57658758, 58661254
1, 752, 452788, 58223942, 59226501
54, 2, 21
2, 752, 503283, 58661254, 59662577
1, 752, 503258, 59226501, 60227735
55, 2, 21
2, 752, 496073, 59662577, 60665060
1, 752, 496048, 60227735, 61230233
56, 2, 21
2, 752, 503283, 60665060, 61665349
1, 752, 503258, 61230233, 62230570
57, 2, 21
2, 752, 490305, 61665349, 62666414
1, 752, 490280, 62230570, 63231488
58, 2, 21
2, 752, 449929, 62666414, 63670645
1, 752, 448462, 63231488, 64234529
