0, 2, 21
2, 211974, 5579469, 7583259
1, 211974, 6132809, 8136374
1, 2, 21
2, 222068, 7583259, 9588607
1, 222068, 8136374, 10141420
2, 2, 21
2, 1442, 9588607, 15719047
1, 1442, 10141420, 16271613
3, 1, 21
2, 246582, 15719047, 17724782
4, 1, 21
1, 223510, 16271613, 18277752
5, 1, 21
3, 278306, 16994607, 19006166
6, 1, 21
2, 513402, 17724782, 19727705
7, 1, 21
1, 213416, 18277752, 20287909
8, 1, 21
3, 265328, 19006166, 21010138
9, 1, 21
4, 268212, 18426999, 20476404
10, 1, 21
2, 716749, 19727705, 21733402
11, 1, 21
1, 200438, 20287909, 22299891
12, 1, 21
4, 263886, 20476404, 22519808
13, 1, 21
2, 581176, 21733402, 23744101
14, 1, 21
1, 197554, 22299891, 24309419
15, 1, 21
4, 255234, 22519808, 24528685
16, 1, 21
2, 460048, 23744101, 25753062
17, 1, 21
1, 200438, 24309419, 26317197
18, 1, 21
4, 279748, 24528685, 26533509
19, 2, 21
2, 498982, 25753062, 27765094
1, 217742, 26317197, 28317493
20, 1, 21
3, 144200, 21010138, 28066569
21, 1, 21
4, 272538, 26533509, 28540542
22, 1, 21
2, 641740, 27765094, 29768594
23, 1, 21
1, 219184, 28317493, 30327186
24, 1, 21
3, 273980, 28066569, 30073528
25, 1, 21
2, 697978, 29768594, 31770560
26, 1, 21
1, 227836, 30327186, 32335953
27, 1, 21
3, 294168, 30073528, 32080457
28, 1, 21
2, 465816, 31770560, 33773138
29, 1, 21
1, 226394, 32335953, 34338513
30, 1, 21
3, 109592, 32080457, 35074427
31, 1, 21
2, 161554, 33773138, 35777749
32, 1, 21
1, 122570, 34338513, 36342125
33, 1, 21
3, 542192, 35074427, 37084330
34, 1, 21
2, 742680, 35777749, 37780103
35, 1, 21
1, 201880, 36342125, 38350919
36, 1, 21
2, 514819, 37780103, 39781177
37, 1, 21
1, 211974, 38350919, 40353483
38, 1, 21
3, 340312, 37084330, 40465980
39, 1, 21
2, 385064, 39781177, 41790219
40, 1, 21
1, 187460, 40353483, 42362023
41, 1, 21
3, 559496, 40465980, 42470014
42, 1, 21
2, 790266, 41790219, 43793219
43, 1, 21
1, 200438, 42362023, 44367747
44, 1, 21
2, 324475, 43793219, 45798114
45, 1, 21
1, 194670, 44367747, 46378330
46, 1, 21
2, 190369, 45798114, 47798854
47, 1, 21
1, 191786, 46378330, 48388280
48, 1, 21
2, 203347, 47798854, 49800686
49, 1, 21
1, 203322, 48388280, 50391434
50, 1, 21
2, 170181, 49800686, 51807848
51, 1, 21
1, 170156, 50391434, 52397204
52, 1, 21
2, 230745, 51807848, 53819123
53, 1, 21
1, 229278, 52397204, 54397228
54, 1, 21
3, 359058, 42470014, 53479908
55, 1, 21
2, 791708, 53819123, 55820115
56, 1, 21
1, 227836, 54397228, 56399992
57, 1, 21
3, 646016, 53479908, 55480292
58, 1, 21
2, 882554, 55820115, 57821189
59, 1, 21
1, 230720, 56399992, 58402349
60, 1, 21
3, 648900, 55480292, 57483701
61, 1, 21
2, 745564, 57821189, 59822315
62, 1, 21
1, 233604, 58402349, 60416170
63, 1, 21
2, 222093, 59822315, 61830210
64, 1, 21
1, 222068, 60416170, 62420972
65, 1, 21
2, 223535, 61830210, 63831702
66, 1, 21
1, 223510, 62420972, 64427986
67, 1, 21
2, 213441, 63831702, 65843616
68, 1, 21
1, 213416, 64427986, 66433400
