0, 2, 21
2, 27398, 5903084, 6159373
1, 27398, 6461111, 6716232
1, 1, 21
1, 33166, 6716232, 7091297
2, 1, 21
2, 34633, 6159373, 6546826
3, 1, 21
1, 27398, 7091297, 7347116
4, 1, 21
2, 27423, 6546826, 6800698
5, 1, 21
1, 28840, 7347116, 7603949
6, 1, 21
2, 28865, 6800698, 7058009
7, 1, 21
1, 43260, 7603949, 7980422
8, 1, 21
2, 43285, 7058009, 7436669
9, 2, 21
2, 33166, 7436669, 7744695
1, 34608, 7980422, 8301669
10, 1, 21
2, 28840, 7744695, 8006081
11, 1, 21
1, 40376, 8301669, 8679943
12, 1, 21
2, 27423, 8006081, 8259296
13, 1, 21
2, 41818, 8259296, 8636224
14, 2, 21
2, 142758, 8636224, 16034925
1, 200438, 8679943, 16592575
15, 2, 21
2, 27398, 16034925, 16293399
1, 27398, 16592575, 16850370
16, 2, 21
2, 43260, 16293399, 16677524
1, 43260, 16850370, 17235579
17, 1, 21
1, 30282, 17235579, 17493611
18, 1, 21
1, 64890, 17493611, 18066392
19, 1, 21
2, 188952, 16677524, 18082800
20, 1, 21
3, 40376, 17319661, 17578036
21, 1, 21
2, 67799, 18082800, 18335911
22, 1, 21
3, 38934, 17578036, 17835071
23, 1, 21
3, 36050, 17835071, 18092505
24, 1, 21
2, 98106, 18335911, 18713986
25, 1, 21
3, 27398, 18092505, 18388661
26, 1, 21
2, 70683, 18713986, 19103350
27, 1, 21
1, 173040, 18066392, 19675063
28, 1, 21
3, 30282, 18388661, 18644789
29, 1, 21
2, 60614, 19103350, 19358571
30, 1, 21
1, 24514, 19675063, 19930116
31, 1, 21
3, 40376, 18644789, 18900532
32, 1, 21
2, 67824, 19358571, 19611467
33, 1, 21
1, 27398, 19930116, 20184046
34, 1, 21
3, 38934, 18900532, 19150538
35, 1, 21
3, 40376, 19150538, 19408408
36, 1, 21
2, 115435, 19611467, 19994003
37, 1, 21
1, 43260, 20184046, 20572703
38, 1, 21
4, 40376, 18753173, 19007518
39, 1, 21
3, 38934, 19408408, 19666920
40, 1, 21
2, 105341, 19994003, 20245333
41, 1, 21
4, 36050, 19007518, 19262882
42, 1, 21
3, 53354, 19666920, 20042375
43, 1, 21
1, 69216, 20572703, 21208114
44, 1, 21
4, 40376, 19262882, 19521145
45, 1, 21
2, 226494, 20245333, 20808413
46, 1, 21
1, 28840, 21208114, 21467715
47, 1, 21
4, 38934, 19521145, 19775445
48, 1, 21
4, 37492, 19775445, 20027606
49, 1, 21
1, 43260, 21467715, 21849460
50, 1, 21
2, 217842, 20808413, 21378433
51, 1, 21
4, 25956, 20027606, 20278950
52, 1, 21
3, 121128, 20042375, 20948321
53, 1, 21
2, 63498, 21378433, 21628485
54, 1, 21
1, 36050, 21849460, 22229536
55, 1, 21
4, 18746, 20278950, 20543595
56, 1, 21
3, 20188, 20948321, 21207641
57, 1, 21
2, 77943, 21628485, 21880231
58, 1, 21
1, 18746, 22229536, 22485822
59, 1, 21
4, 30282, 20543595, 20803706
60, 1, 21
3, 30282, 21207641, 21458074
61, 1, 21
1, 24514, 22485822, 22743900
62, 1, 21
4, 38934, 20803706, 21056508
63, 1, 21
2, 135673, 21880231, 22255590
64, 1, 21
3, 38934, 21458074, 21715579
65, 1, 21
1, 28840, 22743900, 22996528
66, 1, 21
2, 102432, 22255590, 22506181
67, 1, 21
4, 56238, 21056508, 21435382
68, 1, 21
3, 56238, 21715579, 22094053
69, 1, 21
1, 41818, 22996528, 23379176
70, 1, 21
2, 148601, 22506181, 22884640
71, 1, 21
2, 73542, 22884640, 23149495
72, 1, 21
4, 82194, 21435382, 22074948
73, 1, 21
2, 40401, 23149495, 23399673
74, 1, 21
4, 33166, 22074948, 22331204
75, 1, 21
1, 64890, 23379176, 24052224
76, 1, 21
2, 62056, 23399673, 23654070
77, 1, 21
4, 37492, 22331204, 22586382
78, 1, 21
1, 25956, 24052224, 24306617
79, 1, 21
4, 21630, 22586382, 22838169
80, 1, 21
2, 75059, 23654070, 24048144
81, 1, 21
1, 31724, 24306617, 24690929
82, 1, 21
4, 28840, 22838169, 23095191
83, 1, 21
2, 49078, 24048144, 24310180
84, 1, 21
1, 23072, 24690929, 24949214
85, 1, 21
4, 46144, 23095191, 23472412
86, 1, 21
1, 23072, 24949214, 25210218
87, 1, 21
2, 82269, 24310180, 24676561
88, 1, 21
4, 34608, 23472412, 23724323
89, 1, 21
1, 30282, 25210218, 25468643
90, 1, 21
2, 95222, 24676561, 25053088
91, 1, 21
4, 85078, 23724323, 24295459
92, 1, 21
1, 63448, 25468643, 26038159
93, 1, 21
4, 500374, 24295459, 27675219
94, 1, 21
3, 36050, 22094053, 28268131
95, 1, 21
2, 1068622, 25053088, 28995703
96, 1, 21
3, 36050, 28268131, 28536876
97, 1, 21
4, 47586, 27675219, 28052325
98, 1, 21
3, 25956, 28536876, 28793417
99, 1, 21
2, 121203, 28995703, 29370783
100, 1, 21
1, 452788, 26038159, 29958136
101, 1, 21
4, 33166, 28052325, 28306026
102, 1, 21
3, 36050, 28793417, 29046262
103, 1, 21
4, 37492, 28306026, 28556537
104, 1, 21
2, 151510, 29370783, 29750091
105, 1, 21
1, 41818, 29958136, 30343333
106, 1, 21
4, 34608, 28556537, 28809336
107, 1, 21
3, 47586, 29046262, 29425805
108, 1, 21
2, 92363, 29750091, 30003517
109, 1, 21
2, 100940, 30003517, 30256494
110, 1, 21
4, 54796, 28809336, 29185997
111, 1, 21
2, 147109, 30256494, 30631966
112, 1, 21
3, 152852, 29425805, 30580201
113, 1, 21
2, 210557, 30631966, 31264393
114, 1, 21
3, 56238, 30580201, 30957927
115, 1, 21
2, 102407, 31264393, 31642622
116, 1, 21
3, 272538, 30957927, 32873506
117, 1, 21
3, 36050, 32873506, 33131976
118, 1, 21
3, 11536, 33131976, 33383135
119, 2, 21
2, 552361, 31642622, 34124795
1, 464324, 30343333, 34681075
120, 1, 21
1, 18746, 34681075, 34941565
121, 1, 21
2, 25981, 34124795, 34520085
122, 1, 21
1, 14420, 34941565, 35204204
123, 2, 21
2, 28865, 34520085, 34900066
1, 21630, 35204204, 35457529
124, 2, 21
2, 14420, 34900066, 35152466
1, 14420, 35457529, 35709171
125, 1, 21
1, 18746, 35709171, 35970096
126, 1, 21
2, 27423, 35152466, 35530530
127, 1, 21
1, 23072, 35970096, 36220239
128, 2, 21
2, 44727, 35530530, 35919539
1, 30282, 36220239, 36476205
129, 1, 21
3, 2884, 33383135, 35394241
130, 1, 21
2, 96639, 35919539, 36170003
131, 1, 21
3, 83636, 35394241, 35648079
132, 1, 21
1, 43260, 36476205, 36854390
133, 1, 21
2, 119736, 36170003, 36421111
134, 1, 21
3, 105266, 35648079, 36054283
135, 1, 21
2, 67799, 36421111, 36672221
136, 1, 21
1, 41818, 36854390, 37314658
137, 1, 21
3, 56238, 36054283, 36308397
138, 1, 21
2, 54846, 36672221, 36927805
139, 1, 21
1, 12978, 37314658, 37568451
140, 1, 21
3, 43260, 36308397, 36559993
141, 1, 21
2, 82244, 36927805, 37180722
142, 1, 21
1, 28840, 37568451, 37824137
143, 1, 21
3, 87962, 36559993, 36810179
144, 1, 21
2, 121178, 37180722, 37431426
145, 1, 21
3, 87962, 36810179, 37061763
146, 1, 21
1, 44702, 37824137, 38208041
147, 1, 21
2, 173090, 37431426, 37810253
148, 1, 21
3, 85078, 37061763, 37315558
149, 1, 21
2, 109617, 37810253, 38064378
150, 1, 21
3, 82194, 37315558, 37568149
151, 1, 21
3, 111034, 37568149, 37950513
152, 1, 21
2, 223560, 38064378, 38627056
153, 1, 21
1, 128338, 38208041, 39360602
154, 1, 21
3, 85078, 37950513, 38237235
155, 1, 21
2, 108200, 38627056, 38879849
156, 1, 21
2, 59122, 38879849, 39143855
157, 1, 21
1, 40376, 39360602, 39740515
158, 1, 21
2, 25981, 39143855, 39401239
159, 1, 21
1, 24514, 39740515, 39999194
160, 1, 21
2, 24539, 39401239, 39673268
161, 1, 21
1, 24514, 39999194, 40257313
162, 1, 21
1, 34608, 40257313, 40636463
163, 1, 21
1, 30282, 40636463, 40895433
164, 1, 21
1, 30282, 40895433, 41152126
165, 1, 21
1, 28840, 41152126, 41417122
166, 1, 21
2, 139999, 39673268, 40995190
167, 1, 21
1, 21630, 41417122, 41713808
168, 1, 21
3, 53354, 38237235, 40631228
169, 1, 21
2, 36100, 40995190, 41248603
170, 1, 21
1, 28840, 41713808, 42041733
171, 1, 21
2, 82219, 41248603, 41507563
172, 1, 21
3, 77868, 40631228, 40948809
173, 1, 21
2, 100965, 41507563, 41757848
174, 1, 21
1, 44702, 42041733, 42424222
175, 1, 21
3, 113918, 40948809, 41325279
176, 1, 21
2, 109642, 41757848, 42008734
177, 1, 21
3, 79310, 41325279, 41575320
178, 1, 21
2, 164413, 42008734, 42386425
179, 1, 21
3, 122570, 41575320, 41953806
180, 1, 21
2, 154319, 42386425, 42769274
181, 1, 21
1, 100940, 42424222, 43332435
182, 1, 21
3, 139874, 41953806, 42460573
183, 1, 21
1, 28840, 43332435, 43588730
184, 1, 21
2, 150043, 42769274, 43147507
185, 1, 21
3, 77868, 42460573, 42712339
186, 1, 21
2, 108175, 43147507, 43397917
187, 1, 21
1, 44702, 43588730, 43975477
188, 1, 21
3, 124012, 42712339, 43089508
189, 1, 21
2, 237980, 43397917, 43964274
190, 1, 21
3, 108150, 43089508, 43467076
191, 1, 21
1, 69216, 43975477, 44616104
192, 1, 21
2, 103874, 43964274, 44217198
193, 1, 21
1, 37492, 44616104, 45010115
194, 1, 21
2, 38959, 44217198, 44543434
195, 1, 21
1, 25956, 45010115, 45271550
196, 1, 21
2, 28865, 44543434, 44805725
197, 1, 21
1, 23072, 45271550, 45521982
198, 1, 21
2, 28865, 44805725, 45185703
199, 1, 21
1, 20188, 45521982, 45783320
200, 1, 21
1, 30282, 45783320, 46164316
201, 1, 21
1, 15862, 46164316, 46420748
202, 1, 21
1, 18746, 46420748, 46670755
203, 2, 21
2, 101040, 45185703, 46403356
1, 31724, 46670755, 46960641
204, 2, 21
2, 43260, 46403356, 46786475
1, 43260, 46960641, 47344223
205, 2, 21
2, 190344, 46786475, 48451949
1, 190344, 47344223, 49009436
206, 2, 21
2, 33166, 48451949, 48844570
1, 33166, 49009436, 49401356
207, 2, 21
2, 17304, 48844570, 49097993
1, 17304, 49401356, 49654862
208, 2, 21
2, 25956, 49097993, 49349989
1, 25956, 49654862, 49906953
209, 2, 21
2, 34608, 49349989, 49728388
1, 34608, 49906953, 50286053
210, 2, 21
2, 14420, 49728388, 49990240
1, 14420, 50286053, 50547888
211, 2, 21
2, 21630, 49990240, 50254598
1, 21630, 50547888, 50812342
212, 2, 21
2, 30282, 50254598, 50638195
1, 30282, 50812342, 51196084
213, 2, 21
2, 73542, 50638195, 51340221
1, 73542, 51196084, 51897603
214, 2, 21
2, 44702, 51340221, 51717109
1, 44702, 51897603, 52273830
215, 1, 21
3, 74984, 43467076, 53429480
216, 1, 21
2, 340337, 51717109, 54153458
217, 1, 21
3, 85078, 53429480, 53681423
218, 1, 21
2, 111059, 54153458, 54406183
219, 1, 21
3, 121128, 53681423, 54060080
220, 1, 21
2, 171623, 54406183, 54782603
221, 1, 21
3, 139874, 54060080, 54441231
222, 1, 21
2, 124037, 54782603, 55034890
223, 1, 21
3, 138432, 54441231, 54818857
224, 1, 21
2, 269679, 55034890, 55597636
225, 1, 21
3, 129780, 54818857, 55197474
226, 1, 21
2, 116827, 55597636, 55848981
227, 1, 21
3, 132664, 55197474, 55576559
228, 1, 21
2, 145667, 55848981, 56167328
229, 1, 21
2, 175924, 56167328, 56544171
230, 1, 21
2, 1152158, 56544171, 59193106
231, 1, 21
2, 28840, 59193106, 59452260
232, 1, 21
2, 41818, 59452260, 59838052
233, 1, 21
1, 1162252, 52273830, 62276225
234, 1, 21
1, 99498, 62276225, 63173848
235, 1, 21
1, 41818, 63173848, 63561480
236, 1, 21
2, 581201, 59838052, 65098187
237, 1, 21
2, 27398, 65098187, 65350679
238, 1, 21
2, 43260, 65350679, 65734721
