0, 2, 21
2, 72100, 5658444, 6405575
1, 72104, 6216057, 6963615
1, 2, 21
2, 144200, 6405575, 7697824
1, 144204, 6963615, 8255896
2, 2, 21
2, 144200, 7697824, 8985065
1, 144204, 8255896, 9542468
3, 2, 21
2, 217742, 8985065, 17046134
1, 217746, 9542468, 17604302
4, 2, 21
2, 82194, 17046134, 17705777
1, 72104, 17604302, 18263674
5, 2, 21
2, 82194, 17705777, 18016921
1, 36054, 18263674, 18575075
6, 2, 21
2, 43260, 18016921, 18177278
1, 18750, 18575075, 18735494
7, 2, 21
2, 23072, 18177278, 18265018
1, 10098, 18735494, 18823239
8, 2, 21
2, 340312, 18265018, 19668501
1, 144204, 18823239, 20226634
9, 2, 21
2, 271096, 19668501, 20333998
1, 72104, 20226634, 20891606
10, 2, 21
2, 135548, 20333998, 20654973
1, 36054, 20891606, 21212910
11, 2, 21
2, 69216, 20654973, 20823057
1, 18750, 21212910, 21381310
12, 2, 21
2, 497490, 20823057, 22270979
1, 144204, 21381310, 22829238
13, 2, 21
2, 211974, 22270979, 22913481
1, 72104, 22829238, 23471650
14, 2, 21
2, 98056, 22913481, 23355891
1, 36054, 23471650, 23912964
15, 2, 21
2, 40376, 23355891, 23527660
1, 18750, 23912964, 24085498
16, 2, 21
2, 12978, 23527660, 23623366
1, 10098, 24085498, 24181252
17, 2, 21
2, 341754, 23623366, 25109235
1, 144204, 24181252, 25666280
18, 2, 21
2, 330218, 25109235, 26330613
1, 144204, 25666280, 26887145
19, 2, 21
2, 164388, 26330613, 26947647
1, 72104, 26887145, 27505437
20, 2, 21
2, 327334, 26947647, 28192206
1, 144204, 27505437, 28749867
21, 2, 21
2, 447020, 28192206, 29499147
1, 144204, 28749867, 30054809
22, 2, 21
2, 255234, 29499147, 30135694
1, 72104, 30054809, 30693587
23, 2, 21
2, 122570, 30135694, 30443730
1, 36054, 30693587, 31001613
24, 2, 21
2, 353290, 30443730, 31660483
1, 144204, 31001613, 32218471
25, 2, 21
2, 162946, 31660483, 32272098
1, 72104, 32218471, 32830106
26, 2, 21
2, 80752, 32272098, 32578097
1, 36054, 32830106, 33135693
27, 2, 21
2, 246582, 32578097, 34437953
1, 144204, 33135693, 34995888
28, 2, 21
2, 72100, 34437953, 35386986
1, 72104, 34995888, 35944165
29, 2, 21
2, 92288, 35386986, 35693285
1, 36054, 35944165, 36250840
30, 2, 21
2, 77868, 35693285, 35863534
1, 18750, 36250840, 36421304
31, 2, 21
2, 41818, 35863534, 35949386
1, 10098, 36421304, 36507188
32, 2, 21
2, 18746, 35949386, 35997774
1, 5772, 36507188, 36555487
33, 2, 21
2, 543634, 35997774, 37485408
1, 144204, 36555487, 38043177
34, 2, 21
2, 266770, 37485408, 38141743
1, 72104, 38043177, 38699562
35, 2, 21
2, 138432, 38141743, 38470220
1, 36054, 38699562, 39027333
36, 2, 21
2, 167272, 38470220, 39919130
1, 144204, 39027333, 40477036
37, 2, 21
2, 72100, 39919130, 40541219
1, 72104, 40477036, 41098457
38, 2, 21
2, 514794, 40541219, 41984877
1, 144204, 41098457, 42542172
39, 2, 21
2, 262444, 41984877, 42653683
1, 72104, 42542172, 43210851
40, 2, 21
2, 136990, 42653683, 42965658
1, 36054, 43210851, 43523325
41, 2, 21
2, 72100, 42965658, 43126500
1, 18750, 43523325, 43683954
42, 2, 21
2, 343196, 43126500, 44525251
1, 144204, 43683954, 45083138
43, 2, 21
2, 72100, 44525251, 45476856
1, 72104, 45083138, 46034122
44, 2, 21
2, 36050, 45476856, 45928903
1, 36054, 46034122, 46486111
45, 2, 21
2, 144200, 45928903, 47188475
1, 144204, 46486111, 47745737
46, 2, 21
2, 72100, 47188475, 47791360
1, 72104, 47745737, 48348408
47, 2, 21
2, 144200, 47791360, 49379610
1, 144204, 48348408, 49936928
48, 2, 21
2, 144200, 49379610, 51043811
1, 144204, 49936928, 51601044
49, 2, 21
2, 144200, 51043811, 52262294
1, 144204, 51601044, 52820240
50, 2, 21
2, 72100, 52262294, 52872485
1, 72104, 52820240, 53430305
51, 2, 21
2, 337428, 52872485, 54109499
1, 144204, 53430305, 54667360
52, 2, 21
2, 291284, 54109499, 54714068
1, 72104, 54667360, 55271968
53, 2, 21
2, 147084, 54714068, 55020605
1, 36054, 55271968, 55578482
54, 2, 21
2, 568148, 55020605, 56253955
1, 144204, 55578482, 56811692
55, 2, 21
2, 556612, 56253955, 57465944
1, 144204, 56811692, 58023670
56, 2, 21
2, 511910, 57465944, 58691139
1, 144204, 58023670, 59249123
57, 2, 21
2, 144200, 58691139, 59998509
1, 144204, 59249123, 60556694
58, 2, 21
2, 72100, 59998509, 60642110
1, 72104, 60556694, 61200301
59, 2, 21
2, 144200, 60642110, 61893919
1, 144204, 61200301, 62452135
60, 2, 21
2, 144200, 61893919, 63255831
1, 144204, 62452135, 63814036
61, 2, 21
2, 144200, 63255831, 64586144
1, 144204, 63814036, 65143797
