0, 2, 21
2, 27398, 5575206, 5832262
1, 27398, 6149809, 6406746
1, 2, 21
2, 27398, 5832262, 6137779
1, 27398, 6406746, 6712128
2, 2, 21
2, 25956, 6137779, 6399629
1, 25956, 6712128, 6973906
3, 2, 21
2, 28840, 6399629, 6652904
1, 28840, 6973906, 7227184
4, 2, 21
2, 28840, 6652904, 6909408
1, 28840, 7227184, 7483783
5, 2, 21
2, 28840, 6909408, 7166154
1, 28840, 7483783, 7740449
6, 2, 21
2, 27398, 7166154, 7416258
1, 27398, 7740449, 7990703
7, 2, 21
2, 27398, 7416258, 7666596
1, 27398, 7990703, 8240852
8, 2, 21
2, 27398, 7666596, 7921397
1, 27398, 8240852, 8495820
9, 2, 21
2, 28840, 7921397, 8179641
1, 28840, 8495820, 8753899
10, 2, 21
2, 28840, 8179641, 8439051
1, 28840, 8753899, 9013337
11, 2, 21
2, 28840, 8439051, 8691369
1, 28840, 9013337, 9265843
12, 2, 21
2, 28840, 8691369, 8952370
1, 28840, 9265843, 9526683
13, 2, 21
2, 28840, 8952370, 9212208
1, 28840, 9526683, 9786224
14, 2, 21
2, 27398, 9212208, 9465533
1, 27398, 9786224, 10039873
15, 2, 21
2, 14420, 9465533, 15708689
1, 14420, 10039873, 16283031
16, 2, 21
2, 27398, 15708689, 15965491
1, 27398, 16283031, 16539771
17, 2, 21
2, 28840, 15965491, 16227203
1, 28840, 16539771, 16801547
18, 2, 21
2, 30282, 16227203, 16483306
1, 30282, 16801547, 17057735
19, 2, 21
2, 30282, 16483306, 16743116
1, 30282, 17057735, 17317529
20, 2, 21
2, 28840, 16743116, 16995140
1, 28840, 17317529, 17569602
21, 2, 21
2, 27398, 16995140, 17247216
1, 27398, 17569602, 17821698
22, 2, 21
2, 27398, 17247216, 17503413
1, 27398, 17821698, 18077759
23, 2, 21
2, 60564, 17503413, 17755131
1, 28840, 18077759, 18328966
24, 1, 21
3, 38934, 17003495, 17253701
25, 1, 21
2, 67799, 17755131, 18009996
26, 1, 21
1, 30282, 18328966, 18588586
27, 1, 21
3, 38934, 17253701, 17510829
28, 1, 21
2, 64940, 18009996, 18260247
29, 1, 21
1, 30282, 18588586, 18846988
30, 1, 21
3, 36050, 17510829, 17765335
31, 1, 21
2, 63498, 18260247, 18517274
32, 1, 21
1, 30282, 18846988, 19106171
33, 1, 21
3, 28840, 17765335, 18073415
34, 1, 21
2, 38984, 18517274, 18768840
35, 1, 21
1, 18746, 19106171, 19362324
36, 1, 21
3, 30282, 18073415, 18329712
37, 1, 21
2, 60614, 18768840, 19024163
38, 1, 21
1, 24514, 19362324, 19617390
39, 1, 21
3, 40376, 18329712, 18585470
40, 1, 21
2, 69266, 19024163, 19281132
41, 1, 21
1, 27398, 19617390, 19871460
42, 1, 21
3, 40376, 18585470, 18844171
43, 1, 21
2, 67824, 19281132, 19539117
44, 1, 21
1, 28840, 19871460, 20129278
45, 1, 21
3, 40376, 18844171, 19101962
46, 1, 21
2, 106758, 19539117, 19796126
47, 1, 21
4, 40376, 18434442, 18687364
48, 1, 21
1, 28840, 20129278, 20385077
49, 1, 21
3, 38934, 19101962, 19362681
50, 1, 21
2, 101015, 19796126, 20048039
51, 1, 21
4, 36050, 18687364, 18941206
52, 1, 21
1, 28840, 20385077, 20635099
53, 1, 21
3, 36050, 19362681, 19613612
54, 1, 21
2, 103899, 20048039, 20304929
55, 1, 21
4, 40376, 18941206, 19194317
56, 1, 21
1, 25956, 20635099, 20893682
57, 1, 21
3, 37492, 19613612, 19868168
58, 2, 21
2, 106783, 20304929, 20556143
4, 38934, 19194317, 19445736
59, 1, 21
1, 28840, 20893682, 21153178
60, 1, 21
3, 38934, 19868168, 20124828
61, 2, 21
2, 103874, 20556143, 20806857
4, 37492, 19445736, 19697013
62, 1, 21
1, 28840, 21153178, 21411019
63, 1, 21
3, 37492, 20124828, 20375318
64, 2, 21
2, 82244, 20806857, 21058907
4, 25956, 19697013, 19948723
65, 1, 21
1, 28840, 21411019, 21662919
66, 1, 21
3, 23072, 20375318, 20630886
67, 1, 21
2, 62081, 21058907, 21311061
68, 1, 21
4, 17304, 19948723, 20201070
69, 1, 21
1, 21630, 21662919, 21914557
70, 1, 21
3, 20188, 20630886, 20889832
71, 1, 21
2, 79360, 21311061, 21566850
72, 1, 21
4, 31724, 20201070, 20474229
73, 1, 21
1, 18746, 21914557, 22170073
74, 1, 21
3, 30282, 20889832, 21141737
75, 1, 21
2, 90921, 21566850, 21819258
76, 1, 21
4, 38934, 20474229, 20725260
77, 1, 21
1, 24514, 22170073, 22423530
78, 1, 21
3, 37492, 21141737, 21391801
79, 1, 21
2, 105341, 21819258, 22069844
80, 1, 21
4, 38934, 20725260, 20985313
81, 1, 21
1, 30282, 22423530, 22680897
82, 1, 21
3, 37492, 21391801, 21647545
83, 1, 21
2, 103899, 22069844, 22323461
84, 1, 21
4, 37492, 20985313, 21236337
85, 1, 21
1, 28840, 22680897, 22937280
86, 1, 21
3, 38934, 21647545, 21914647
87, 1, 21
2, 102457, 22323461, 22579016
88, 1, 21
4, 37492, 21236337, 21488291
89, 1, 21
1, 27398, 22937280, 23189055
90, 1, 21
2, 56288, 22579016, 22836870
91, 1, 21
4, 24514, 21488291, 21742831
92, 1, 21
1, 30282, 23189055, 23452359
93, 1, 21
2, 49078, 22836870, 23087175
94, 1, 21
4, 33166, 21742831, 21995317
95, 1, 21
1, 18746, 23452359, 23717550
96, 1, 21
2, 62056, 23087175, 23343206
97, 1, 21
4, 37492, 21995317, 22254261
98, 1, 21
1, 25956, 23717550, 23971754
99, 1, 21
2, 49078, 23343206, 23594144
100, 1, 21
4, 21630, 22254261, 22506783
101, 1, 21
1, 27398, 23971754, 24238259
102, 1, 21
2, 44752, 23594144, 23845621
103, 1, 21
4, 28840, 22506783, 22763481
104, 1, 21
1, 15862, 24238259, 24493468
105, 1, 21
2, 47636, 23845621, 24096809
106, 1, 21
4, 27398, 22763481, 23018341
107, 1, 21
1, 21630, 24493468, 24744152
108, 1, 21
2, 62056, 24096809, 24348035
109, 1, 21
4, 37492, 23018341, 23270807
110, 1, 21
1, 27398, 24744152, 24997071
111, 1, 21
2, 64940, 24348035, 24601646
112, 1, 21
4, 36050, 23270807, 23524242
113, 1, 21
1, 27398, 24997071, 25253729
114, 1, 21
2, 64940, 24601646, 24854745
115, 1, 21
4, 37492, 23524242, 23776428
116, 1, 21
1, 28840, 25253729, 25507137
117, 1, 21
2, 66382, 24854745, 25104852
118, 1, 21
4, 36050, 23776428, 24028965
119, 1, 21
1, 30282, 25507137, 25762748
120, 1, 21
2, 66382, 25104852, 25357519
121, 1, 21
4, 37492, 24028965, 24288158
122, 1, 21
1, 30282, 25762748, 26018274
123, 1, 21
2, 63498, 25357519, 25608370
124, 1, 21
4, 37492, 24288158, 24544687
125, 1, 21
1, 28840, 26018274, 26268453
126, 1, 21
2, 69266, 25608370, 25858650
127, 1, 21
4, 38934, 24544687, 24795847
128, 1, 21
1, 30282, 26268453, 26525700
129, 1, 21
2, 69266, 25858650, 26110732
130, 1, 21
4, 40376, 24795847, 25050459
131, 1, 21
1, 30282, 26525700, 26781897
132, 1, 21
2, 69266, 26110732, 26366667
133, 1, 21
4, 38934, 25050459, 25308247
134, 1, 21
1, 30282, 26781897, 27038215
135, 1, 21
2, 67824, 26366667, 26623575
136, 1, 21
4, 37492, 25308247, 25559929
137, 1, 21
1, 28840, 27038215, 27290687
138, 1, 21
2, 66382, 26623575, 26874166
139, 1, 21
4, 37492, 25559929, 25816681
140, 1, 21
1, 30282, 27290687, 27551164
141, 1, 21
2, 63498, 26874166, 27125927
142, 1, 21
4, 36050, 25816681, 26073237
143, 1, 21
1, 28840, 27551164, 27813376
144, 1, 21
2, 66382, 27125927, 27378779
145, 1, 21
4, 38934, 26073237, 26324699
146, 1, 21
1, 30282, 27813376, 28074276
147, 1, 21
2, 67824, 27378779, 27630840
148, 1, 21
4, 37492, 26324699, 26576423
149, 1, 21
1, 30282, 28074276, 28335921
150, 1, 21
2, 66382, 27630840, 27882029
151, 1, 21
4, 36050, 26576423, 26827325
152, 1, 21
1, 30282, 28335921, 28595189
153, 1, 21
2, 67824, 27882029, 28137501
154, 1, 21
4, 38934, 26827325, 27085909
155, 1, 21
1, 30282, 28595189, 28852894
156, 1, 21
2, 64940, 28137501, 28388894
157, 1, 21
4, 34608, 27085909, 27343555
158, 1, 21
3, 17304, 21914647, 27956477
159, 1, 21
1, 30282, 28852894, 29109930
160, 1, 21
2, 83711, 28388894, 28641000
161, 1, 21
4, 37492, 27343555, 27605615
162, 1, 21
3, 34608, 27956477, 28209919
163, 1, 21
1, 30282, 29109930, 29369080
164, 1, 21
2, 83711, 28641000, 28895198
165, 1, 21
4, 25956, 27605615, 27856242
166, 1, 21
3, 24514, 28209919, 28470377
167, 1, 21
1, 24514, 29369080, 29629454
168, 1, 21
2, 90921, 28895198, 29145488
169, 1, 21
4, 40376, 27856242, 28115299
170, 1, 21
3, 38934, 28470377, 28727126
171, 1, 21
1, 27398, 29629454, 29880274
172, 1, 21
2, 103899, 29145488, 29399334
173, 1, 21
4, 34608, 28115299, 28369674
174, 1, 21
3, 34608, 28727126, 28986228
175, 1, 21
1, 28840, 29880274, 30138612
176, 1, 21
2, 95247, 29399334, 29654298
177, 1, 21
4, 37492, 28369674, 28628161
178, 1, 21
3, 37492, 28986228, 29238428
179, 1, 21
1, 27398, 30138612, 30396311
180, 1, 21
2, 102457, 29654298, 29908711
181, 1, 21
4, 37492, 28628161, 28885922
182, 1, 21
3, 36050, 29238428, 29489685
183, 1, 21
1, 30282, 30396311, 30655355
184, 1, 21
2, 102457, 29908711, 30158744
185, 1, 21
4, 37492, 28885922, 29140975
186, 1, 21
3, 36050, 29489685, 29741037
187, 1, 21
1, 30282, 30655355, 30916401
188, 1, 21
2, 99573, 30158744, 30411202
189, 1, 21
4, 36050, 29140975, 29397630
190, 1, 21
3, 36050, 29741037, 30000412
191, 1, 21
1, 30282, 30916401, 31172732
192, 1, 21
2, 95247, 30411202, 30664676
193, 1, 21
3, 37492, 30000412, 30253206
194, 1, 21
1, 30282, 31172732, 31428426
195, 1, 21
2, 66382, 30664676, 30914713
196, 1, 21
3, 38934, 30253206, 30513269
197, 1, 21
1, 30282, 31428426, 31685672
198, 1, 21
2, 69266, 30914713, 31171465
199, 1, 21
3, 37492, 30513269, 30765919
200, 1, 21
1, 30282, 31685672, 31940078
201, 1, 21
2, 66382, 31171465, 31421960
202, 1, 21
3, 37492, 30765919, 31016066
203, 1, 21
1, 30282, 31940078, 32196206
204, 1, 21
2, 67824, 31421960, 31674648
205, 1, 21
3, 36050, 31016066, 31269221
206, 1, 21
1, 30282, 32196206, 32452870
207, 1, 21
2, 66382, 31674648, 31927175
208, 1, 21
3, 38934, 31269221, 31520545
209, 1, 21
1, 30282, 32452870, 32709642
210, 1, 21
2, 69266, 31927175, 32186001
211, 1, 21
3, 37492, 31520545, 31775915
212, 1, 21
1, 30282, 32709642, 32969510
213, 1, 21
2, 66382, 32186001, 32439886
214, 1, 21
3, 37492, 31775915, 32030325
215, 1, 21
1, 30282, 32969510, 33222632
216, 1, 21
2, 69266, 32439886, 32692731
217, 1, 21
3, 34608, 32030325, 32287856
218, 1, 21
1, 28840, 33222632, 33473946
219, 1, 21
2, 56288, 32692731, 32943587
220, 1, 21
3, 31724, 32287856, 32544116
221, 1, 21
1, 27398, 33473946, 33734097
222, 1, 21
2, 63498, 32943587, 33198726
223, 1, 21
3, 25956, 32544116, 32842032
224, 1, 21
1, 25956, 33734097, 33999054
225, 1, 21
2, 37542, 33198726, 33475645
226, 2, 21
2, 8652, 33475645, 33798493
1, 8652, 33999054, 34371889
227, 2, 21
2, 18746, 33798493, 34058416
1, 18746, 34371889, 34632506
228, 2, 21
2, 14420, 34058416, 34321549
1, 14420, 34632506, 34895121
229, 2, 21
2, 21630, 34321549, 34574891
1, 21630, 34895121, 35148473
230, 2, 21
2, 14420, 34574891, 34826459
1, 14420, 35148473, 35400106
231, 2, 21
2, 18746, 34826459, 35087456
1, 18746, 35400106, 35660910
232, 2, 21
2, 23072, 35087456, 35337830
1, 23072, 35660910, 35911170
233, 1, 21
3, 5768, 32842032, 34939163
234, 1, 21
2, 62031, 35337830, 35590026
235, 1, 21
1, 30282, 35911170, 36167053
236, 1, 21
3, 83636, 34939163, 35192978
237, 1, 21
2, 116852, 35590026, 35840753
238, 1, 21
1, 28840, 36167053, 36424776
239, 1, 21
3, 80752, 35192978, 35496204
240, 1, 21
2, 90896, 35840753, 36094246
241, 1, 21
1, 30282, 36424776, 36749395
242, 1, 21
3, 67774, 35496204, 35749238
243, 1, 21
2, 73592, 36094246, 36347362
244, 1, 21
1, 25956, 36749395, 37006049
245, 1, 21
3, 28840, 35749238, 36006874
246, 1, 21
2, 50520, 36347362, 36601484
247, 1, 21
1, 12978, 37006049, 37259771
248, 1, 21
3, 80752, 36006874, 36256931
249, 1, 21
2, 112526, 36601484, 36852409
250, 1, 21
1, 28840, 37259771, 37515393
251, 1, 21
3, 90846, 36256931, 36510208
252, 1, 21
2, 119736, 36852409, 37105457
253, 1, 21
1, 30282, 37515393, 37771454
254, 1, 21
3, 86520, 36510208, 36764560
255, 1, 21
2, 115410, 37105457, 37357403
256, 1, 21
1, 28840, 37771454, 38022574
257, 1, 21
3, 80752, 36764560, 37015273
258, 1, 21
2, 109642, 37357403, 37609408
259, 1, 21
1, 28840, 38022574, 38282753
260, 1, 21
3, 74984, 37015273, 37267816
261, 1, 21
2, 102432, 37609408, 37862656
262, 1, 21
1, 27398, 38282753, 38534130
263, 1, 21
3, 70658, 37267816, 37517993
264, 1, 21
2, 96664, 37862656, 38113788
265, 1, 21
1, 27398, 38534130, 38789560
266, 1, 21
3, 77868, 37517993, 37768438
267, 1, 21
2, 108200, 38113788, 38365907
268, 1, 21
1, 30282, 38789560, 39051629
269, 1, 21
2, 72125, 38365907, 38623512
270, 1, 21
1, 28840, 39051629, 39305128
271, 1, 21
2, 25981, 38623512, 38881607
272, 1, 21
1, 25956, 39305128, 39568271
273, 1, 21
2, 24539, 38881607, 39141137
274, 1, 21
1, 23072, 39568271, 39819951
275, 1, 21
2, 24539, 39141137, 39400926
276, 1, 21
1, 21630, 39819951, 40078096
277, 1, 21
2, 21655, 39400926, 39660423
278, 1, 21
1, 25956, 40078096, 40339531
279, 1, 21
2, 28865, 39660423, 39915127
280, 1, 21
1, 30282, 40339531, 40598886
281, 1, 21
2, 30307, 39915127, 40172328
282, 1, 21
1, 30282, 40598886, 40855265
283, 1, 21
2, 30307, 40172328, 40431968
284, 1, 21
1, 27398, 40855265, 41107981
285, 1, 21
2, 24539, 40431968, 40683965
286, 1, 21
3, 59122, 37768438, 40171883
287, 1, 21
1, 21630, 41107981, 41404576
288, 1, 21
2, 93780, 40683965, 40937323
289, 1, 21
3, 77868, 40171883, 40485276
290, 1, 21
1, 28840, 41404576, 41732593
291, 1, 21
2, 72150, 40937323, 41190714
292, 1, 21
3, 74984, 40485276, 40737848
293, 1, 21
1, 30282, 41732593, 41994960
294, 1, 21
2, 109642, 41190714, 41443776
295, 1, 21
3, 83636, 40737848, 40991368
296, 1, 21
1, 30282, 41994960, 42251245
297, 1, 21
2, 109642, 41443776, 41696377
298, 1, 21
3, 82194, 40991368, 41245187
299, 1, 21
1, 30282, 42251245, 42513808
300, 1, 21
2, 113968, 41696377, 41947156
301, 1, 21
3, 82194, 41245187, 41496719
302, 2, 21
2, 108175, 41947156, 42198021
1, 30282, 42513808, 42771534
303, 1, 21
3, 70658, 41496719, 41765791
304, 2, 21
2, 85103, 42198021, 42448833
1, 24514, 42771534, 43022975
305, 1, 21
3, 76426, 41765791, 42019395
306, 2, 21
2, 109617, 42448833, 42706023
1, 28840, 43022975, 43279977
307, 1, 21
3, 79310, 42019395, 42271591
308, 2, 21
2, 111059, 42706023, 42956314
1, 28840, 43279977, 43530385
309, 1, 21
3, 83636, 42271591, 42521634
310, 1, 21
2, 111059, 42956314, 43207992
311, 1, 21
1, 30282, 43530385, 43791084
312, 1, 21
3, 82194, 42521634, 42774568
313, 1, 21
2, 105316, 43207992, 43462392
314, 1, 21
1, 28840, 43791084, 44053061
315, 1, 21
3, 67774, 42774568, 43026064
316, 1, 21
2, 105316, 43462392, 43714971
317, 1, 21
1, 25956, 44053061, 44307390
318, 2, 21
2, 34633, 43714971, 43999001
1, 25956, 44307390, 44573055
319, 2, 21
2, 23072, 43999001, 44257800
1, 23072, 44573055, 44830958
320, 2, 21
2, 27398, 44257800, 44509665
1, 27398, 44830958, 45082883
321, 2, 21
2, 18746, 44509665, 44783073
1, 18746, 45082883, 45356318
322, 2, 21
2, 20188, 44783073, 45034007
1, 20188, 45356318, 45607227
323, 2, 21
2, 23072, 45034007, 45305644
1, 23072, 45607227, 45878905
324, 2, 21
2, 17304, 45305644, 45565069
1, 17304, 45878905, 46138346
325, 2, 21
2, 18746, 45565069, 45820840
1, 18746, 46138346, 46394260
326, 2, 21
2, 28840, 45820840, 46077290
1, 28840, 46394260, 46650533
327, 2, 21
2, 28840, 46077290, 46327358
1, 28840, 46650533, 46900760
328, 2, 21
2, 28840, 46327358, 46584181
1, 28840, 46900760, 47157481
329, 2, 21
2, 30282, 46584181, 46844276
1, 30282, 47157481, 47417549
330, 2, 21
2, 30282, 46844276, 47103621
1, 30282, 47417549, 47677112
331, 2, 21
2, 30282, 47103621, 47362098
1, 30282, 47677112, 47936037
332, 2, 21
2, 30282, 47362098, 47614213
1, 30282, 47936037, 48188313
333, 2, 21
2, 30282, 47614213, 47873355
1, 30282, 48188313, 48447394
334, 2, 21
2, 24514, 47873355, 48125138
1, 24514, 48447394, 48699262
335, 2, 21
2, 23072, 48125138, 48377772
1, 23072, 48699262, 48951901
336, 2, 21
2, 18746, 48377772, 48656064
1, 18746, 48951901, 49230265
337, 2, 21
2, 24514, 48656064, 48909600
1, 24514, 49230265, 49483761
338, 2, 21
2, 24514, 48909600, 49175604
1, 24514, 49483761, 49748863
339, 2, 21
2, 21630, 49175604, 49442972
1, 21630, 49748863, 50016086
340, 2, 21
2, 15862, 49442972, 49696431
1, 15862, 50016086, 50269780
341, 2, 21
2, 21630, 49696431, 49955257
1, 21630, 50269780, 50528495
342, 2, 21
2, 23072, 49955257, 50238485
1, 23072, 50528495, 50811573
343, 2, 21
2, 23072, 50238485, 50498158
1, 23072, 50811573, 51071315
344, 2, 21
2, 24514, 50498158, 50756514
1, 24514, 51071315, 51329840
345, 2, 21
2, 30282, 50756514, 51013953
1, 30282, 51329840, 51587112
346, 2, 21
2, 30282, 51013953, 51268865
1, 30282, 51587112, 51842076
347, 2, 21
2, 30282, 51268865, 51522878
1, 30282, 51842076, 52096297
348, 2, 21
2, 30282, 51522878, 51777187
1, 30282, 52096297, 52350474
349, 2, 21
2, 30282, 51777187, 52035021
1, 30282, 52350474, 52608121
350, 2, 21
2, 30282, 52035021, 52293981
1, 30282, 52608121, 52867096
351, 2, 21
2, 30282, 52293981, 52549788
1, 30282, 52867096, 53122989
352, 2, 21
2, 30282, 52549788, 52804040
1, 30282, 53122989, 53377302
353, 2, 21
2, 28840, 52804040, 53057000
1, 28840, 53377302, 53630409
354, 2, 21
2, 30282, 53057000, 53314497
1, 30282, 53630409, 53888578
355, 1, 21
3, 57680, 43026064, 52933327
356, 1, 21
2, 59147, 53314497, 53567302
357, 1, 21
1, 30282, 53888578, 54149075
358, 1, 21
3, 85078, 52933327, 53185527
359, 1, 21
2, 112526, 53567302, 53818356
360, 1, 21
1, 30282, 54149075, 54405805
361, 1, 21
3, 82194, 53185527, 53439365
362, 1, 21
2, 109642, 53818356, 54068877
363, 1, 21
1, 30282, 54405805, 54665724
364, 1, 21
3, 85078, 53439365, 53692294
365, 1, 21
2, 119736, 54068877, 54322932
366, 1, 21
1, 30282, 54665724, 54921117
367, 1, 21
3, 93730, 53692294, 53945241
368, 1, 21
2, 124062, 54322932, 54574540
369, 1, 21
1, 30282, 54921117, 55174467
370, 1, 21
3, 93730, 53945241, 54199021
371, 1, 21
2, 122620, 54574540, 54828084
372, 1, 21
1, 30282, 55174467, 55430433
373, 1, 21
3, 92288, 54199021, 54449656
374, 1, 21
2, 119736, 54828084, 55082098
375, 1, 21
1, 30282, 55430433, 55683918
376, 1, 21
3, 82194, 54449656, 54701546
377, 1, 21
2, 118294, 55082098, 55333416
378, 1, 21
1, 30282, 55683918, 55942107
379, 1, 21
3, 89404, 54701546, 54952546
380, 1, 21
2, 115410, 55333416, 55589633
381, 1, 21
1, 28840, 55942107, 56192275
382, 1, 21
3, 85078, 54952546, 55205719
383, 1, 21
2, 116852, 55589633, 55843737
384, 1, 21
1, 28840, 56192275, 56451055
385, 1, 21
3, 89404, 55205719, 55458965
386, 1, 21
2, 118294, 55843737, 56094326
387, 1, 21
1, 30282, 56451055, 56702267
388, 1, 21
3, 87962, 55458965, 55712130
389, 1, 21
2, 113968, 56094326, 56345462
390, 1, 21
1, 30282, 56702267, 56957503
391, 1, 21
3, 86520, 55712130, 55966547
392, 1, 21
2, 116852, 56345462, 56599187
393, 1, 21
1, 30282, 56957503, 57210836
394, 1, 21
3, 85078, 55966547, 56218174
395, 1, 21
2, 115410, 56599187, 56852794
396, 1, 21
1, 30282, 57210836, 57467197
397, 1, 21
3, 86520, 56218174, 56469970
398, 1, 21
2, 116852, 56852794, 57103951
399, 1, 21
1, 30282, 57467197, 57721521
400, 1, 21
3, 82194, 56469970, 56720001
401, 1, 21
2, 111084, 57103951, 57356258
402, 1, 21
1, 30282, 57721521, 57977105
403, 1, 21
3, 83636, 56720001, 56973551
404, 1, 21
2, 113968, 57356258, 57609386
405, 1, 21
1, 30282, 57977105, 58237665
406, 1, 21
3, 79310, 56973551, 57226706
407, 1, 21
2, 109642, 57609386, 57860337
408, 1, 21
1, 30282, 58237665, 58494391
409, 1, 21
3, 87962, 57226706, 57480035
410, 1, 21
2, 115410, 57860337, 58111044
411, 1, 21
1, 30282, 58494391, 58745361
412, 1, 21
3, 89404, 57480035, 57731241
413, 1, 21
2, 118294, 58111044, 58363774
414, 1, 21
1, 30282, 58745361, 58997735
415, 1, 21
2, 80777, 58363774, 58624132
416, 1, 21
1, 28840, 58997735, 59255720
417, 1, 21
2, 27423, 58624132, 58880115
418, 1, 21
1, 27398, 59255720, 59505728
419, 1, 21
2, 28865, 58880115, 59140111
420, 1, 21
1, 28840, 59505728, 59764508
421, 1, 21
2, 28865, 59140111, 59404524
422, 1, 21
1, 27398, 59764508, 60018849
423, 1, 21
2, 27423, 59404524, 59656262
424, 1, 21
1, 28840, 60018849, 60282308
425, 1, 21
2, 28865, 59656262, 59909790
426, 1, 21
1, 28840, 60282308, 60536721
427, 1, 21
2, 28865, 59909790, 60170923
428, 1, 21
1, 27398, 60536721, 60787223
429, 1, 21
2, 28865, 60170923, 60427365
430, 1, 21
1, 28840, 60787223, 61037807
431, 1, 21
2, 28865, 60427365, 60679725
432, 1, 21
1, 28840, 61037807, 61292016
433, 1, 21
2, 28865, 60679725, 60934219
434, 1, 21
1, 28840, 61292016, 61545507
435, 1, 21
2, 30307, 60934219, 61195442
436, 1, 21
1, 30282, 61545507, 61809955
437, 1, 21
2, 28865, 61195442, 61447113
438, 1, 21
1, 30282, 61809955, 62069932
439, 1, 21
2, 30307, 61447113, 61704205
440, 1, 21
1, 30282, 62069932, 62330755
441, 1, 21
2, 28865, 61704205, 61963303
442, 1, 21
1, 28840, 62330755, 62588297
443, 1, 21
2, 27423, 61963303, 62223569
444, 1, 21
1, 25956, 62588297, 62842123
445, 1, 21
2, 27423, 62223569, 62480572
446, 1, 21
1, 27398, 62842123, 63095490
447, 1, 21
2, 27423, 62480572, 62745021
448, 1, 21
1, 27398, 63095490, 63360001
449, 1, 21
2, 27423, 62745021, 63001792
450, 1, 21
1, 27398, 63360001, 63620736
451, 1, 21
2, 27423, 63001792, 63264394
452, 1, 21
1, 27398, 63620736, 63876836
453, 1, 21
2, 27423, 63264394, 63525875
454, 1, 21
1, 27398, 63876836, 64139923
455, 1, 21
2, 28865, 63525875, 63789823
456, 1, 21
1, 28840, 64139923, 64401366
457, 1, 21
2, 28865, 63789823, 64050284
458, 1, 21
1, 27398, 64401366, 64653573
459, 1, 21
2, 28865, 64050284, 64311659
460, 1, 21
1, 28840, 64653573, 64917635
461, 1, 21
2, 27423, 64311659, 64563178
462, 1, 21
1, 28840, 64917635, 65174563
463, 1, 21
2, 30307, 64563178, 64824763
464, 1, 21
1, 28840, 65174563, 65430103
465, 1, 21
2, 27423, 64824763, 65079894
466, 1, 21
1, 28840, 65430103, 65692040
467, 1, 21
2, 28865, 65079894, 65336799
468, 1, 21
1, 28840, 65692040, 65950316
469, 1, 21
2, 28865, 65336799, 65596942
470, 1, 21
1, 28840, 65950316, 66208331
