0, 2, 21
2, 100940, 5628478, 6636403
1, 100940, 6209233, 7216963
1, 2, 21
2, 111034, 6636403, 7637487
1, 111034, 7216963, 8218160
2, 2, 21
2, 112476, 7637487, 8649843
1, 112476, 8218160, 9230478
3, 2, 21
2, 111034, 8649843, 15763994
1, 111034, 9230478, 16344625
4, 2, 21
2, 113918, 15763994, 16773665
1, 113918, 16344625, 17354185
5, 1, 21
2, 135548, 16773665, 17781654
6, 1, 21
1, 112476, 17354185, 18364855
7, 1, 21
3, 141316, 17045338, 18051878
8, 1, 21
2, 239422, 17781654, 18789063
9, 1, 21
1, 129780, 18364855, 19625077
10, 1, 21
3, 138432, 18051878, 19057518
11, 1, 21
2, 276914, 18789063, 19789584
12, 1, 21
1, 109592, 19625077, 20630794
13, 1, 21
4, 152852, 18474443, 19477353
14, 1, 21
3, 149968, 19057518, 20065670
15, 1, 21
2, 405277, 19789584, 20791593
16, 1, 21
1, 131222, 20630794, 21886103
17, 1, 21
3, 116802, 20065670, 21071319
18, 1, 21
4, 115360, 19477353, 20537477
19, 1, 21
2, 308663, 20791593, 21793080
20, 1, 21
1, 95172, 21886103, 22894599
21, 1, 21
3, 138432, 21071319, 22073665
22, 1, 21
4, 148526, 20537477, 21544894
23, 1, 21
2, 380763, 21793080, 22794583
24, 1, 21
1, 121128, 22894599, 24152697
25, 1, 21
4, 116802, 21544894, 22545636
26, 1, 21
2, 204814, 22794583, 23797832
27, 1, 21
1, 89404, 24152697, 25162035
28, 1, 21
4, 122570, 22545636, 23547052
29, 1, 21
2, 279798, 23797832, 25050284
30, 1, 21
4, 144200, 23547052, 24555143
31, 1, 21
1, 144200, 25162035, 26420702
32, 1, 21
2, 266820, 25050284, 26053975
33, 1, 21
4, 154294, 24555143, 25567449
34, 1, 21
1, 118244, 26420702, 27425685
35, 1, 21
2, 330268, 26053975, 27306998
36, 1, 21
4, 142758, 25567449, 26570582
37, 1, 21
1, 181692, 27425685, 28988359
38, 1, 21
3, 2884, 22073665, 28020221
39, 1, 21
2, 425465, 27306998, 28824138
40, 1, 21
4, 175924, 26570582, 27830156
41, 1, 21
3, 134106, 28020221, 29030289
42, 1, 21
2, 376412, 28824138, 29830021
43, 1, 21
1, 167272, 28988359, 30536944
44, 1, 21
4, 220626, 27830156, 29400953
45, 1, 21
3, 148526, 29030289, 30037965
46, 1, 21
1, 118244, 30536944, 31546774
47, 1, 21
2, 473076, 29830021, 31082796
48, 1, 21
3, 184576, 30037965, 31291278
49, 1, 21
2, 266795, 31082796, 32086809
50, 1, 21
1, 148526, 31546774, 32802264
51, 1, 21
2, 311497, 32086809, 33337572
52, 1, 21
3, 204764, 31291278, 32855199
53, 1, 21
1, 162946, 32802264, 34395350
54, 1, 21
2, 73592, 33337572, 34402680
55, 1, 21
1, 62006, 34395350, 35406493
56, 1, 21
2, 70683, 34402680, 35413461
57, 1, 21
3, 5768, 32855199, 34952250
58, 1, 21
1, 105266, 35406493, 36590025
59, 1, 21
2, 350456, 35413461, 36416313
60, 1, 21
3, 250908, 34952250, 35953925
61, 1, 21
1, 118244, 36590025, 37850068
62, 1, 21
2, 393716, 36416313, 37417136
63, 1, 21
3, 325892, 35953925, 36955961
64, 1, 21
1, 113918, 37850068, 38860937
65, 1, 21
2, 409578, 37417136, 38417353
66, 1, 21
3, 302820, 36955961, 37958615
67, 1, 21
2, 148551, 38417353, 39427032
68, 1, 21
1, 131222, 38860937, 40136532
69, 1, 21
2, 103849, 39427032, 40427163
70, 1, 21
1, 108150, 40136532, 41145688
71, 1, 21
3, 2884, 37958615, 40184066
72, 1, 21
2, 276914, 40427163, 41430170
73, 1, 21
3, 294168, 40184066, 41187386
74, 1, 21
1, 122570, 41145688, 42402902
75, 1, 21
2, 425440, 41430170, 42433811
76, 1, 21
3, 383572, 41187386, 42437568
77, 1, 21
2, 527797, 42433811, 43684287
78, 1, 21
1, 219184, 42402902, 44358519
79, 1, 21
2, 132689, 43684287, 44688213
80, 1, 21
1, 118244, 44358519, 45648939
81, 1, 21
2, 77893, 44688213, 45729419
82, 1, 21
1, 77868, 45648939, 46659292
83, 1, 21
2, 132689, 45729419, 46989127
84, 1, 21
1, 115360, 46659292, 47668107
85, 1, 21
2, 118269, 46989127, 47991308
86, 1, 21
1, 142758, 47668107, 48925537
87, 1, 21
1, 86520, 48925537, 49928664
88, 1, 21
2, 141366, 47991308, 49558518
89, 1, 21
1, 98056, 49928664, 51184424
90, 1, 21
1, 111034, 51184424, 52189251
91, 1, 21
2, 237980, 49558518, 52007898
92, 1, 21
1, 118244, 52189251, 53190708
93, 1, 21
3, 240814, 42437568, 52946414
94, 1, 21
1, 147084, 53190708, 54450648
95, 1, 21
2, 444211, 52007898, 54128179
96, 1, 21
3, 341754, 52946414, 53947094
97, 1, 21
2, 481653, 54128179, 55128987
98, 1, 21
3, 441252, 53947094, 55199875
99, 1, 21
1, 230720, 54450648, 56405068
100, 1, 21
2, 462932, 55128987, 56129569
101, 1, 21
3, 536424, 55199875, 56764176
102, 1, 21
2, 573941, 56129569, 57382453
103, 1, 21
2, 458556, 57382453, 58385133
104, 1, 21
2, 171598, 58385133, 59392902
105, 1, 21
2, 111034, 59392902, 60401789
106, 1, 21
2, 141316, 60401789, 61661712
107, 1, 21
2, 211974, 61661712, 63627482
108, 1, 21
1, 1124760, 56405068, 66415504
