0, 2, 21
2, 72100, 5573996, 6320451
1, 72104, 6154854, 6901134
1, 2, 21
2, 144200, 6320451, 7616812
1, 144204, 6901134, 8197302
2, 2, 21
2, 144200, 7616812, 8906069
1, 144204, 8197302, 9486895
3, 2, 21
2, 217742, 8906069, 16969764
1, 217746, 9486895, 17550420
4, 2, 21
2, 82194, 16969764, 17627403
1, 72104, 17550420, 18208194
5, 2, 21
2, 82194, 17627403, 17938105
1, 36054, 18208194, 18518905
6, 2, 21
2, 43260, 17938105, 18098512
1, 18750, 18518905, 18679327
7, 2, 21
2, 23072, 18098512, 18186302
1, 10098, 18679327, 18767022
8, 2, 21
2, 335986, 18186302, 19591413
1, 144204, 18767022, 20172258
9, 2, 21
2, 269654, 19591413, 20257670
1, 72104, 20172258, 20837626
10, 2, 21
2, 132664, 20257670, 20579010
1, 36054, 20837626, 21158841
11, 2, 21
2, 70658, 20579010, 20746341
1, 18750, 21158841, 21327224
12, 2, 21
2, 488838, 20746341, 22194085
1, 144204, 21327224, 22774975
13, 2, 21
2, 226394, 22194085, 22836451
1, 72104, 22774975, 23417309
14, 2, 21
2, 86520, 22836451, 23278161
1, 36054, 23417309, 23858271
15, 2, 21
2, 41818, 23278161, 23449943
1, 18750, 23858271, 24030804
16, 2, 21
2, 21630, 23449943, 23545565
1, 10098, 24030804, 24126454
17, 2, 21
2, 330218, 23545565, 25029585
1, 144204, 24126454, 25610133
18, 2, 21
2, 328776, 25029585, 26250553
1, 144204, 25610133, 26831040
19, 2, 21
2, 164388, 26250553, 26869633
1, 72104, 26831040, 27449053
20, 2, 21
2, 327334, 26869633, 28111860
1, 144204, 27449053, 28692341
21, 2, 21
2, 441252, 28111860, 29415977
1, 144204, 28692341, 29996323
22, 2, 21
2, 253792, 29415977, 30059660
1, 72104, 29996323, 30639984
23, 2, 21
2, 125454, 30059660, 30369110
1, 36054, 30639984, 30949634
24, 2, 21
2, 363384, 30369110, 31586008
1, 144204, 30949634, 32166688
25, 2, 21
2, 162946, 31586008, 32197994
1, 72104, 32166688, 32778623
26, 2, 21
2, 79310, 32197994, 32503646
1, 36054, 32778623, 33084280
27, 2, 21
2, 256676, 32503646, 34364740
1, 144204, 33084280, 34944929
28, 2, 21
2, 72100, 34364740, 35314246
1, 72104, 34944929, 35894327
29, 2, 21
2, 72100, 35314246, 35620391
1, 36054, 35894327, 36200916
30, 2, 21
2, 77868, 35620391, 35790474
1, 18750, 36200916, 36371020
31, 2, 21
2, 40376, 35790474, 35875740
1, 10098, 36371020, 36456322
32, 2, 21
2, 24514, 35875740, 35924238
1, 5772, 36456322, 36504692
33, 2, 21
2, 545076, 35924238, 37410010
1, 144204, 36504692, 37989775
34, 2, 21
2, 269654, 37410010, 38061807
1, 72104, 37989775, 38641544
35, 2, 21
2, 134106, 38061807, 38388110
1, 36054, 38641544, 38968687
36, 2, 21
2, 186018, 38388110, 39837692
1, 144204, 38968687, 40418431
37, 2, 21
2, 72100, 39837692, 40459364
1, 72104, 40418431, 41039880
38, 2, 21
2, 493164, 40459364, 41904127
1, 144204, 41039880, 42484147
39, 2, 21
2, 255234, 41904127, 42586322
1, 72104, 42484147, 43164800
40, 2, 21
2, 136990, 42586322, 42906728
1, 36054, 43164800, 43479939
41, 2, 21
2, 73542, 42906728, 43060021
1, 18750, 43479939, 43639579
42, 2, 21
2, 374920, 43060021, 44489176
1, 144204, 43639579, 45069891
43, 2, 21
2, 72100, 44489176, 45440245
1, 72104, 45069891, 46020991
44, 2, 21
2, 36050, 45440245, 45896554
1, 36054, 46020991, 46476391
45, 2, 21
2, 144200, 45896554, 47158578
1, 144204, 46476391, 47739313
46, 2, 21
2, 72100, 47158578, 47761458
1, 72104, 47739313, 48342138
47, 2, 21
2, 144200, 47761458, 49350254
1, 144204, 48342138, 49930882
48, 2, 21
2, 144200, 49350254, 51014753
1, 144204, 49930882, 51595334
49, 2, 21
2, 144200, 51014753, 52234677
1, 144204, 51595334, 52814788
50, 2, 21
2, 72100, 52234677, 52844916
1, 72104, 52814788, 53424976
51, 2, 21
2, 308588, 52844916, 54081846
1, 144204, 53424976, 54662283
52, 2, 21
2, 285516, 54081846, 54686758
1, 72104, 54662283, 55266882
53, 2, 21
2, 148526, 54686758, 54994344
1, 36054, 55266882, 55573439
54, 2, 21
2, 573916, 54994344, 56226490
1, 144204, 55573439, 56806836
55, 2, 21
2, 555170, 56226490, 57441838
1, 144204, 56806836, 58021644
56, 2, 21
2, 542192, 57441838, 58666700
1, 144204, 58021644, 59247223
57, 2, 21
2, 144200, 58666700, 59974285
1, 144204, 59247223, 60554992
58, 2, 21
2, 72100, 59974285, 60617821
1, 72104, 60554992, 61198645
59, 2, 21
2, 144200, 60617821, 61870054
1, 144204, 61198645, 62450793
60, 2, 21
2, 144200, 61870054, 63232020
1, 144204, 62450793, 63812832
61, 2, 21
2, 144200, 63232020, 64562277
1, 144204, 63812832, 65142398
