0, 2, 21
2, 102382, 5654772, 6664996
1, 102382, 6239512, 7249626
1, 2, 21
2, 111034, 6664996, 7666105
1, 111034, 7249626, 8250762
2, 2, 21
2, 111034, 7666105, 8668036
1, 111034, 8250762, 9251927
3, 2, 21
2, 111034, 8668036, 15782978
1, 111034, 9251927, 16367275
4, 2, 21
2, 113918, 15782978, 16792557
1, 113918, 16367275, 17376827
5, 1, 21
2, 132664, 16792557, 17793610
6, 1, 21
1, 112476, 17376827, 18387059
7, 1, 21
3, 141316, 17093669, 18099304
8, 1, 21
2, 239422, 17793610, 18796683
9, 1, 21
1, 112476, 18387059, 19445070
10, 1, 21
3, 136990, 18099304, 19101316
11, 1, 21
2, 274030, 18796683, 19798760
12, 1, 21
1, 108150, 19445070, 20455679
13, 1, 21
4, 154294, 18499538, 19502985
14, 1, 21
3, 148526, 19101316, 20102116
15, 1, 21
2, 411045, 19798760, 20802857
16, 1, 21
1, 111034, 20455679, 21464708
17, 1, 21
3, 116802, 20102116, 21105215
18, 1, 21
4, 113918, 19502985, 20548565
19, 1, 21
2, 315873, 20802857, 21805312
20, 1, 21
1, 92288, 21464708, 22468838
21, 1, 21
3, 141316, 21105215, 22108267
22, 1, 21
4, 151410, 20548565, 21555038
23, 1, 21
2, 389415, 21805312, 22806148
24, 1, 21
1, 115360, 22468838, 23481710
25, 1, 21
4, 118244, 21555038, 22563976
26, 1, 21
2, 201930, 22806148, 23812684
27, 1, 21
1, 86520, 23481710, 24499854
28, 1, 21
4, 128338, 22563976, 23567753
29, 1, 21
2, 232212, 23812684, 24814762
30, 1, 21
1, 103824, 24499854, 25513834
31, 1, 21
4, 148526, 23567753, 24574216
32, 1, 21
2, 263936, 24814762, 25815272
33, 1, 21
1, 118244, 25513834, 26522074
34, 1, 21
4, 149968, 24574216, 25574612
35, 1, 21
2, 268262, 25815272, 26820498
36, 1, 21
1, 118244, 26522074, 27530096
37, 1, 21
4, 147084, 25574612, 26582722
38, 1, 21
2, 262494, 26820498, 27821692
39, 1, 21
1, 116802, 27530096, 28539202
40, 1, 21
3, 2884, 22108267, 28054247
41, 1, 21
4, 144200, 26582722, 27585323
42, 1, 21
2, 291359, 27821692, 28825832
43, 1, 21
1, 118244, 28539202, 29551340
44, 1, 21
3, 134106, 28054247, 29069941
45, 1, 21
4, 134106, 27585323, 28592639
46, 1, 21
2, 372111, 28825832, 29828957
47, 1, 21
1, 102382, 29551340, 30554980
48, 1, 21
3, 147084, 29069941, 30073460
49, 1, 21
2, 390832, 29828957, 30830982
50, 1, 21
1, 115360, 30554980, 31556852
51, 1, 21
3, 148526, 30073460, 31074056
52, 1, 21
2, 265378, 30830982, 31833708
53, 1, 21
1, 118244, 31556852, 32561893
54, 1, 21
3, 147084, 31074056, 32074869
55, 1, 21
2, 265378, 31833708, 32836073
56, 1, 21
1, 118244, 32561893, 33563031
57, 1, 21
2, 154319, 32836073, 33907282
58, 1, 21
1, 72100, 33563031, 34568922
59, 1, 21
2, 66357, 33907282, 34910047
60, 1, 21
1, 67774, 34568922, 35592391
61, 1, 21
3, 100940, 32074869, 35002048
62, 1, 21
2, 213466, 34910047, 35910944
63, 1, 21
1, 100940, 35592391, 36594007
64, 1, 21
3, 250908, 35002048, 36003720
65, 1, 21
2, 323058, 35910944, 36914573
66, 1, 21
1, 87962, 36594007, 37599405
67, 1, 21
3, 325892, 36003720, 37005402
68, 1, 21
2, 441302, 36914573, 37919224
69, 1, 21
1, 113918, 37599405, 38605050
70, 1, 21
3, 302820, 37005402, 38007013
71, 1, 21
2, 311522, 37919224, 38928450
72, 1, 21
1, 109592, 38605050, 39606228
73, 1, 21
2, 96639, 38928450, 39935500
74, 1, 21
1, 96614, 39606228, 40610177
75, 1, 21
3, 2884, 38007013, 40232360
76, 1, 21
2, 150018, 39935500, 40938660
77, 1, 21
1, 102382, 40610177, 41613334
78, 1, 21
3, 294168, 40232360, 41234608
79, 1, 21
2, 400926, 40938660, 41938768
80, 1, 21
1, 108150, 41613334, 42622353
81, 1, 21
3, 302820, 41234608, 42237996
82, 1, 21
2, 411020, 41938768, 42942971
83, 1, 21
1, 111034, 42622353, 43628185
84, 1, 21
3, 320124, 42237996, 43241772
85, 1, 21
2, 387948, 42942971, 43948599
86, 1, 21
1, 109592, 43628185, 44632047
87, 1, 21
2, 89429, 43948599, 44959961
88, 1, 21
1, 87962, 44632047, 45649525
89, 1, 21
2, 76451, 44959961, 45964233
90, 1, 21
1, 80752, 45649525, 46661682
91, 1, 21
2, 115385, 45964233, 46966916
92, 1, 21
1, 116802, 46661682, 47673599
93, 1, 21
2, 118269, 46966916, 47972270
94, 1, 21
1, 115360, 47673599, 48673604
95, 1, 21
2, 87987, 47972270, 48983490
96, 1, 21
1, 87962, 48673604, 49682039
97, 1, 21
2, 80777, 48983490, 49995535
98, 1, 21
1, 80752, 49682039, 50688188
99, 1, 21
2, 93755, 49995535, 51000102
100, 1, 21
1, 95172, 50688188, 51696562
101, 1, 21
2, 119711, 51000102, 52011141
102, 1, 21
1, 119686, 51696562, 52705777
103, 1, 21
2, 118269, 52011141, 53018091
104, 1, 21
1, 118244, 52705777, 53714929
105, 1, 21
3, 1442, 43241772, 52991738
106, 1, 21
2, 269704, 53018091, 54020706
107, 1, 21
1, 116802, 53714929, 54714961
108, 1, 21
3, 343196, 52991738, 53995116
109, 1, 21
2, 478794, 54020706, 55021012
110, 1, 21
1, 119686, 54714961, 55723652
111, 1, 21
3, 356174, 53995116, 54997082
112, 1, 21
2, 460048, 55021012, 56021312
113, 1, 21
1, 116802, 55723652, 56729415
114, 1, 21
3, 347522, 54997082, 55999095
115, 1, 21
2, 464374, 56021312, 57023039
116, 1, 21
1, 119686, 56729415, 57733065
117, 1, 21
3, 337428, 55999095, 57000701
118, 1, 21
2, 449954, 57023039, 58026422
119, 1, 21
1, 118244, 57733065, 58733388
120, 1, 21
3, 340312, 57000701, 58000964
121, 1, 21
2, 311522, 58026422, 59027661
122, 1, 21
1, 115360, 58733388, 59743072
123, 1, 21
2, 111059, 59027661, 60030648
124, 1, 21
1, 111034, 59743072, 60748228
125, 1, 21
2, 113943, 60030648, 61041334
126, 1, 21
1, 115360, 60748228, 61760772
127, 1, 21
2, 115385, 61041334, 62044656
128, 1, 21
1, 115360, 61760772, 62770646
129, 1, 21
2, 106733, 62044656, 63052183
130, 1, 21
1, 105266, 62770646, 63779884
131, 1, 21
2, 106733, 63052183, 64056532
132, 1, 21
1, 108150, 63779884, 64782453
133, 1, 21
2, 112501, 64056532, 65065567
134, 1, 21
1, 111034, 64782453, 65782993
