0, 2, 21
2, 158620, 4576580, 6080895
1, 158620, 5148003, 6654648
1, 2, 21
2, 164388, 6080895, 7583504
1, 164388, 6654648, 8157086
2, 2, 21
2, 112476, 7583504, 14710581
1, 112476, 8157086, 15283833
3, 2, 21
2, 170156, 14710581, 16217083
1, 170156, 15283833, 16790900
4, 1, 21
2, 317240, 16217083, 17719221
5, 1, 21
3, 197554, 15972125, 17479315
6, 1, 21
1, 310030, 16790900, 19362859
7, 1, 21
2, 475910, 17719221, 19219846
8, 1, 21
3, 227836, 17479315, 18986610
9, 1, 21
1, 359058, 19362859, 20867720
10, 1, 21
2, 514844, 19219846, 20725440
11, 1, 21
3, 175924, 18986610, 20495505
12, 1, 21
1, 366268, 20867720, 22368081
13, 1, 21
2, 497540, 20725440, 22227405
14, 1, 21
1, 299936, 22368081, 23870738
15, 1, 21
2, 324475, 22227405, 23727837
16, 1, 21
1, 389340, 23870738, 25374029
17, 1, 21
2, 396575, 23727837, 25231825
18, 1, 21
3, 86520, 20495505, 27038654
19, 1, 21
2, 686417, 25231825, 27770834
20, 1, 21
3, 209090, 27038654, 28543181
21, 1, 21
2, 579709, 27770834, 29274203
22, 1, 21
3, 222068, 28543181, 30052674
23, 1, 21
2, 458581, 29274203, 30783870
24, 1, 21
1, 1394414, 25374029, 31412152
25, 1, 21
2, 421089, 30783870, 32828058
26, 1, 21
1, 193228, 31412152, 33441258
27, 1, 21
2, 106733, 32828058, 34330055
28, 1, 21
3, 246582, 30052674, 33963238
29, 1, 21
1, 167272, 33441258, 35454682
30, 1, 21
2, 475910, 34330055, 35831930
31, 1, 21
3, 409528, 33963238, 35465009
32, 1, 21
1, 203322, 35454682, 37469525
33, 1, 21
2, 650392, 35831930, 37333741
34, 1, 21
3, 470092, 35465009, 36966887
35, 1, 21
2, 222093, 37333741, 38842538
36, 1, 21
3, 2884, 36966887, 39192346
37, 1, 21
2, 305729, 38842538, 40350313
38, 1, 21
3, 458556, 39192346, 40692378
39, 1, 21
2, 635947, 40350313, 41854085
40, 1, 21
2, 498932, 41854085, 43875917
41, 1, 21
1, 728210, 37469525, 44517705
42, 1, 21
1, 134106, 44517705, 46025072
43, 1, 21
2, 193278, 43875917, 45894768
44, 1, 21
1, 265328, 46025072, 48557378
45, 1, 21
1, 175924, 48557378, 50576674
46, 1, 21
1, 178808, 50576674, 52088592
47, 1, 21
3, 459998, 40692378, 51951399
48, 1, 21
2, 872510, 45894768, 52946424
49, 1, 21
3, 527772, 51951399, 53454846
50, 1, 21
2, 709489, 52946424, 54446975
51, 1, 21
2, 1144948, 54446975, 56953153
52, 1, 21
2, 380688, 56953153, 58465053
53, 1, 21
2, 168714, 58465053, 59965775
54, 1, 21
1, 1155042, 52088592, 62100513
