0, 2, 21
2, 72100, 4645077, 5384456
1, 72104, 5218142, 5962998
1, 2, 21
2, 144200, 5384456, 6676659
1, 144204, 5962998, 7255200
2, 2, 21
2, 144200, 6676659, 7963144
1, 144204, 7255200, 8541662
3, 2, 21
2, 217742, 7963144, 16025192
1, 217746, 8541662, 16603658
4, 2, 21
2, 85078, 16025192, 16685330
1, 72104, 16603658, 17263910
5, 2, 21
2, 82194, 16685330, 16995505
1, 36054, 17263910, 17574018
6, 2, 21
2, 43260, 16995505, 17155864
1, 18750, 17574018, 17734343
7, 2, 21
2, 23072, 17155864, 17243677
1, 10098, 17734343, 17822064
8, 2, 21
2, 338870, 17243677, 18645700
1, 151414, 17822064, 19224243
9, 2, 21
2, 269654, 18645700, 19310506
1, 171602, 19224243, 19889018
10, 2, 21
2, 134106, 19310506, 19631771
1, 85082, 19889018, 20210294
11, 2, 21
2, 70658, 19631771, 19800022
1, 44706, 20210294, 20378564
12, 2, 21
2, 494606, 19800022, 21247471
1, 320128, 20378564, 21825907
13, 2, 21
2, 213416, 21247471, 21890166
1, 158624, 21825907, 22468345
14, 2, 21
2, 93730, 21890166, 22331523
1, 93734, 22468345, 22909272
15, 2, 21
2, 43260, 22331523, 22503558
1, 43264, 22909272, 23081797
16, 2, 21
2, 14420, 22503558, 22599280
1, 14424, 23081797, 23177455
17, 2, 21
2, 333102, 22599280, 24084305
1, 333106, 23177455, 24661028
18, 2, 21
2, 328776, 24084305, 25304657
1, 328780, 24661028, 25881465
19, 2, 21
2, 162946, 25304657, 25921257
1, 162950, 25881465, 26499456
20, 2, 21
2, 327334, 25921257, 27164555
1, 327338, 26499456, 27742309
21, 2, 21
2, 444136, 27164555, 28467950
1, 317244, 27742309, 29046071
22, 2, 21
2, 255234, 28467950, 29106706
1, 162950, 29046071, 29684900
23, 2, 21
2, 124012, 29106706, 29414359
1, 80756, 29684900, 29992550
24, 2, 21
2, 370594, 29414359, 30631735
1, 190348, 29992550, 31209424
25, 2, 21
2, 162946, 30631735, 31242842
1, 72104, 31209424, 31820999
26, 2, 21
2, 80752, 31242842, 31548286
1, 36054, 31820999, 32126612
27, 2, 21
2, 243698, 31548286, 33407775
1, 144204, 32126612, 33986090
28, 2, 21
2, 72100, 33407775, 34356054
1, 72104, 33986090, 34934261
29, 2, 21
2, 100940, 34356054, 34662544
1, 36054, 34934261, 35240720
30, 2, 21
2, 77868, 34662544, 34832580
1, 18750, 35240720, 35410732
31, 2, 21
2, 41818, 34832580, 34917818
1, 10098, 35410732, 35496102
32, 2, 21
2, 14420, 34917818, 34966290
1, 5772, 35496102, 35544412
33, 2, 21
2, 550844, 34966290, 36450824
1, 144204, 35544412, 37028964
34, 2, 21
2, 263886, 36450824, 37102692
1, 72104, 37028964, 37680539
35, 2, 21
2, 138432, 37102692, 37429681
1, 36054, 37680539, 38007677
36, 2, 21
2, 160062, 37429681, 38879133
1, 144204, 38007677, 39457439
37, 2, 21
2, 72100, 38879133, 39500246
1, 72104, 39457439, 40078631
38, 2, 21
2, 522004, 39500246, 40944225
1, 144204, 40078631, 41521884
39, 2, 21
2, 262444, 40944225, 41612169
1, 72104, 41521884, 42190259
40, 2, 21
2, 135548, 41612169, 41924433
1, 36054, 42190259, 42502671
41, 2, 21
2, 70658, 41924433, 42085194
1, 18750, 42502671, 42663342
42, 2, 21
2, 337428, 42085194, 43484170
1, 144204, 42663342, 44062015
43, 2, 21
2, 72100, 43484170, 44434796
1, 72104, 44062015, 45013063
44, 2, 21
2, 36050, 44434796, 44886837
1, 36054, 45013063, 45465137
45, 2, 21
2, 144200, 44886837, 46147258
1, 144204, 45465137, 46724807
46, 2, 21
2, 72100, 46147258, 46749562
1, 72104, 46724807, 47327704
47, 2, 21
2, 144200, 46749562, 48337663
1, 144204, 47327704, 48915963
48, 2, 21
2, 144200, 48337663, 50001699
1, 144204, 48915963, 50579963
49, 2, 21
2, 144200, 50001699, 51220834
1, 144204, 50579963, 51799161
50, 2, 21
2, 72100, 51220834, 51831028
1, 72104, 51799161, 52409199
51, 2, 21
2, 344638, 51831028, 53068289
1, 144204, 52409199, 53646500
52, 2, 21
2, 294168, 53068289, 53672870
1, 72104, 53646500, 54251029
53, 2, 21
2, 149968, 53672870, 53979064
1, 36054, 54251029, 54557334
54, 2, 21
2, 569590, 53979064, 55212182
1, 144204, 54557334, 55790531
55, 2, 21
2, 556612, 55212182, 56425182
1, 144204, 55790531, 57003490
56, 2, 21
2, 498932, 56425182, 57650361
1, 144204, 57003490, 58228663
57, 2, 21
2, 144200, 57650361, 58957416
1, 144204, 58228663, 59535946
58, 2, 21
2, 72100, 58957416, 59600918
1, 72104, 59535946, 60179416
59, 2, 21
2, 144200, 59600918, 60852692
1, 144204, 60179416, 61431173
60, 2, 21
2, 144200, 60852692, 62214331
1, 144204, 61431173, 62792825
61, 2, 21
2, 144200, 62214331, 63543532
1, 144204, 62792825, 64122079
