0, 2, 21
2, 158620, 4472120, 5977661
1, 158620, 5041742, 6547173
1, 2, 21
2, 165830, 5977661, 7485223
1, 165830, 6547173, 8054405
2, 2, 21
2, 111034, 7485223, 14599453
1, 111034, 8054405, 15168956
3, 2, 21
2, 170156, 14599453, 16106733
1, 170156, 15168956, 16676195
4, 1, 21
2, 315798, 16106733, 17610804
5, 1, 21
1, 168714, 16676195, 18244936
6, 1, 21
3, 200438, 15911723, 17416814
7, 1, 21
2, 471584, 17610804, 19112396
8, 1, 21
1, 266770, 18244936, 19751181
9, 1, 21
3, 226394, 17416814, 18917552
10, 1, 21
2, 523496, 19112396, 20614368
11, 1, 21
1, 334544, 19751181, 21255520
12, 1, 21
3, 184576, 18917552, 20419756
13, 1, 21
2, 496098, 20614368, 22122557
14, 1, 21
1, 366268, 21255520, 22756618
15, 1, 21
2, 328801, 22122557, 23624432
16, 1, 21
1, 330218, 22756618, 24263251
17, 1, 21
2, 402343, 23624432, 25124740
18, 1, 21
1, 405202, 24263251, 25769805
19, 1, 21
2, 395133, 25124740, 26626687
20, 1, 21
1, 395108, 25769805, 27270434
21, 1, 21
3, 76426, 20419756, 26865221
22, 1, 21
2, 465816, 26626687, 28126933
23, 1, 21
1, 372036, 27270434, 28775982
24, 1, 21
3, 207648, 26865221, 28369278
25, 1, 21
2, 586944, 28126933, 29627782
26, 1, 21
1, 360500, 28775982, 30279849
27, 1, 21
3, 220626, 28369278, 29872220
28, 1, 21
2, 398042, 29627782, 31129020
29, 1, 21
1, 177366, 30279849, 31791563
30, 1, 21
3, 211974, 29872220, 31379742
31, 2, 21
2, 289892, 31129020, 32729969
1, 132664, 31791563, 33299369
32, 2, 21
2, 106708, 32729969, 34236959
1, 106708, 33299369, 34806382
33, 1, 21
3, 37492, 31379742, 33821456
34, 1, 21
2, 491747, 34236959, 35738534
35, 1, 21
1, 145642, 34806382, 36312454
36, 1, 21
3, 400876, 33821456, 35323788
37, 1, 21
2, 643182, 35738534, 37241393
38, 1, 21
1, 170156, 36312454, 37818695
39, 1, 21
3, 464324, 35323788, 36824640
40, 2, 21
2, 213466, 37241393, 38749530
1, 149968, 37818695, 39319024
41, 1, 21
3, 17304, 36824640, 39093090
42, 1, 21
2, 311497, 38749530, 40250669
43, 1, 21
1, 151410, 39319024, 40827305
44, 1, 21
3, 459998, 39093090, 40595585
45, 1, 21
2, 634530, 40250669, 41752059
46, 1, 21
1, 170156, 40827305, 42338745
47, 1, 21
3, 455672, 40595585, 42096997
48, 1, 21
2, 449954, 41752059, 43262133
49, 1, 21
1, 157178, 42338745, 43844144
50, 1, 21
2, 119711, 43262133, 44765816
51, 1, 21
1, 119686, 43844144, 45350414
52, 1, 21
2, 171623, 44765816, 46269982
53, 1, 21
1, 171598, 45350414, 46852177
54, 1, 21
2, 145667, 46269982, 47781879
55, 1, 21
1, 145642, 46852177, 48363850
56, 1, 21
2, 122595, 47781879, 49289272
57, 1, 21
1, 122570, 48363850, 49872810
58, 1, 21
2, 170181, 49289272, 50795544
59, 1, 21
1, 170156, 49872810, 51377634
60, 1, 21
2, 175949, 50795544, 52296578
61, 1, 21
1, 175924, 51377634, 52878444
62, 1, 21
3, 2884, 42096997, 51850839
63, 1, 21
2, 659044, 52296578, 53797551
64, 1, 21
1, 177366, 52878444, 54383046
65, 1, 21
3, 527772, 51850839, 53353704
66, 1, 21
2, 697978, 53797551, 55300110
67, 1, 21
1, 175924, 54383046, 55883607
68, 1, 21
3, 519120, 53353704, 54857142
69, 1, 21
2, 682116, 55300110, 56800585
70, 1, 21
1, 178808, 55883607, 57394352
71, 1, 21
3, 501816, 54857142, 56359749
72, 1, 21
2, 393716, 56800585, 58312352
73, 1, 21
1, 171598, 57394352, 58896374
74, 1, 21
2, 168739, 58312352, 59823876
75, 1, 21
1, 168714, 58896374, 60405961
76, 1, 21
2, 170181, 59823876, 61332410
77, 1, 21
1, 170156, 60405961, 61918237
78, 1, 21
2, 160087, 61332410, 62838786
79, 1, 21
1, 160062, 61918237, 63420682
80, 1, 21
2, 167297, 62838786, 64346253
81, 1, 21
1, 167272, 63420682, 64928440
