0, 1, 21
1, 158620, 5084069, 6587325
1, 1, 21
2, 160087, 4515035, 6026148
2, 1, 21
1, 165830, 6587325, 8093238
3, 1, 21
2, 165855, 6026148, 7533303
4, 2, 21
2, 109592, 7533303, 14634557
1, 111034, 8093238, 15207516
5, 2, 21
2, 170156, 14634557, 16141635
1, 170156, 15207516, 16714505
6, 2, 21
2, 317240, 16141635, 17643957
1, 167272, 16714505, 18216322
7, 1, 21
3, 200438, 15928181, 17429516
8, 2, 21
2, 475885, 17643957, 19144676
1, 250908, 18216322, 19717599
9, 1, 21
3, 227836, 17429516, 18931297
10, 1, 21
2, 523471, 19144676, 20645217
11, 1, 21
1, 340312, 19717599, 21221512
12, 1, 21
3, 186018, 18931297, 20438280
13, 2, 21
2, 490330, 20645217, 22149807
1, 361942, 21221512, 22722073
14, 2, 21
2, 328776, 22149807, 23655109
1, 328776, 22722073, 24227370
15, 2, 21
2, 403760, 23655109, 25160206
1, 403760, 24227370, 25732818
16, 1, 21
3, 73542, 20438280, 26865298
17, 1, 21
2, 693627, 25160206, 27684724
18, 1, 21
3, 207648, 26865298, 28366753
19, 1, 21
2, 581151, 27684724, 29187448
20, 1, 21
3, 220626, 28366753, 29869643
21, 1, 21
2, 448487, 29187448, 30688900
22, 1, 21
1, 1267518, 25732818, 31336810
23, 1, 21
3, 210532, 29869643, 31375277
24, 1, 21
2, 409578, 30688900, 32741799
25, 1, 21
1, 191786, 31336810, 33353812
26, 1, 21
2, 106733, 32741799, 34243752
27, 1, 21
3, 38934, 31375277, 33815106
28, 1, 21
1, 167272, 33353812, 35367516
29, 1, 21
2, 506192, 34243752, 35747434
30, 1, 21
3, 409528, 33815106, 35317143
31, 1, 21
1, 203322, 35367516, 37381985
32, 1, 21
2, 647508, 35747434, 37249961
33, 1, 21
3, 470092, 35317143, 36817437
34, 1, 21
2, 194695, 37249961, 38755431
35, 1, 21
3, 2884, 36817437, 39042879
36, 1, 21
2, 330243, 38755431, 40257730
37, 1, 21
3, 459998, 39042879, 40545938
38, 1, 21
2, 634505, 40257730, 41758336
39, 1, 21
3, 457114, 40545938, 42051785
40, 1, 21
2, 429741, 41758336, 43268620
41, 1, 21
1, 728210, 37381985, 44430265
42, 1, 21
2, 119711, 43268620, 44772398
43, 1, 21
1, 134106, 44430265, 45937402
44, 1, 21
2, 173065, 44772398, 46277722
45, 1, 21
1, 265328, 45937402, 48468930
46, 1, 21
1, 175924, 48468930, 50488006
47, 1, 21
1, 178808, 50488006, 52000053
48, 1, 21
3, 1442, 42051785, 51801660
49, 1, 21
2, 846554, 46277722, 52863312
50, 1, 21
3, 526330, 51801660, 53302266
51, 1, 21
2, 709489, 52863312, 54365910
52, 1, 21
2, 1140622, 54365910, 56866266
53, 1, 21
2, 353290, 56866266, 58367639
54, 1, 21
2, 168714, 58367639, 59870319
55, 1, 21
1, 1153600, 52000053, 62004222
