0, 2, 21
2, 72100, 4703694, 5446081
1, 72104, 5253961, 5998804
1, 2, 21
2, 144200, 5446081, 6738357
1, 144204, 5998804, 7291245
2, 2, 21
2, 144200, 6738357, 8024733
1, 144204, 7291245, 8577577
3, 2, 21
2, 217742, 8024733, 16089384
1, 217746, 8577577, 16642282
4, 2, 21
2, 103824, 16089384, 16747217
1, 72104, 16642282, 17300461
5, 2, 21
2, 82194, 16747217, 17057351
1, 36054, 17300461, 17610558
6, 2, 21
2, 41818, 17057351, 17217586
1, 18750, 17610558, 17770869
7, 2, 21
2, 21630, 17217586, 17305340
1, 10098, 17770869, 17858581
8, 2, 21
2, 356174, 17305340, 18707714
1, 165834, 17858581, 19261003
9, 2, 21
2, 269654, 18707714, 19372490
1, 171602, 19261003, 19925762
10, 2, 21
2, 134106, 19372490, 19693781
1, 85082, 19925762, 20247066
11, 2, 21
2, 69216, 19693781, 19862108
1, 44706, 20247066, 20415379
12, 2, 21
2, 498932, 19862108, 21310103
1, 321570, 20415379, 21862810
13, 2, 21
2, 188902, 21310103, 21951716
1, 154298, 21862810, 22504955
14, 2, 21
2, 99498, 21951716, 22392725
1, 99502, 22504955, 22945989
15, 2, 21
2, 30282, 22392725, 22565064
1, 30286, 22945989, 23118298
16, 2, 21
2, 18746, 22565064, 22660744
1, 18750, 23118298, 23213978
17, 2, 21
2, 346080, 22660744, 24145310
1, 346084, 23213978, 24697807
18, 2, 21
2, 330218, 24145310, 25365858
1, 330222, 24697807, 25918714
19, 2, 21
2, 162946, 25365858, 25984931
1, 162950, 25918714, 26536644
20, 2, 21
2, 327334, 25984931, 27227719
1, 327338, 26536644, 27779861
21, 2, 21
2, 461440, 27227719, 28530771
1, 320128, 27779861, 29083632
22, 2, 21
2, 262444, 28530771, 29176429
1, 167276, 29083632, 29729325
23, 2, 21
2, 125454, 29176429, 29484834
1, 80756, 29729325, 30037737
24, 2, 21
2, 340312, 29484834, 30702527
1, 160066, 30037737, 31255594
25, 2, 21
2, 162946, 30702527, 31314863
1, 72104, 31255594, 31867273
26, 2, 21
2, 83636, 31314863, 31620564
1, 36054, 31867273, 32172994
27, 2, 21
2, 222068, 31620564, 33479420
1, 144204, 32172994, 34032559
28, 2, 21
2, 80752, 33479420, 34427707
1, 72104, 34032559, 34980805
29, 2, 21
2, 138432, 34427707, 34735023
1, 36054, 34980805, 35287384
30, 2, 21
2, 70658, 34735023, 34904358
1, 18750, 35287384, 35457382
31, 2, 21
2, 20188, 34904358, 34989951
1, 10098, 35457382, 35542694
32, 2, 21
2, 20188, 34989951, 35037885
1, 5772, 35542694, 35590960
33, 2, 21
2, 571032, 35037885, 36522999
1, 144204, 35590960, 37075832
34, 2, 21
2, 262444, 36522999, 37174800
1, 72104, 37075832, 37727466
35, 2, 21
2, 112476, 37174800, 37501091
1, 36054, 37727466, 38054121
36, 2, 21
2, 144200, 37501091, 38950628
1, 144204, 38054121, 39503578
37, 2, 21
2, 72100, 38950628, 39571891
1, 72104, 39503578, 40124933
38, 2, 21
2, 565264, 39571891, 41015188
1, 144204, 40124933, 41568068
39, 2, 21
2, 261002, 41015188, 41683427
1, 72104, 41568068, 42236410
40, 2, 21
2, 142758, 41683427, 41996033
1, 36054, 42236410, 42549016
41, 2, 21
2, 70658, 41996033, 42156870
1, 18750, 42549016, 42709691
42, 2, 21
2, 294168, 42156870, 43555493
1, 144204, 42709691, 44108618
43, 2, 21
2, 72100, 43555493, 44508424
1, 72104, 44108618, 45060929
44, 2, 21
2, 36050, 44508424, 44960661
1, 36054, 45060929, 45513021
45, 2, 21
2, 144200, 44960661, 46219828
1, 144204, 45513021, 46772858
46, 2, 21
2, 72100, 46219828, 46822610
1, 72104, 46772858, 47375717
47, 2, 21
2, 144200, 46822610, 48411660
1, 144204, 47375717, 48964180
48, 2, 21
2, 144200, 48411660, 50075207
1, 144204, 48964180, 50628295
49, 2, 21
2, 144200, 50075207, 51294619
1, 144204, 50628295, 51847716
50, 2, 21
2, 72100, 51294619, 51904868
1, 72104, 51847716, 52457858
51, 2, 21
2, 393666, 51904868, 53142271
1, 144204, 52457858, 53694720
52, 2, 21
2, 294168, 53142271, 53746207
1, 72104, 53694720, 54299198
53, 2, 21
2, 141316, 53746207, 54053497
1, 36054, 54299198, 54605617
54, 2, 21
2, 573916, 54053497, 55285760
1, 144204, 54605617, 55838600
55, 2, 21
2, 553728, 55285760, 56497258
1, 144204, 55838600, 57050058
56, 2, 21
2, 457114, 56497258, 57723265
1, 144204, 57050058, 58275584
57, 2, 21
2, 144200, 57723265, 59030528
1, 144204, 58275584, 59583151
58, 2, 21
2, 72100, 59030528, 59673588
1, 72104, 59583151, 60226715
59, 2, 21
2, 144200, 59673588, 60925414
1, 144204, 60226715, 61478440
60, 2, 21
2, 144200, 60925414, 62286924
1, 144204, 61478440, 62840077
61, 2, 21
2, 144200, 62286924, 63616059
1, 144204, 62840077, 64169254
