0, 2, 21
2, 158620, 4518938, 6021093
1, 158620, 5107582, 6611338
1, 2, 21
2, 165830, 6021093, 7528273
1, 165830, 6611338, 8118543
2, 2, 21
2, 111034, 7528273, 14642764
1, 111034, 8118543, 15232965
3, 2, 21
2, 170156, 14642764, 16149459
1, 170156, 15232965, 16739816
4, 1, 21
2, 317240, 16149459, 17659028
5, 1, 21
1, 168714, 16739816, 18308254
6, 1, 21
3, 200438, 15961485, 17464067
7, 1, 21
2, 473026, 17659028, 19160517
8, 1, 21
1, 263886, 18308254, 19808518
9, 1, 21
3, 227836, 17464067, 18969845
10, 1, 21
2, 526380, 19160517, 20664981
11, 1, 21
1, 335986, 19808518, 21311750
12, 1, 21
3, 186018, 18969845, 20476095
13, 1, 21
2, 490330, 20664981, 22165314
14, 1, 21
1, 369152, 21311750, 22820892
15, 1, 21
2, 328801, 22165314, 23667786
16, 1, 21
1, 328776, 22820892, 24323168
17, 1, 21
2, 405227, 23667786, 25174253
18, 1, 21
1, 405202, 24323168, 25829061
19, 1, 21
2, 396575, 25174253, 26677243
20, 1, 21
1, 395108, 25829061, 27331556
21, 1, 21
3, 73542, 20476095, 26903703
22, 1, 21
2, 474468, 26677243, 28180291
23, 1, 21
1, 376362, 27331556, 28832484
24, 1, 21
3, 209090, 26903703, 28408580
25, 1, 21
2, 588386, 28180291, 29684794
26, 1, 21
1, 363384, 28832484, 30341260
27, 1, 21
3, 220626, 28408580, 29910410
28, 1, 21
2, 400926, 29684794, 31189486
29, 1, 21
1, 177366, 30341260, 31844577
30, 1, 21
3, 211974, 29910410, 31412660
31, 1, 21
2, 272588, 31189486, 32691308
32, 1, 21
1, 131222, 31844577, 33344816
33, 1, 21
2, 106733, 32691308, 34193597
34, 1, 21
1, 108150, 33344816, 34845391
35, 1, 21
3, 36050, 31412660, 33834542
36, 1, 21
2, 486004, 34193597, 35694994
37, 1, 21
1, 145642, 34845391, 36351034
38, 1, 21
3, 409528, 33834542, 35336250
39, 1, 21
2, 650392, 35694994, 37197219
40, 1, 21
1, 170156, 36351034, 37858471
41, 1, 21
3, 470092, 35336250, 36836269
42, 1, 21
2, 212024, 37197219, 38705696
43, 1, 21
1, 149968, 37858471, 39358525
44, 1, 21
3, 2884, 36836269, 39061660
45, 1, 21
2, 312964, 38705696, 40206191
46, 1, 21
1, 151410, 39358525, 40866495
47, 1, 21
3, 459998, 39061660, 40565643
48, 1, 21
2, 634530, 40206191, 41709065
49, 1, 21
1, 170156, 40866495, 42377850
50, 1, 21
3, 455672, 40565643, 42067809
51, 1, 21
2, 448512, 41709065, 43219379
52, 1, 21
1, 157178, 42377850, 43885131
53, 1, 21
2, 119711, 43219379, 44723585
54, 1, 21
1, 119686, 43885131, 45390759
55, 1, 21
2, 173065, 44723585, 46229555
56, 1, 21
1, 173040, 45390759, 46891973
57, 1, 21
2, 147109, 46229555, 47737747
58, 1, 21
1, 147084, 46891973, 48403580
59, 1, 21
2, 122595, 47737747, 49247089
60, 1, 21
1, 122570, 48403580, 49917225
61, 1, 21
2, 170181, 49247089, 50751530
62, 1, 21
1, 171598, 49917225, 51428809
63, 1, 21
2, 175949, 50751530, 52252964
64, 1, 21
1, 177366, 51428809, 52940500
65, 1, 21
3, 2884, 42067809, 51821622
66, 1, 21
2, 660486, 52252964, 53755111
67, 1, 21
1, 177366, 52940500, 54446006
68, 1, 21
3, 527772, 51821622, 53324636
69, 1, 21
2, 697978, 53755111, 55257895
70, 1, 21
1, 177366, 54446006, 55957093
71, 1, 21
3, 519120, 53324636, 54827701
72, 1, 21
2, 682116, 55257895, 56758277
73, 1, 21
1, 178808, 55957093, 57466872
74, 1, 21
3, 501816, 54827701, 56331217
75, 1, 21
2, 390832, 56758277, 58258795
76, 1, 21
1, 170156, 57466872, 58975720
77, 1, 21
2, 168739, 58258795, 59767283
78, 1, 21
1, 170156, 58975720, 60479607
79, 1, 21
2, 170181, 59767283, 61279538
80, 1, 21
1, 168714, 60479607, 61990487
81, 1, 21
2, 160087, 61279538, 62782036
82, 1, 21
1, 160062, 61990487, 63495619
83, 1, 21
2, 167297, 62782036, 64289864
84, 1, 21
1, 167272, 63495619, 65001405
