0, 2, 21
2, 752, 1051243, 4484396, 6483880
1, 752, 1051218, 5025095, 7025536
1, 2, 21
2, 752, 1010867, 6483880, 8484495
1, 752, 1010842, 7025536, 9026124
2, 2, 21
2, 752, 1054127, 8484495, 10487732
1, 752, 1054102, 9026124, 11028720
3, 2, 21
2, 752, 3945337, 10487732, 18505008
1, 752, 3945312, 11028720, 19045990
4, 2, 21
2, 752, 4832167, 18505008, 28506592
1, 752, 4832142, 19045990, 29047276
5, 2, 21
2, 752, 4850913, 28506592, 38507651
1, 752, 4850888, 29047276, 39049015
6, 2, 21
2, 752, 4804769, 38507651, 48510172
1, 752, 4804744, 39049015, 49050951
7, 2, 21
2, 752, 4937433, 48510172, 58510541
1, 752, 4938850, 49050951, 59051262
