0, 2, 21
2, 752, 1442025, 4419660, 7555988
1, 752, 1442004, 4975931, 8112082
1, 2, 21
2, 752, 1442025, 7555988, 10594137
1, 752, 1442004, 8112082, 11150273
2, 2, 21
2, 752, 1442025, 10594137, 13625078
1, 752, 1442004, 11150273, 14181029
3, 2, 21
2, 752, 1442025, 13625078, 16490574
1, 752, 1442004, 14181029, 17046573
4, 2, 21
2, 752, 1442025, 16490574, 19376680
1, 752, 1442004, 17046573, 19932377
5, 2, 21
2, 752, 1442025, 19376680, 22412917
1, 752, 1442004, 19932377, 22968809
6, 2, 21
2, 752, 1442025, 22412917, 25596513
1, 752, 1442004, 22968809, 26152358
7, 2, 21
2, 752, 1442025, 25596513, 28710129
1, 752, 1442004, 26152358, 29266180
8, 2, 21
2, 752, 1442025, 28710129, 31910548
1, 752, 1442004, 29266180, 32466384
9, 2, 21
2, 752, 1442025, 31910548, 35036683
1, 752, 1442004, 32466384, 35592357
10, 2, 21
2, 752, 1442025, 35036683, 38094653
1, 752, 1442004, 35592357, 38648473
11, 2, 21
2, 752, 1442025, 38094653, 41309061
1, 752, 1442004, 38648473, 41864951
12, 2, 21
2, 752, 1442025, 41309061, 44295803
1, 752, 1442004, 41864951, 44851723
13, 2, 21
2, 752, 1442025, 44295803, 47428414
1, 752, 1442004, 44851723, 47984265
14, 2, 21
2, 752, 1442025, 47428414, 50441264
1, 752, 1442004, 47984265, 50997048
15, 2, 21
2, 752, 1442025, 50441264, 53543114
1, 752, 1442004, 50997048, 54099104
16, 2, 21
2, 752, 1442025, 53543114, 56578417
1, 752, 1442004, 54099104, 57134174
17, 2, 21
2, 752, 1442025, 56578417, 59526140
1, 752, 1442004, 57134174, 60081908
18, 2, 21
2, 752, 1442025, 59526140, 62692051
1, 752, 1442004, 60081908, 63247756
