0, 2, 21
2, 752, 974817, 4452318, 6452337
1, 752, 974792, 4994796, 6994904
1, 2, 21
2, 752, 1033939, 6452337, 8452384
1, 752, 1033914, 6994904, 8994935
2, 2, 21
2, 752, 918579, 8452384, 10452687
1, 752, 918554, 8994935, 10995231
3, 2, 21
2, 752, 997889, 10452687, 12453384
1, 752, 997864, 10995231, 12995823
4, 2, 21
2, 752, 1033939, 12453384, 14453463
1, 752, 1033914, 12995823, 14995901
5, 2, 21
2, 752, 951745, 14453463, 16453617
1, 752, 951720, 14995901, 16996083
6, 2, 21
2, 752, 883971, 16453617, 18454345
1, 752, 883946, 16996083, 18996791
7, 2, 21
2, 752, 1029613, 18454345, 20456174
1, 752, 1029588, 18996791, 20998158
8, 2, 21
2, 752, 1044033, 20456174, 22456179
1, 752, 1044008, 20998158, 22998585
9, 2, 21
2, 752, 1016635, 22456179, 24459293
1, 752, 1016610, 22998585, 25001500
10, 2, 21
2, 752, 1009425, 24459293, 26459248
1, 752, 1009400, 25001500, 27001809
11, 2, 21
2, 752, 1000773, 26459248, 28461084
1, 752, 1000748, 27001809, 29003500
12, 2, 21
2, 752, 990679, 28461084, 30462714
1, 752, 990654, 29003500, 31005045
13, 2, 21
2, 752, 1022403, 30462714, 32464304
1, 752, 1022378, 31005045, 33006695
14, 2, 21
2, 752, 976259, 32464304, 34466117
1, 752, 976234, 33006695, 35008633
15, 2, 21
2, 752, 976259, 34466117, 36466394
1, 752, 976234, 35008633, 37008800
16, 2, 21
2, 752, 980585, 36466394, 38469725
1, 752, 980560, 37008800, 39011618
17, 2, 21
2, 752, 943093, 38469725, 40470747
1, 752, 943068, 39011618, 41013045
18, 2, 21
2, 752, 983469, 40470747, 42475375
1, 752, 983444, 41013045, 43017683
19, 2, 21
2, 752, 948861, 42475375, 44477435
1, 752, 948836, 43017683, 45019663
20, 2, 21
2, 752, 995005, 44477435, 46479017
1, 752, 994980, 45019663, 47021296
21, 2, 21
2, 752, 1026729, 46479017, 48481316
1, 752, 1026704, 47021296, 49023452
22, 2, 21
2, 752, 1003657, 48481316, 50486112
1, 752, 1003632, 49023452, 51025863
23, 2, 21
2, 752, 992121, 50486112, 52484532
1, 752, 992096, 51025863, 53026570
24, 2, 21
2, 752, 935883, 52484532, 54488467
1, 752, 935858, 53026570, 55030619
25, 2, 21
2, 752, 875319, 54488467, 56489730
1, 752, 875294, 55030619, 57032078
26, 2, 21
2, 752, 840711, 56489730, 58490086
1, 752, 840686, 57032078, 59032581
27, 2, 21
2, 752, 973375, 58490086, 60491833
1, 752, 973350, 59032581, 61034108
28, 2, 21
2, 752, 992121, 60491833, 62493502
1, 752, 992096, 61034108, 63035748
