0, 2, 21
2, 54796, 5595976, 6157886
1, 54796, 6165355, 6727635
1, 2, 21
2, 53354, 6157886, 6665771
1, 53354, 6727635, 7234960
2, 2, 21
2, 57680, 6665771, 7177870
1, 57680, 7234960, 7747220
3, 2, 21
2, 54796, 7177870, 7682249
1, 54796, 7747220, 8252086
4, 2, 21
2, 56238, 7682249, 8193421
1, 56238, 8252086, 8763061
5, 2, 21
2, 158620, 8193421, 15734015
1, 158620, 8763061, 16303936
6, 2, 21
2, 54796, 15734015, 16241335
1, 54796, 16303936, 16811224
7, 2, 21
2, 115360, 16241335, 17242275
1, 115360, 16811224, 17812302
8, 1, 21
2, 82194, 17242275, 17765295
9, 1, 21
3, 74984, 16993356, 17500979
10, 1, 21
2, 129805, 17765295, 18266436
11, 1, 21
3, 66332, 17500979, 18016297
12, 1, 21
2, 103849, 18266436, 18766637
13, 1, 21
3, 59122, 18016297, 18516396
14, 1, 21
2, 119711, 18766637, 19267001
15, 1, 21
3, 79310, 18516396, 19023351
16, 1, 21
2, 155761, 19267001, 19767615
17, 1, 21
3, 73542, 19023351, 19526449
18, 1, 21
4, 76426, 18460550, 18967988
19, 1, 21
2, 201930, 19767615, 20270175
20, 1, 21
3, 76426, 19526449, 20029329
21, 1, 21
4, 79310, 18967988, 19473264
22, 1, 21
2, 209140, 20270175, 20773219
23, 1, 21
3, 66332, 20029329, 20535788
24, 1, 21
4, 63448, 19473264, 19976535
25, 1, 21
2, 161554, 20773219, 21278255
26, 1, 21
1, 436926, 17812302, 21924918
27, 1, 21
3, 51912, 20535788, 21037338
28, 1, 21
4, 49028, 19976535, 20520688
29, 1, 21
2, 150043, 21278255, 21780095
30, 1, 21
1, 41818, 21924918, 22444833
31, 1, 21
3, 69216, 21037338, 21546581
32, 1, 21
4, 76426, 20520688, 21022111
33, 1, 21
2, 203397, 21780095, 22283988
34, 1, 21
1, 57680, 22444833, 22951269
35, 1, 21
4, 74984, 21022111, 21527858
36, 1, 21
2, 181742, 22283988, 22785188
37, 1, 21
4, 56238, 21527858, 22028169
38, 1, 21
2, 102407, 22785188, 23285881
39, 1, 21
1, 99498, 22951269, 23959017
40, 1, 21
4, 59122, 22028169, 22529774
41, 1, 21
4, 53354, 22529774, 23034264
42, 1, 21
2, 197629, 23285881, 24285994
43, 1, 21
4, 73542, 23034264, 23535198
44, 1, 21
2, 129805, 24285994, 24799544
45, 1, 21
1, 144200, 23959017, 25467995
46, 1, 21
4, 147084, 23535198, 24535305
47, 1, 21
2, 265378, 24799544, 25801354
48, 1, 21
1, 116802, 25467995, 26470447
49, 1, 21
3, 70658, 21546581, 27955213
50, 1, 21
2, 837852, 25801354, 28829598
51, 1, 21
3, 62006, 27955213, 28460739
52, 1, 21
4, 509026, 24535305, 28068507
53, 1, 21
2, 180300, 28829598, 29333414
54, 1, 21
1, 406644, 26470447, 30020031
55, 1, 21
3, 72100, 28460739, 28964757
56, 1, 21
4, 72100, 28068507, 28571658
57, 1, 21
2, 197629, 29333414, 29838102
58, 1, 21
1, 56238, 30020031, 30530924
59, 1, 21
4, 142758, 28571658, 29574916
60, 1, 21
2, 395158, 29838102, 30842400
61, 1, 21
1, 118244, 30530924, 31533935
62, 1, 21
2, 134131, 30842400, 31343481
63, 1, 21
2, 265328, 31343481, 32343733
64, 1, 21
3, 511910, 28964757, 32487710
65, 1, 21
2, 240839, 32343733, 33352822
66, 1, 21
1, 289842, 31533935, 34069295
67, 1, 21
2, 27423, 33352822, 33871162
68, 1, 21
1, 18746, 34069295, 34581557
69, 1, 21
1, 34608, 34581557, 35090527
70, 1, 21
3, 31724, 32487710, 34882738
71, 1, 21
1, 79310, 35090527, 36100865
72, 1, 21
2, 307246, 33871162, 35897891
73, 1, 21
1, 57680, 36100865, 36600941
74, 1, 21
3, 164388, 34882738, 35439619
75, 1, 21
2, 152902, 35897891, 36398425
76, 1, 21
3, 96614, 35439619, 35949607
77, 1, 21
1, 46144, 36600941, 37133583
78, 1, 21
2, 170206, 36398425, 36900126
79, 1, 21
3, 171598, 35949607, 36452456
80, 1, 21
2, 229303, 36900126, 37400813
81, 1, 21
1, 103824, 37133583, 38138754
82, 1, 21
2, 209115, 37400813, 37903291
83, 1, 21
3, 311472, 36452456, 37454265
84, 1, 21
1, 56238, 38138754, 38649654
85, 1, 21
2, 199046, 37903291, 38411167
86, 1, 21
2, 90846, 38411167, 38916069
87, 1, 21
2, 49028, 38916069, 39432913
88, 1, 21
1, 154294, 38649654, 40186441
89, 1, 21
1, 56238, 40186441, 40692215
90, 1, 21
2, 108200, 39432913, 40442928
91, 1, 21
3, 138432, 37454265, 40138593
92, 1, 21
2, 112501, 40442928, 40943119
93, 1, 21
1, 100940, 40692215, 41693278
94, 1, 21
2, 177391, 40943119, 41446011
95, 1, 21
1, 50470, 41693278, 42197115
96, 1, 21
3, 294168, 40138593, 41142463
97, 1, 21
2, 223560, 41446011, 41948068
98, 1, 21
1, 59122, 42197115, 42704819
99, 1, 21
2, 197579, 41948068, 42448265
100, 1, 21
1, 53354, 42704819, 43215440
101, 1, 21
3, 301378, 41142463, 42144480
102, 1, 21
2, 213466, 42448265, 42949942
103, 1, 21
1, 59122, 43215440, 43726343
104, 1, 21
3, 164388, 42144480, 42645451
105, 1, 21
1, 56238, 43726343, 44227962
106, 1, 21
3, 154294, 42645451, 43146071
107, 1, 21
2, 366368, 42949942, 43954846
108, 1, 21
1, 49028, 44227962, 44741176
109, 1, 21
2, 47611, 43954846, 44464429
110, 1, 21
1, 87962, 44741176, 45750555
111, 1, 21
1, 85078, 45750555, 46761106
112, 1, 21
1, 57680, 46761106, 47268400
113, 1, 21
1, 59122, 47268400, 47780185
114, 1, 21
1, 118244, 47780185, 48825748
115, 1, 21
1, 38934, 48825748, 49331052
116, 1, 21
2, 445728, 44464429, 49047491
117, 1, 21
1, 47586, 49331052, 49836116
118, 1, 21
1, 36050, 49836116, 50344644
119, 1, 21
2, 80802, 49047491, 50057929
120, 1, 21
1, 46144, 50344644, 50899805
121, 1, 21
2, 95197, 50057929, 51068734
122, 1, 21
1, 105266, 50899805, 51907118
123, 1, 21
2, 60589, 51068734, 51579410
124, 1, 21
1, 118244, 51907118, 52908724
125, 1, 21
3, 4326, 43146071, 52904043
126, 1, 21
2, 263936, 51579410, 53591109
127, 1, 21
3, 165830, 52904043, 53405249
128, 1, 21
2, 222093, 53591109, 54092161
129, 1, 21
2, 242256, 54092161, 54595917
130, 1, 21
3, 360500, 53405249, 54405562
131, 1, 21
2, 471559, 54595917, 55597154
132, 1, 21
2, 229278, 55597154, 56097977
133, 1, 21
2, 1118992, 56097977, 58622191
134, 1, 21
2, 56238, 58622191, 59132116
135, 1, 21
2, 111034, 59132116, 60136733
136, 1, 21
1, 1147832, 52908724, 62914766
