0, 2, 21
2, 72100, 5620529, 6366662
1, 72104, 6201704, 6947873
1, 2, 21
2, 144200, 6366662, 7660262
1, 144204, 6947873, 8241301
2, 2, 21
2, 144200, 7660262, 8947778
1, 144204, 8241301, 9528842
3, 2, 21
2, 217742, 8947778, 17012437
1, 217746, 9528842, 17593464
4, 2, 21
2, 92288, 17012437, 17670740
1, 72104, 17593464, 18251158
5, 2, 21
2, 82194, 17670740, 17985588
1, 36054, 18251158, 18566949
6, 2, 21
2, 41818, 17985588, 18146495
1, 18750, 18566949, 18727467
7, 2, 21
2, 23072, 18146495, 18233942
1, 10098, 18727467, 18815266
8, 2, 21
2, 351848, 18233942, 19637775
1, 144204, 18815266, 20218581
9, 2, 21
2, 269654, 19637775, 20303385
1, 72104, 20218581, 20884102
10, 2, 21
2, 134106, 20303385, 20624301
1, 36054, 20884102, 21205534
11, 2, 21
2, 70658, 20624301, 20792925
1, 18750, 21205534, 21374139
12, 2, 21
2, 498932, 20792925, 22254430
1, 144204, 21374139, 22834386
13, 2, 21
2, 200438, 22254430, 22898072
1, 72104, 22834386, 23477833
14, 2, 21
2, 96614, 22898072, 23340483
1, 36054, 23477833, 23921251
15, 2, 21
2, 34608, 23340483, 23516554
1, 18750, 23921251, 24094810
16, 2, 21
2, 17304, 23516554, 23610392
1, 10098, 24094810, 24190563
17, 2, 21
2, 344638, 23610392, 25100724
1, 144204, 24190563, 25680313
18, 2, 21
2, 333102, 25100724, 26369941
1, 144204, 25680313, 26949737
19, 2, 21
2, 160062, 26369941, 26989514
1, 72104, 26949737, 27569654
20, 2, 21
2, 321566, 26989514, 28235733
1, 144204, 27569654, 28815862
21, 2, 21
2, 462882, 28235733, 29545633
1, 144204, 28815862, 30126054
22, 2, 21
2, 258118, 29545633, 30185521
1, 72104, 30126054, 30765248
23, 2, 21
2, 124012, 30185521, 30493317
1, 36054, 30765248, 31073208
24, 2, 21
2, 353290, 30493317, 31710929
1, 144204, 31073208, 32291029
25, 2, 21
2, 161504, 31710929, 32322398
1, 72104, 32291029, 32903372
26, 2, 21
2, 82194, 32322398, 32628328
1, 36054, 32903372, 33209315
27, 2, 21
2, 223510, 32628328, 34492486
1, 144204, 33209315, 35072564
28, 2, 21
2, 80752, 34492486, 35442673
1, 72104, 35072564, 36022497
29, 2, 21
2, 136990, 35442673, 35749313
1, 36054, 36022497, 36329333
30, 2, 21
2, 70658, 35749313, 35919456
1, 18750, 36329333, 36499556
31, 2, 21
2, 20188, 35919456, 36005157
1, 10098, 36499556, 36584991
32, 2, 21
2, 17304, 36005157, 36052450
1, 5772, 36584991, 36633311
33, 2, 21
2, 569590, 36052450, 37539187
1, 144204, 36633311, 38120074
34, 2, 21
2, 259560, 37539187, 38196203
1, 72104, 38120074, 38775732
35, 2, 21
2, 115360, 38196203, 38521002
1, 36054, 38775732, 39101478
36, 2, 21
2, 144200, 38521002, 39986316
1, 144204, 39101478, 40566300
37, 2, 21
2, 72100, 39986316, 40612897
1, 72104, 40566300, 41192717
38, 2, 21
2, 563822, 40612897, 42058168
1, 144204, 41192717, 42638388
39, 2, 21
2, 258118, 42058168, 42726486
1, 72104, 42638388, 43307422
40, 2, 21
2, 141316, 42726486, 43038922
1, 36054, 43307422, 43619886
41, 2, 21
2, 69216, 43038922, 43199536
1, 18750, 43619886, 43780549
42, 2, 21
2, 301378, 43199536, 44598200
1, 144204, 43780549, 45179284
43, 2, 21
2, 72100, 44598200, 45549944
1, 72104, 45179284, 46130280
44, 2, 21
2, 36050, 45549944, 46002202
1, 36054, 46130280, 46582446
45, 2, 21
2, 144200, 46002202, 47261309
1, 144204, 46582446, 47842386
46, 2, 21
2, 72100, 47261309, 47863991
1, 72104, 47842386, 48445050
47, 2, 21
2, 144200, 47863991, 49452924
1, 144204, 48445050, 50034047
48, 2, 21
2, 144200, 49452924, 51118031
1, 144204, 50034047, 51699043
49, 2, 21
2, 144200, 51118031, 52339611
1, 144204, 51699043, 52920068
50, 2, 21
2, 72100, 52339611, 52950970
1, 72104, 52920068, 53531725
51, 2, 21
2, 389340, 52950970, 54189158
1, 144204, 53531725, 54769555
52, 2, 21
2, 292726, 54189158, 54795508
1, 72104, 54769555, 55374751
53, 2, 21
2, 139874, 54795508, 55101857
1, 36054, 55374751, 55681531
54, 2, 21
2, 573916, 55101857, 56334804
1, 144204, 55681531, 56915201
55, 2, 21
2, 556612, 56334804, 57548012
1, 144204, 56915201, 58127621
56, 2, 21
2, 461440, 57548012, 58772270
1, 144204, 58127621, 59353328
57, 2, 21
2, 144200, 58772270, 60080553
1, 144204, 59353328, 60661732
58, 2, 21
2, 72100, 60080553, 60724349
1, 72104, 60661732, 61305468
59, 2, 21
2, 144200, 60724349, 61978706
1, 144204, 61305468, 62559351
60, 2, 21
2, 144200, 61978706, 63341200
1, 144204, 62559351, 63922235
61, 2, 21
2, 144200, 63341200, 64672835
1, 144204, 63922235, 65253942
