0, 2, 21
2, 54796, 5582482, 6143413
1, 54796, 6147602, 6708077
1, 2, 21
2, 53354, 6143413, 6647468
1, 53354, 6708077, 7210993
2, 2, 21
2, 57680, 6647468, 7157063
1, 57680, 7210993, 7721781
3, 2, 21
2, 54796, 7157063, 7659282
1, 54796, 7721781, 8223974
4, 2, 21
2, 56238, 7659282, 8169053
1, 56238, 8223974, 8733790
5, 2, 21
2, 57680, 8169053, 8680147
1, 57680, 8733790, 9245085
6, 2, 21
2, 56238, 8680147, 9184437
1, 56238, 9245085, 9749357
7, 2, 21
2, 44702, 9184437, 15711333
1, 44702, 9749357, 16276014
8, 2, 21
2, 54796, 15711333, 16218750
1, 54796, 16276014, 16783354
9, 2, 21
2, 59122, 16218750, 16729104
1, 59122, 16783354, 17293887
10, 2, 21
2, 56238, 16729104, 17237869
1, 56238, 17293887, 17801848
11, 2, 21
2, 79310, 17237869, 17738378
1, 54796, 17801848, 18302780
12, 1, 21
3, 76426, 17001659, 17509112
13, 1, 21
2, 129805, 17738378, 18240135
14, 1, 21
1, 57680, 18302780, 18808009
15, 1, 21
3, 64890, 17509112, 18019572
16, 1, 21
2, 106758, 18240135, 18742997
17, 1, 21
1, 54796, 18808009, 19317620
18, 1, 21
3, 59122, 18019572, 18519654
19, 1, 21
2, 118294, 18742997, 19246992
20, 1, 21
1, 44702, 19317620, 19828428
21, 1, 21
3, 79310, 18519654, 19025861
22, 1, 21
2, 160112, 19246992, 19750406
23, 1, 21
1, 54796, 19828428, 20330142
24, 1, 21
4, 74984, 18435413, 18944768
25, 1, 21
3, 73542, 19025861, 19530086
26, 1, 21
2, 199071, 19750406, 20252387
27, 1, 21
1, 51912, 20330142, 20834180
28, 1, 21
4, 79310, 18944768, 19451747
29, 1, 21
3, 76426, 19530086, 20033884
30, 1, 21
2, 210607, 20252387, 20760235
31, 1, 21
1, 56238, 20834180, 21341051
32, 1, 21
4, 64890, 19451747, 19965992
33, 1, 21
3, 66332, 20033884, 20540526
34, 1, 21
2, 158695, 20760235, 21262924
35, 1, 21
1, 51912, 21341051, 21842807
36, 1, 21
3, 51912, 20540526, 21042650
37, 1, 21
4, 49028, 19965992, 20497152
38, 1, 21
2, 152927, 21262924, 21764491
39, 1, 21
1, 41818, 21842807, 22345330
40, 1, 21
3, 67774, 21042650, 21543268
41, 1, 21
4, 76426, 20497152, 21004733
42, 1, 21
2, 201955, 21764491, 22264938
43, 1, 21
1, 53354, 22345330, 22858111
44, 1, 21
4, 74984, 21004733, 21511723
45, 1, 21
2, 181742, 22264938, 22769906
46, 1, 21
1, 56238, 22858111, 23367449
47, 1, 21
4, 59122, 21511723, 22016151
48, 1, 21
2, 103874, 22769906, 23271160
49, 1, 21
1, 44702, 23367449, 23874155
50, 1, 21
4, 59122, 22016151, 22521981
51, 1, 21
2, 105316, 23271160, 23777734
52, 1, 21
1, 51912, 23874155, 24406540
53, 1, 21
4, 54796, 22521981, 23023195
54, 1, 21
2, 98106, 23777734, 24279868
55, 1, 21
1, 38934, 24406540, 24924320
56, 1, 21
4, 73542, 23023195, 23526870
57, 1, 21
2, 122620, 24279868, 24780064
58, 1, 21
1, 54796, 24924320, 25426708
59, 1, 21
4, 73542, 23526870, 24029421
60, 1, 21
2, 131272, 24780064, 25281888
61, 1, 21
1, 57680, 25426708, 25931318
62, 1, 21
4, 74984, 24029421, 24534492
63, 1, 21
2, 131272, 25281888, 25785214
64, 1, 21
1, 57680, 25931318, 26443682
65, 1, 21
4, 79310, 24534492, 25045411
66, 1, 21
2, 137040, 25785214, 26285392
67, 1, 21
1, 59122, 26443682, 26945380
68, 1, 21
4, 74984, 25045411, 25550246
69, 1, 21
2, 131272, 26285392, 26786407
70, 1, 21
1, 59122, 26945380, 27447010
71, 1, 21
4, 70658, 25550246, 26050306
72, 1, 21
2, 129830, 26786407, 27295077
73, 1, 21
1, 56238, 27447010, 27956057
74, 1, 21
4, 74984, 26050306, 26560603
75, 1, 21
2, 125504, 27295077, 27800469
76, 1, 21
1, 57680, 27956057, 28467348
77, 1, 21
4, 53354, 26560603, 27067321
78, 1, 21
2, 113968, 27800469, 28301042
79, 1, 21
1, 59122, 28467348, 28974051
80, 1, 21
3, 72100, 21543268, 27962007
81, 1, 21
4, 64890, 27067321, 27572406
82, 1, 21
2, 161579, 28301042, 28801673
83, 1, 21
1, 59122, 28974051, 29482410
84, 1, 21
3, 62006, 27962007, 28470302
85, 1, 21
4, 62006, 27572406, 28077896
86, 1, 21
2, 180325, 28801673, 29307967
87, 1, 21
1, 50470, 29482410, 29987795
88, 1, 21
3, 72100, 28470302, 28974896
89, 1, 21
4, 74984, 28077896, 28594543
90, 1, 21
2, 199071, 29307967, 29808853
91, 1, 21
1, 54796, 29987795, 30495667
92, 1, 21
3, 76426, 28974896, 29480888
93, 1, 21
4, 73542, 28594543, 29099056
94, 1, 21
2, 203397, 29808853, 30310309
95, 1, 21
1, 57680, 30495667, 30996439
96, 1, 21
3, 72100, 29480888, 29984605
97, 1, 21
4, 70658, 29099056, 29599787
98, 1, 21
2, 200513, 30310309, 30811504
99, 1, 21
1, 59122, 30996439, 31498603
100, 1, 21
3, 74984, 29984605, 30486601
101, 1, 21
2, 139924, 30811504, 31313606
102, 1, 21
1, 59122, 31498603, 31999082
103, 1, 21
3, 74984, 30486601, 30992485
104, 1, 21
2, 134156, 31313606, 31819892
105, 1, 21
1, 60564, 31999082, 32511337
106, 1, 21
3, 74984, 30992485, 31494995
107, 1, 21
2, 134156, 31819892, 32323490
108, 1, 21
1, 59122, 32511337, 33013702
109, 1, 21
3, 73542, 31494995, 31999118
110, 1, 21
2, 129830, 32323490, 32824918
111, 1, 21
1, 60564, 33013702, 33524716
112, 1, 21
3, 64890, 31999118, 32504618
113, 1, 21
2, 112526, 32824918, 33326023
114, 1, 21
1, 54796, 33524716, 34034333
115, 1, 21
2, 44727, 33326023, 33839710
116, 1, 21
1, 25956, 34034333, 34595663
117, 1, 21
2, 27423, 33839710, 34359110
118, 1, 21
1, 31724, 34595663, 35103040
119, 1, 21
2, 36075, 34359110, 34863885
120, 1, 21
1, 36050, 35103040, 35612304
121, 1, 21
2, 31749, 34863885, 35375461
122, 1, 21
3, 31724, 32504618, 34901254
123, 1, 21
1, 41818, 35612304, 36123557
124, 1, 21
2, 191836, 35375461, 35878760
125, 1, 21
3, 164388, 34901254, 35459905
126, 1, 21
1, 57680, 36123557, 36628778
127, 1, 21
2, 161554, 35878760, 36391644
128, 1, 21
3, 96614, 35459905, 35970512
129, 1, 21
1, 49028, 36628778, 37138681
130, 1, 21
2, 170206, 36391644, 36893529
131, 1, 21
3, 171598, 35970512, 36473993
132, 1, 21
1, 40376, 37138681, 37647086
133, 1, 21
2, 226444, 36893529, 37394684
134, 1, 21
3, 165830, 36473993, 36974971
135, 1, 21
1, 59122, 37647086, 38152194
136, 1, 21
2, 213466, 37394684, 37896336
137, 1, 21
3, 147084, 36974971, 37482285
138, 1, 21
1, 56238, 38152194, 38657403
139, 1, 21
2, 200488, 37896336, 38396613
140, 1, 21
1, 56238, 38657403, 39168687
141, 1, 21
2, 89429, 38396613, 38908351
142, 1, 21
1, 54796, 39168687, 39676437
143, 1, 21
2, 47611, 38908351, 39411983
144, 1, 21
1, 46144, 39676437, 40180932
145, 1, 21
2, 44727, 39411983, 39916033
146, 1, 21
1, 49028, 40180932, 40683327
147, 1, 21
2, 57705, 39916033, 40417361
148, 1, 21
1, 59122, 40683327, 41191957
149, 1, 21
3, 136990, 37482285, 40136661
150, 1, 21
2, 124062, 40417361, 40918072
151, 1, 21
1, 44702, 41191957, 41703546
152, 1, 21
3, 134106, 40136661, 40638640
153, 1, 21
2, 170206, 40918072, 41421245
154, 1, 21
1, 49028, 41703546, 42206350
155, 1, 21
3, 160062, 40638640, 41139143
156, 1, 21
2, 222118, 41421245, 41922734
157, 1, 21
1, 59122, 42206350, 42712160
158, 1, 21
3, 165830, 41139143, 41639803
159, 1, 21
2, 199046, 41922734, 42426547
160, 1, 21
1, 56238, 42712160, 43215782
161, 1, 21
3, 136990, 41639803, 42142273
162, 1, 21
2, 214908, 42426547, 42927485
163, 1, 21
1, 54796, 43215782, 43718702
164, 1, 21
3, 165830, 42142273, 42645765
165, 1, 21
2, 217792, 42927485, 43429830
166, 1, 21
1, 57680, 43718702, 44225885
167, 1, 21
2, 145667, 43429830, 43939340
168, 1, 21
1, 53354, 44225885, 44731600
169, 1, 21
2, 47611, 43939340, 44447398
170, 1, 21
1, 47586, 44731600, 45239780
171, 1, 21
2, 50495, 44447398, 44948191
172, 1, 21
1, 41818, 45239780, 45740557
173, 1, 21
2, 37517, 44948191, 45455048
174, 1, 21
1, 36050, 45740557, 46243892
175, 1, 21
2, 37517, 45455048, 45976026
176, 1, 21
1, 41818, 46243892, 46748652
177, 1, 21
2, 53379, 45976026, 46485969
178, 1, 21
1, 56238, 46748652, 47249449
179, 1, 21
2, 57705, 46485969, 46991059
180, 1, 21
1, 59122, 47249449, 47755293
181, 1, 21
2, 59147, 46991059, 47502503
182, 1, 21
1, 59122, 47755293, 48260701
183, 1, 21
2, 60589, 47502503, 48009492
184, 1, 21
1, 57680, 48260701, 48766633
185, 1, 21
2, 50495, 48009492, 48522788
186, 1, 21
1, 47586, 48766633, 49279082
187, 1, 21
2, 38959, 48522788, 49032759
188, 1, 21
1, 41818, 49279082, 49784670
189, 1, 21
2, 49053, 49032759, 49536207
190, 1, 21
1, 43260, 49784670, 50289796
191, 1, 21
2, 36075, 49536207, 50062125
192, 1, 21
1, 37492, 50289796, 50794419
193, 1, 21
2, 41843, 50062125, 50575913
194, 1, 21
1, 41818, 50794419, 51299820
195, 1, 21
2, 50495, 50575913, 51081069
196, 1, 21
1, 53354, 51299820, 51805104
197, 1, 21
2, 59147, 51081069, 51581565
198, 1, 21
1, 60564, 51805104, 52316117
199, 1, 21
2, 60589, 51581565, 52091549
200, 1, 21
1, 59122, 52316117, 52816437
201, 1, 21
2, 59147, 52091549, 52596732
202, 1, 21
1, 59122, 52816437, 53319821
203, 1, 21
2, 60589, 52596732, 53109104
204, 1, 21
1, 59122, 53319821, 53824631
205, 1, 21
3, 155736, 42645765, 52896002
206, 1, 21
2, 105316, 53109104, 53609205
207, 1, 21
1, 59122, 53824631, 54329078
208, 1, 21
3, 165830, 52896002, 53397780
209, 1, 21
2, 219234, 53609205, 54109591
210, 1, 21
1, 59122, 54329078, 54837982
211, 1, 21
3, 177366, 53397780, 53900907
212, 1, 21
2, 243748, 54109591, 54611196
213, 1, 21
1, 60564, 54837982, 55348895
214, 1, 21
3, 184576, 53900907, 54403421
215, 1, 21
2, 235096, 54611196, 55113016
216, 1, 21
1, 60564, 55348895, 55860073
217, 1, 21
3, 170156, 54403421, 54906787
218, 1, 21
2, 232212, 55113016, 55614235
219, 1, 21
1, 59122, 55860073, 56361231
220, 1, 21
3, 173040, 54906787, 55407386
221, 1, 21
2, 233654, 55614235, 56114931
222, 1, 21
1, 57680, 56361231, 56866660
223, 1, 21
3, 174482, 55407386, 55910160
224, 1, 21
2, 230770, 56114931, 56618042
225, 1, 21
1, 60564, 56866660, 57374257
226, 1, 21
3, 170156, 55910160, 56411328
227, 1, 21
2, 233654, 56618042, 57118113
228, 1, 21
1, 60564, 57374257, 57883591
229, 1, 21
3, 164388, 56411328, 56913856
230, 1, 21
2, 217792, 57118113, 57620618
231, 1, 21
1, 60564, 57883591, 58391888
232, 1, 21
3, 154294, 56913856, 57415592
233, 1, 21
2, 220676, 57620618, 58123796
234, 1, 21
1, 59122, 58391888, 58897965
235, 1, 21
3, 177366, 57415592, 57919492
236, 1, 21
2, 207698, 58123796, 58633358
237, 1, 21
1, 60564, 58897965, 59407144
238, 1, 21
2, 56263, 58633358, 59141580
239, 1, 21
1, 54796, 59407144, 59915962
240, 1, 21
2, 56263, 59141580, 59651035
241, 1, 21
1, 54796, 59915962, 60419676
242, 1, 21
2, 56263, 59651035, 60163318
243, 1, 21
1, 56238, 60419676, 60923492
244, 1, 21
2, 56263, 60163318, 60667389
245, 1, 21
1, 57680, 60923492, 61436330
246, 1, 21
2, 57705, 60667389, 61179919
247, 1, 21
1, 59122, 61436330, 61948430
248, 1, 21
2, 59147, 61179919, 61685635
249, 1, 21
1, 57680, 61948430, 62449865
250, 1, 21
2, 57705, 61685635, 62191314
251, 1, 21
1, 56238, 62449865, 62950251
252, 1, 21
2, 54821, 62191314, 62705056
253, 1, 21
1, 53354, 62950251, 63459048
254, 1, 21
2, 53379, 62705056, 63210990
255, 1, 21
1, 53354, 63459048, 63968756
256, 1, 21
2, 53379, 63210990, 63716182
257, 1, 21
1, 53354, 63968756, 64473290
258, 1, 21
2, 54821, 63716182, 64229004
259, 1, 21
1, 56238, 64473290, 64985732
260, 1, 21
2, 54821, 64229004, 64729759
261, 1, 21
1, 56238, 64985732, 65493122
262, 1, 21
2, 57705, 64729759, 65238584
263, 1, 21
1, 56238, 65493122, 65999209
264, 1, 21
2, 56263, 65238584, 65745590
265, 1, 21
1, 56238, 65999209, 66513202
