0, 2, 21
2, 100940, 5579820, 6581339
1, 100940, 6703106, 7704145
1, 2, 21
2, 111034, 6581339, 7584461
1, 111034, 7704145, 8707090
2, 1, 21
2, 112476, 7584461, 8596599
3, 1, 21
1, 141316, 8707090, 9970613
4, 2, 21
2, 111059, 8596599, 15712272
1, 82194, 9970613, 16834804
5, 2, 21
2, 113918, 15712272, 16722647
1, 113918, 16834804, 17844867
6, 1, 21
2, 132664, 16722647, 17730070
7, 1, 21
1, 112476, 17844867, 18855981
8, 1, 21
3, 141316, 17025079, 18046866
9, 1, 21
2, 239422, 17730070, 18739920
10, 1, 21
1, 129780, 18855981, 20106679
11, 1, 21
3, 135548, 18046866, 19054815
12, 1, 21
2, 274030, 18739920, 19741419
13, 1, 21
1, 112476, 20106679, 21112438
14, 1, 21
4, 154294, 18450802, 19453968
15, 1, 21
3, 148526, 19054815, 20058764
16, 1, 21
2, 408161, 19741419, 20744215
17, 1, 21
1, 109592, 21112438, 22114484
18, 1, 21
3, 112476, 20058764, 21067631
19, 1, 21
4, 113918, 19453968, 20505035
20, 1, 21
2, 310105, 20744215, 21747312
21, 1, 21
1, 93730, 22114484, 23125218
22, 1, 21
3, 132664, 21067631, 22072894
23, 1, 21
4, 149968, 20505035, 21510386
24, 1, 21
2, 396625, 21747312, 22752272
25, 1, 21
1, 109592, 23125218, 24197008
26, 1, 21
4, 116802, 21510386, 22513367
27, 1, 21
2, 199046, 22752272, 23754836
28, 1, 21
1, 90846, 24197008, 25203398
29, 1, 21
4, 126896, 22513367, 23521264
30, 1, 21
2, 226444, 23754836, 24758011
31, 1, 21
1, 105266, 25203398, 26205877
32, 1, 21
4, 141316, 23521264, 24522523
33, 1, 21
2, 261052, 24758011, 25761276
34, 1, 21
1, 118244, 26205877, 27217486
35, 1, 21
4, 154294, 24522523, 25529803
36, 1, 21
2, 331710, 25761276, 27012194
37, 1, 21
1, 139874, 27217486, 28476525
38, 1, 21
4, 147084, 25529803, 26530863
39, 1, 21
2, 403810, 27012194, 28580598
40, 1, 21
4, 145642, 26530863, 27534884
41, 1, 21
3, 17304, 22072894, 28117496
42, 1, 21
1, 216300, 28476525, 30435347
43, 1, 21
4, 129780, 27534884, 28536457
44, 1, 21
3, 134106, 28117496, 29127919
45, 1, 21
2, 437051, 28580598, 29781708
46, 1, 21
3, 147084, 29127919, 30132949
47, 1, 21
2, 462907, 29781708, 31035530
48, 1, 21
3, 183134, 30132949, 31387617
49, 1, 21
2, 263911, 31035530, 32036019
50, 1, 21
2, 320124, 32036019, 33291122
51, 1, 21
3, 207648, 31387617, 32972561
52, 1, 21
1, 494606, 30435347, 35075959
53, 1, 21
2, 86570, 33291122, 34363998
54, 1, 21
1, 66332, 35075959, 36081148
55, 1, 21
2, 72125, 34363998, 35384530
56, 1, 21
3, 5768, 32972561, 35069615
57, 1, 21
1, 98056, 36081148, 37082295
58, 1, 21
2, 324500, 35384530, 36389841
59, 1, 21
3, 250908, 35069615, 36073689
60, 1, 21
1, 118244, 37082295, 38342424
61, 1, 21
2, 377854, 36389841, 37392736
62, 1, 21
3, 325892, 36073689, 37075220
63, 1, 21
1, 113918, 38342424, 39354319
64, 1, 21
2, 389390, 37392736, 38395391
65, 1, 21
3, 272538, 37075220, 38078120
66, 1, 21
2, 209115, 38395391, 39398340
67, 1, 21
1, 129780, 39354319, 40610731
68, 1, 21
2, 103849, 39398340, 40403246
69, 1, 21
1, 105266, 40610731, 41614269
70, 1, 21
3, 33166, 38078120, 40394448
71, 1, 21
2, 318732, 40403246, 41655389
72, 1, 21
1, 122570, 41614269, 42871509
73, 1, 21
3, 294168, 40394448, 41397867
74, 1, 21
2, 402368, 41655389, 42658740
75, 1, 21
3, 374920, 41397867, 42648721
76, 1, 21
1, 214858, 42871509, 44832382
77, 1, 21
2, 507634, 42658740, 43913075
78, 1, 21
2, 152852, 43913075, 45009553
79, 1, 21
1, 121128, 44832382, 46147062
80, 2, 21
2, 76451, 45009553, 46031094
1, 74984, 46147062, 47152829
81, 2, 21
2, 111034, 46031094, 47041584
1, 111034, 47152829, 48162999
82, 1, 21
2, 141316, 47041584, 48294499
83, 1, 21
1, 142758, 48162999, 49426271
84, 1, 21
1, 87962, 49426271, 50441538
85, 1, 21
2, 132714, 48294499, 49864447
86, 1, 21
1, 100940, 50441538, 51736077
87, 1, 21
1, 162946, 51736077, 53190763
88, 1, 21
2, 320174, 49864447, 52918793
89, 1, 21
1, 147084, 53190763, 54450576
90, 1, 21
3, 249466, 42648721, 53283353
91, 1, 21
2, 212024, 52918793, 54086275
92, 1, 21
3, 321566, 53283353, 54286335
93, 1, 21
1, 181692, 54450576, 56016634
94, 1, 21
2, 436976, 54086275, 55088013
95, 1, 21
2, 413854, 55088013, 56090179
96, 1, 21
3, 395108, 54286335, 55538313
97, 1, 21
2, 439835, 56090179, 57090888
98, 1, 21
3, 498932, 55538313, 57101980
99, 1, 21
1, 346080, 56016634, 59078826
100, 1, 21
2, 421114, 57090888, 58093489
101, 1, 21
3, 348964, 57101980, 58302074
102, 1, 21
2, 513377, 58093489, 59348202
103, 1, 21
2, 126896, 59348202, 60360102
104, 1, 21
2, 111034, 60360102, 61362051
105, 1, 21
2, 142758, 61362051, 62616903
106, 1, 21
2, 207648, 62616903, 64581268
