0, 2, 21
2, 54796, 5613527, 6173234
1, 54796, 6174881, 6734884
1, 2, 21
2, 53354, 6173234, 6676820
1, 53354, 6734884, 7237601
2, 2, 21
2, 57680, 6676820, 7186711
1, 57680, 7237601, 7747630
3, 2, 21
2, 54796, 7186711, 7690827
1, 54796, 7747630, 8252504
4, 2, 21
2, 56238, 7690827, 8201675
1, 56238, 8252504, 8763415
5, 1, 21
2, 57680, 8201675, 8713212
6, 1, 21
1, 70658, 8763415, 9389304
7, 1, 21
2, 56263, 8713212, 9218282
8, 1, 21
1, 86520, 9389304, 10174362
9, 2, 21
2, 44727, 9218282, 15742994
1, 1442, 10174362, 16304660
10, 2, 21
2, 54796, 15742994, 16250098
1, 54796, 16304660, 16811645
11, 2, 21
2, 73542, 16250098, 16875228
1, 73542, 16811645, 17437242
12, 1, 21
2, 98056, 16875228, 17664217
13, 1, 21
1, 86520, 17437242, 18226025
14, 1, 21
3, 76426, 17020413, 17520497
15, 1, 21
2, 132714, 17664217, 18164990
16, 1, 21
3, 64890, 17520497, 18025943
17, 1, 21
2, 113943, 18164990, 18673920
18, 1, 21
1, 124012, 18226025, 19392189
19, 1, 21
3, 59122, 18025943, 18528404
20, 1, 21
2, 112526, 18673920, 19177100
21, 1, 21
1, 64890, 19392189, 20030550
22, 1, 21
3, 79310, 18528404, 19037298
23, 1, 21
2, 144250, 19177100, 19677271
24, 1, 21
1, 57680, 20030550, 20539024
25, 1, 21
4, 73542, 18447703, 18954473
26, 1, 21
3, 73542, 19037298, 19546425
27, 1, 21
2, 197629, 19677271, 20177597
28, 1, 21
1, 63448, 20539024, 21166165
29, 1, 21
3, 74984, 19546425, 20049489
30, 1, 21
4, 79310, 18954473, 19460902
31, 1, 21
2, 204839, 20177597, 20680559
32, 1, 21
4, 63448, 19460902, 19971012
33, 1, 21
3, 66332, 20049489, 20560791
34, 1, 21
2, 201930, 20680559, 21300200
35, 1, 21
1, 90846, 21166165, 22145540
36, 1, 21
3, 40376, 20560791, 21062131
37, 1, 21
4, 51912, 19971012, 20522637
38, 1, 21
2, 138507, 21300200, 21801256
39, 1, 21
1, 47586, 22145540, 22652899
40, 1, 21
3, 66332, 21062131, 21567009
41, 1, 21
4, 69216, 20522637, 21027593
42, 1, 21
2, 187535, 21801256, 22304329
43, 1, 21
1, 54796, 22652899, 23155889
44, 1, 21
4, 60564, 21027593, 21547160
45, 1, 21
3, 82194, 21567009, 22196804
46, 1, 21
2, 177441, 22304329, 22809483
47, 1, 21
4, 56238, 21547160, 22051479
48, 1, 21
1, 63448, 23155889, 23837916
49, 1, 21
2, 100990, 22809483, 23313405
50, 1, 21
4, 67774, 22051479, 22558399
51, 1, 21
1, 50470, 23837916, 24348030
52, 1, 21
2, 113968, 23313405, 23818482
53, 1, 21
4, 46144, 22558399, 23065129
54, 1, 21
1, 38934, 24348030, 24866892
55, 1, 21
2, 83686, 23818482, 24318974
56, 1, 21
4, 66332, 23065129, 23569504
57, 1, 21
1, 46144, 24866892, 25373683
58, 1, 21
2, 115410, 24318974, 24822171
59, 1, 21
1, 41818, 25373683, 25882972
60, 1, 21
4, 86520, 23569504, 24204650
61, 1, 21
2, 141366, 24822171, 25451816
62, 1, 21
1, 70658, 25882972, 26497058
63, 1, 21
2, 128363, 25451816, 25960089
64, 1, 21
4, 108150, 24204650, 24993754
65, 1, 21
1, 69216, 26497058, 27126754
66, 1, 21
2, 162996, 25960089, 26589196
67, 1, 21
4, 90846, 24993754, 25581325
68, 1, 21
4, 70658, 25581325, 26089781
69, 1, 21
1, 89404, 27126754, 27908252
70, 1, 21
2, 248099, 26589196, 27567429
71, 1, 21
4, 89404, 26089781, 26723980
72, 1, 21
4, 111034, 26723980, 27513622
73, 1, 21
3, 4326, 22196804, 28151823
74, 1, 21
1, 167272, 27908252, 29442937
75, 1, 21
3, 57680, 28151823, 28656197
76, 1, 21
4, 74984, 27513622, 28131767
77, 1, 21
2, 509176, 27567429, 29365544
78, 1, 21
3, 72100, 28656197, 29157391
79, 1, 21
4, 73542, 28131767, 28766777
80, 1, 21
2, 220676, 29365544, 29991341
81, 1, 21
3, 64890, 29157391, 29665414
82, 1, 21
4, 64890, 28766777, 29267538
83, 1, 21
2, 291334, 29991341, 30776951
84, 1, 21
3, 85078, 29665414, 30296047
85, 1, 21
1, 211974, 29442937, 31548037
86, 1, 21
4, 89404, 29267538, 29902331
87, 1, 21
2, 193303, 30776951, 31277589
88, 1, 21
1, 72100, 31548037, 32182209
89, 1, 21
3, 106708, 30296047, 31078551
90, 1, 21
2, 161554, 31277589, 31881884
91, 1, 21
1, 92288, 32182209, 32967828
92, 1, 21
2, 162971, 31881884, 32515146
93, 1, 21
3, 216300, 31078551, 32612480
94, 1, 21
2, 197579, 32515146, 33301890
95, 1, 21
3, 69216, 32612480, 33278453
96, 1, 21
2, 124037, 33301890, 33897700
97, 1, 21
1, 174482, 32967828, 34499708
98, 1, 21
2, 44727, 33897700, 34434016
99, 1, 21
1, 40376, 34499708, 35186426
100, 1, 21
2, 27423, 34434016, 34953480
101, 1, 21
1, 43260, 35186426, 35814501
102, 1, 21
2, 38959, 34953480, 35589209
103, 1, 21
3, 5768, 33278453, 35375699
104, 1, 21
1, 53354, 35814501, 36595895
105, 1, 21
2, 219234, 35589209, 36370714
106, 1, 21
3, 164388, 35375699, 35934918
107, 1, 21
1, 69216, 36595895, 37207570
108, 1, 21
2, 154344, 36370714, 36881061
109, 1, 21
3, 96614, 35934918, 36449437
110, 1, 21
1, 47586, 37207570, 37713989
111, 1, 21
2, 171648, 36881061, 37383548
112, 1, 21
3, 164388, 36449437, 36949700
113, 1, 21
1, 40376, 37713989, 38223149
114, 1, 21
2, 217792, 37383548, 37887006
115, 1, 21
3, 204764, 36949700, 37577030
116, 1, 21
1, 59122, 38223149, 38729400
117, 1, 21
2, 210582, 37887006, 38388230
118, 1, 21
3, 142758, 37577030, 38080276
119, 1, 21
1, 69216, 38729400, 39358359
120, 1, 21
2, 237980, 38388230, 38976850
121, 1, 21
2, 62006, 38976850, 39482021
122, 1, 21
1, 87962, 39358359, 40151669
123, 1, 21
2, 49053, 39482021, 39989635
124, 1, 21
1, 57680, 40151669, 40771715
125, 1, 21
2, 57705, 39989635, 40615996
126, 1, 21
1, 63448, 40771715, 41400316
127, 1, 21
3, 109592, 38080276, 40645059
128, 1, 21
1, 59122, 41400316, 41907632
129, 1, 21
2, 148601, 40615996, 41398209
130, 1, 21
3, 128338, 40645059, 41145324
131, 1, 21
1, 43260, 41907632, 42411257
132, 1, 21
2, 170206, 41398209, 41900213
133, 1, 21
3, 157178, 41145324, 41647036
134, 1, 21
1, 50470, 42411257, 42918346
135, 1, 21
2, 212024, 41900213, 42400682
136, 1, 21
3, 186018, 41647036, 42274407
137, 1, 21
1, 59122, 42918346, 43425777
138, 1, 21
2, 203372, 42400682, 42903404
139, 1, 21
3, 136990, 42274407, 42776108
140, 1, 21
2, 188927, 42903404, 43407494
141, 1, 21
1, 67774, 43425777, 44058462
142, 1, 21
3, 149968, 42776108, 43278390
143, 1, 21
2, 317290, 43407494, 44192527
144, 1, 21
1, 108150, 44058462, 45046310
145, 1, 21
2, 112501, 44192527, 44698930
146, 1, 21
2, 46144, 44698930, 45200391
147, 1, 21
1, 118244, 45046310, 46352342
148, 1, 21
2, 56263, 45200391, 45830507
149, 1, 21
1, 47586, 46352342, 46998923
150, 1, 21
2, 75009, 45830507, 46812118
151, 1, 21
1, 79310, 46998923, 47791961
152, 1, 21
1, 57680, 47791961, 48302256
153, 1, 21
1, 92288, 48302256, 49092812
154, 1, 21
2, 255309, 46812118, 49071169
155, 1, 21
1, 83636, 49092812, 49918818
156, 1, 21
2, 40401, 49071169, 49590138
157, 1, 21
1, 41818, 49918818, 50433496
158, 1, 21
2, 47611, 49590138, 50092872
159, 1, 21
1, 50470, 50433496, 51070223
160, 1, 21
2, 36075, 50092872, 50608921
161, 1, 21
1, 41818, 51070223, 51579542
162, 1, 21
2, 44727, 50608921, 51110186
163, 1, 21
1, 38934, 51579542, 52088089
164, 1, 21
2, 54821, 51110186, 51746465
165, 1, 21
1, 57680, 52088089, 52589851
166, 1, 21
2, 59147, 51746465, 52251622
167, 1, 21
1, 59122, 52589851, 53089913
168, 1, 21
2, 75009, 52251622, 52883898
169, 1, 21
1, 73542, 53089913, 53716799
170, 1, 21
2, 113943, 52883898, 53867749
171, 1, 21
3, 158620, 43278390, 53546530
172, 1, 21
1, 113918, 53716799, 54704872
173, 1, 21
2, 145692, 53867749, 54369606
174, 1, 21
3, 165830, 53546530, 54047850
175, 1, 21
2, 223535, 54369606, 54873189
176, 1, 21
3, 222068, 54047850, 54675493
177, 1, 21
2, 240839, 54873189, 55373497
178, 1, 21
2, 232162, 55373497, 55876544
179, 1, 21
3, 276864, 54675493, 55457724
180, 1, 21
2, 233629, 55876544, 56377083
181, 1, 21
2, 291284, 56377083, 57006312
182, 1, 21
3, 523446, 55457724, 56986620
183, 1, 21
2, 444161, 57006312, 57982966
184, 1, 21
3, 330218, 56986620, 58067111
185, 1, 21
3, 173040, 58067111, 58568660
186, 1, 21
2, 510518, 57982966, 59164396
187, 1, 21
2, 85078, 59164396, 59670763
188, 1, 21
2, 54796, 59670763, 60175236
189, 1, 21
2, 69216, 60175236, 60807058
190, 1, 21
2, 87962, 60807058, 61594037
191, 1, 21
2, 175924, 61594037, 63131885
192, 1, 21
1, 1142064, 54704872, 64712498
