0, 2, 21
2, 72100, 5643094, 6389018
1, 72104, 6256631, 7002617
1, 2, 21
2, 144200, 6389018, 7686678
1, 144204, 7002617, 8300104
2, 2, 21
2, 144200, 7686678, 8975447
1, 144204, 8300104, 9588981
3, 2, 21
2, 217742, 8975447, 17038849
1, 217746, 9588981, 17651693
4, 2, 21
2, 80752, 17038849, 17696995
1, 72104, 17651693, 18310047
5, 2, 21
2, 82194, 17696995, 18007915
1, 36054, 18310047, 18621330
6, 2, 21
2, 43260, 18007915, 18168758
1, 18750, 18621330, 18782022
7, 2, 21
2, 23072, 18168758, 18256918
1, 10098, 18782022, 18869938
8, 2, 21
2, 337428, 18256918, 19666662
1, 144204, 18869938, 20279964
9, 2, 21
2, 269654, 19666662, 20333880
1, 72104, 20279964, 20947307
10, 2, 21
2, 135548, 20333880, 20659915
1, 36054, 20947307, 21273288
11, 2, 21
2, 69216, 20659915, 20828715
1, 18750, 21273288, 21442262
12, 2, 21
2, 503258, 20828715, 22303755
1, 144204, 21442262, 22916060
13, 2, 21
2, 210532, 22303755, 22950573
1, 72104, 22916060, 23563531
14, 2, 21
2, 96614, 22950573, 23391869
1, 36054, 23563531, 24004557
15, 2, 21
2, 41818, 23391869, 23570350
1, 18750, 24004557, 24177090
16, 2, 21
2, 12978, 23570350, 23659959
1, 10098, 24177090, 24272907
17, 2, 21
2, 343196, 23659959, 25161996
1, 144204, 24272907, 25774194
18, 2, 21
2, 331660, 25161996, 26389029
1, 144204, 25774194, 27002363
19, 2, 21
2, 162946, 26389029, 27008866
1, 72104, 27002363, 27622060
20, 2, 21
2, 328776, 27008866, 28265327
1, 144204, 27622060, 28877244
21, 2, 21
2, 451346, 28265327, 29590173
1, 144204, 28877244, 30201218
22, 2, 21
2, 259560, 29590173, 30235383
1, 72104, 30201218, 30848517
23, 2, 21
2, 122570, 30235383, 30546315
1, 36054, 30848517, 31158849
24, 2, 21
2, 350406, 30546315, 31776297
1, 144204, 31158849, 32388801
25, 2, 21
2, 165830, 31776297, 32400270
1, 72104, 32388801, 33013595
26, 2, 21
2, 80752, 32400270, 32706171
1, 36054, 33013595, 33319398
27, 2, 21
2, 236488, 32706171, 34571547
1, 144204, 33319398, 35184316
28, 2, 21
2, 72100, 34571547, 35523799
1, 72104, 35184316, 36137001
29, 2, 21
2, 119686, 35523799, 35831125
1, 36054, 36137001, 36444218
30, 2, 21
2, 82194, 35831125, 36001654
1, 18750, 36444218, 36614438
31, 2, 21
2, 27398, 36001654, 36096130
1, 10098, 36614438, 36699900
32, 2, 21
2, 7210, 36096130, 36135405
1, 5772, 36699900, 36748524
33, 2, 21
2, 568148, 36135405, 37620591
1, 144204, 36748524, 38233398
34, 2, 21
2, 261002, 37620591, 38271935
1, 72104, 38233398, 38885270
35, 2, 21
2, 139874, 38271935, 38599700
1, 36054, 38885270, 39212535
36, 2, 21
2, 144200, 38599700, 40049917
1, 144204, 39212535, 40662923
37, 2, 21
2, 72100, 40049917, 40671906
1, 72104, 40662923, 41284666
38, 2, 21
2, 537866, 40671906, 42116601
1, 144204, 41284666, 42729296
39, 2, 21
2, 268212, 42116601, 42793793
1, 72104, 42729296, 43406996
40, 2, 21
2, 144200, 42793793, 43130214
1, 36054, 43406996, 43743515
41, 2, 21
2, 70658, 43130214, 43291815
1, 18750, 43743515, 43904240
42, 2, 21
2, 312914, 43291815, 44707278
1, 144204, 43904240, 45319661
43, 2, 21
2, 72100, 44707278, 45681114
1, 72104, 45319661, 46294004
44, 2, 21
2, 36050, 45681114, 46138480
1, 36054, 46294004, 46751148
45, 2, 21
2, 144200, 46138480, 47422196
1, 144204, 46751148, 48035161
46, 2, 21
2, 72100, 47422196, 48029984
1, 72104, 48035161, 48642948
47, 2, 21
2, 144200, 48029984, 49619915
1, 144204, 48642948, 50233065
48, 2, 21
2, 144200, 49619915, 51285378
1, 144204, 50233065, 51898314
49, 2, 21
2, 144200, 51285378, 52506039
1, 144204, 51898314, 53119232
50, 2, 21
2, 72100, 52506039, 53117238
1, 72104, 53119232, 53730067
51, 2, 21
2, 400876, 53117238, 54356018
1, 144204, 53730067, 54968382
52, 2, 21
2, 289842, 54356018, 54960573
1, 72104, 54968382, 55573419
53, 2, 21
2, 142758, 54960573, 55267135
1, 36054, 55573419, 55880195
54, 2, 21
2, 550844, 55267135, 56513654
1, 144204, 55880195, 57126589
55, 2, 21
2, 532098, 56513654, 57738331
1, 144204, 57126589, 58350723
56, 2, 21
2, 496048, 57738331, 58967370
1, 144204, 58350723, 59580573
57, 2, 21
2, 144200, 58967370, 60276807
1, 144204, 59580573, 60890305
58, 2, 21
2, 72100, 60276807, 60921121
1, 72104, 60890305, 61534505
59, 2, 21
2, 144200, 60921121, 62178605
1, 144204, 61534505, 62791811
60, 2, 21
2, 144200, 62178605, 63542481
1, 144204, 62791811, 64155679
61, 2, 21
2, 144200, 63542481, 64873076
1, 144204, 64155679, 65486134
