0, 2, 21
2, 54796, 5582809, 6143866
1, 54796, 6173267, 6734126
1, 2, 21
2, 53354, 6143866, 6646869
1, 53354, 6734126, 7237181
2, 2, 21
2, 57680, 6646869, 7156592
1, 57680, 7237181, 7746937
3, 2, 21
2, 54796, 7156592, 7661397
1, 54796, 7746937, 8251393
4, 2, 21
2, 56238, 7661397, 8171546
1, 56238, 8251393, 8761853
5, 2, 21
2, 57680, 8171546, 8683239
1, 57680, 8761853, 9273549
6, 2, 21
2, 56238, 8683239, 9188008
1, 56238, 9273549, 9778347
7, 2, 21
2, 44702, 9188008, 15712162
1, 44702, 9778347, 16302367
8, 2, 21
2, 54796, 15712162, 16218804
1, 54796, 16302367, 16809226
9, 2, 21
2, 59122, 16218804, 16722400
1, 59122, 16809226, 17312350
10, 2, 21
2, 57680, 16722400, 17235058
1, 57680, 17312350, 17825419
11, 1, 21
2, 79310, 17235058, 17744938
12, 1, 21
1, 56238, 17825419, 18335163
13, 1, 21
3, 77868, 17028123, 17535076
14, 1, 21
2, 134156, 17744938, 18248695
15, 1, 21
1, 59122, 18335163, 18841688
16, 1, 21
3, 64890, 17535076, 18097418
17, 1, 21
2, 103874, 18248695, 18750506
18, 1, 21
1, 51912, 18841688, 19381207
19, 1, 21
3, 69216, 18097418, 18600361
20, 1, 21
2, 122620, 18750506, 19258970
21, 1, 21
1, 51912, 19381207, 19890571
22, 1, 21
3, 79310, 18600361, 19108771
23, 1, 21
2, 160112, 19258970, 19763787
24, 1, 21
1, 56238, 19890571, 20392876
25, 1, 21
4, 76426, 18443200, 18951929
26, 1, 21
3, 73542, 19108771, 19612221
27, 1, 21
2, 203397, 19763787, 20266269
28, 1, 21
1, 54796, 20392876, 20902764
29, 1, 21
4, 79310, 18951929, 19457776
30, 1, 21
3, 76426, 19612221, 20120667
31, 1, 21
2, 209165, 20266269, 20768038
32, 1, 21
1, 56238, 20902764, 21404562
33, 1, 21
4, 63448, 19457776, 19959508
34, 1, 21
3, 62006, 20120667, 20622768
35, 1, 21
2, 154369, 20768038, 21268995
36, 1, 21
1, 50470, 21404562, 21905198
37, 1, 21
4, 49028, 19959508, 20482263
38, 1, 21
3, 47586, 20622768, 21124639
39, 1, 21
2, 158695, 21268995, 21771447
40, 1, 21
1, 41818, 21905198, 22411785
41, 1, 21
4, 76426, 20482263, 20982403
42, 1, 21
3, 74984, 21124639, 21627121
43, 1, 21
2, 206281, 21771447, 22277545
44, 1, 21
1, 57680, 22411785, 22911802
45, 1, 21
4, 74984, 20982403, 21488514
46, 1, 21
2, 180300, 22277545, 22778927
47, 1, 21
1, 56238, 22911802, 23412270
48, 1, 21
4, 59122, 21488514, 21993380
49, 1, 21
2, 102432, 22778927, 23279172
50, 1, 21
1, 43260, 23412270, 23925416
51, 1, 21
4, 57680, 21993380, 22496533
52, 1, 21
2, 92338, 23279172, 23781070
53, 1, 21
1, 41818, 23925416, 24442496
54, 1, 21
4, 51912, 22496533, 23000122
55, 1, 21
2, 98106, 23781070, 24284913
56, 1, 21
1, 44702, 24442496, 24948311
57, 1, 21
4, 70658, 23000122, 23508578
58, 1, 21
2, 125504, 24284913, 24788750
59, 1, 21
1, 56238, 24948311, 25453471
60, 1, 21
4, 72100, 23508578, 24017510
61, 1, 21
2, 129830, 24788750, 25294617
62, 1, 21
1, 59122, 25453471, 25958383
63, 1, 21
4, 69216, 24017510, 24526263
64, 1, 21
2, 131272, 25294617, 25801263
65, 1, 21
1, 59122, 25958383, 26465223
66, 1, 21
4, 79310, 24526263, 25033188
67, 1, 21
2, 139924, 25801263, 26309204
68, 1, 21
1, 60564, 26465223, 26975931
69, 1, 21
4, 74984, 25033188, 25542589
70, 1, 21
2, 131272, 26309204, 26811056
71, 1, 21
1, 59122, 26975931, 27481648
72, 1, 21
4, 67774, 25542589, 26046685
73, 1, 21
2, 124062, 26811056, 27315665
74, 1, 21
1, 56238, 27481648, 27982732
75, 1, 21
4, 73542, 26046685, 26554858
76, 1, 21
2, 134156, 27315665, 27821697
77, 1, 21
1, 59122, 27982732, 28484929
78, 1, 21
4, 74984, 26554858, 27058072
79, 1, 21
2, 132714, 27821697, 28322260
80, 1, 21
1, 59122, 28484929, 28993790
81, 1, 21
3, 62006, 21627121, 27972207
82, 1, 21
4, 70658, 27058072, 27563047
83, 1, 21
2, 167347, 28322260, 28826107
84, 1, 21
1, 57680, 28993790, 29496012
85, 1, 21
3, 60564, 27972207, 28475027
86, 1, 21
4, 63448, 27563047, 28069641
87, 1, 21
2, 178883, 28826107, 29330428
88, 1, 21
1, 50470, 29496012, 29999567
89, 1, 21
3, 72100, 28475027, 28982864
90, 1, 21
4, 72100, 28069641, 28578061
91, 1, 21
2, 197629, 29330428, 29830509
92, 1, 21
1, 54796, 29999567, 30503849
93, 1, 21
3, 73542, 28982864, 29483656
94, 1, 21
4, 73542, 28578061, 29083690
95, 1, 21
2, 201955, 29830509, 30331350
96, 1, 21
1, 59122, 30503849, 31014802
97, 1, 21
3, 72100, 29483656, 29986366
98, 1, 21
4, 69216, 29083690, 29596411
99, 1, 21
2, 199071, 30331350, 30834432
100, 1, 21
1, 59122, 31014802, 31523448
101, 1, 21
3, 74984, 29986366, 30486417
102, 1, 21
2, 134156, 30834432, 31335363
103, 1, 21
1, 59122, 31523448, 32023876
104, 1, 21
3, 74984, 30486417, 30992596
105, 1, 21
2, 132714, 31335363, 31835816
106, 1, 21
1, 59122, 32023876, 32524936
107, 1, 21
3, 74984, 30992596, 31497813
108, 1, 21
2, 131272, 31835816, 32337907
109, 1, 21
1, 59122, 32524936, 33030375
110, 1, 21
3, 73542, 31497813, 31999739
111, 1, 21
2, 132714, 32337907, 32838778
112, 1, 21
1, 60564, 33030375, 33539632
113, 1, 21
3, 64890, 31999739, 32504791
114, 1, 21
2, 112526, 32838778, 33349067
115, 1, 21
1, 51912, 33539632, 34043455
116, 1, 21
2, 28865, 33349067, 33879208
117, 1, 21
1, 20188, 34043455, 34546470
118, 1, 21
2, 31749, 33879208, 34387339
119, 1, 21
1, 30282, 34546470, 35048732
120, 1, 21
2, 36075, 34387339, 34896728
121, 1, 21
1, 37492, 35048732, 35570704
122, 1, 21
2, 41843, 34896728, 35408038
123, 1, 21
1, 43260, 35570704, 36071545
124, 1, 21
3, 36050, 32504791, 34927003
125, 1, 21
2, 201930, 35408038, 35909814
126, 1, 21
1, 57680, 36071545, 36573228
127, 1, 21
3, 164388, 34927003, 35484728
128, 1, 21
2, 151460, 35909814, 36418918
129, 1, 21
1, 47586, 36573228, 37081786
130, 1, 21
3, 96614, 35484728, 35998784
131, 1, 21
2, 174532, 36418918, 36922405
132, 1, 21
1, 41818, 37081786, 37591222
133, 1, 21
3, 170156, 35998784, 36499195
134, 1, 21
2, 227886, 36922405, 37423253
135, 1, 21
1, 59122, 37591222, 38095455
136, 1, 21
3, 165830, 36499195, 37000961
137, 1, 21
2, 212024, 37423253, 37924885
138, 1, 21
1, 54796, 38095455, 38597701
139, 1, 21
3, 148526, 37000961, 37513381
140, 1, 21
2, 200488, 37924885, 38425014
141, 1, 21
1, 56238, 38597701, 39099301
142, 1, 21
2, 83661, 38425014, 38929868
143, 1, 21
1, 53354, 39099301, 39599830
144, 1, 21
2, 47611, 38929868, 39434852
145, 1, 21
1, 47586, 39599830, 40105668
146, 1, 21
2, 49053, 39434852, 39938819
147, 1, 21
1, 49028, 40105668, 40607221
148, 1, 21
2, 59147, 39938819, 40446938
149, 1, 21
1, 59122, 40607221, 41111874
150, 1, 21
3, 136990, 37513381, 40170688
151, 1, 21
2, 115410, 40446938, 40947367
152, 1, 21
1, 43260, 41111874, 41614861
153, 1, 21
3, 134106, 40170688, 40673199
154, 1, 21
2, 178858, 40947367, 41449347
155, 1, 21
1, 50470, 41614861, 42125960
156, 1, 21
3, 155736, 40673199, 41175571
157, 1, 21
2, 217792, 41449347, 41949834
158, 1, 21
1, 59122, 42125960, 42632454
159, 1, 21
3, 165830, 41175571, 41678385
160, 1, 21
2, 199046, 41949834, 42454180
161, 1, 21
1, 54796, 42632454, 43141994
162, 1, 21
3, 135548, 41678385, 42178723
163, 1, 21
2, 212024, 42454180, 42956932
164, 1, 21
1, 57680, 43141994, 43649706
165, 1, 21
3, 164388, 42178723, 42681037
166, 1, 21
2, 217792, 42956932, 43457792
167, 1, 21
1, 57680, 43649706, 44160397
168, 1, 21
3, 155736, 42681037, 43187253
169, 1, 21
2, 148576, 43457792, 43958405
170, 1, 21
1, 51912, 44160397, 44680791
171, 1, 21
2, 47611, 43958405, 44468209
172, 1, 21
1, 50470, 44680791, 45191564
173, 1, 21
2, 41843, 44468209, 44968777
174, 1, 21
1, 37492, 45191564, 45693948
175, 1, 21
2, 38959, 44968777, 45498021
176, 1, 21
1, 37492, 45693948, 46206167
177, 1, 21
2, 41843, 45498021, 46002405
178, 1, 21
1, 46144, 46206167, 46710712
179, 1, 21
2, 56263, 46002405, 46506601
180, 1, 21
1, 57680, 46710712, 47219595
181, 1, 21
2, 59147, 46506601, 47011105
182, 1, 21
1, 59122, 47219595, 47724873
183, 1, 21
2, 59147, 47011105, 47517622
184, 1, 21
1, 59122, 47724873, 48227952
185, 1, 21
2, 57705, 47517622, 48018962
186, 1, 21
1, 54796, 48227952, 48730667
187, 1, 21
2, 47611, 48018962, 48519390
188, 1, 21
1, 44702, 48730667, 49240957
189, 1, 21
2, 41843, 48519390, 49033235
190, 1, 21
1, 43260, 49240957, 49743726
191, 1, 21
2, 43285, 49033235, 49538471
192, 1, 21
1, 40376, 49743726, 50249920
193, 1, 21
2, 37517, 49538471, 50051044
194, 1, 21
1, 41818, 50249920, 50755281
195, 1, 21
2, 41843, 50051044, 50555988
196, 1, 21
1, 38934, 50755281, 51259879
197, 1, 21
2, 53379, 50555988, 51061478
198, 1, 21
1, 57680, 51259879, 51761469
199, 1, 21
2, 60589, 51061478, 51571657
200, 1, 21
1, 60564, 51761469, 52270891
201, 1, 21
2, 59147, 51571657, 52072533
202, 1, 21
1, 59122, 52270891, 52776069
203, 1, 21
2, 59147, 52072533, 52575762
204, 1, 21
1, 60564, 52776069, 53287631
205, 1, 21
2, 59147, 52575762, 53080580
206, 1, 21
1, 59122, 53287631, 53795000
207, 1, 21
3, 7210, 43187253, 52953175
208, 1, 21
2, 79360, 53080580, 53581048
209, 1, 21
1, 59122, 53795000, 54305825
210, 1, 21
3, 165830, 52953175, 53455726
211, 1, 21
2, 220676, 53581048, 54081511
212, 1, 21
1, 59122, 54305825, 54812317
213, 1, 21
3, 173040, 53455726, 53957004
214, 1, 21
2, 236538, 54081511, 54582635
215, 1, 21
1, 60564, 54812317, 55323103
216, 1, 21
3, 180250, 53957004, 54457774
217, 1, 21
2, 239422, 54582635, 55086354
218, 1, 21
1, 59122, 55323103, 55829197
219, 1, 21
3, 173040, 54457774, 54962087
220, 1, 21
2, 229328, 55086354, 55589944
221, 1, 21
1, 57680, 55829197, 56334747
222, 1, 21
3, 173040, 54962087, 55465686
223, 1, 21
2, 230770, 55589944, 56091734
224, 1, 21
1, 57680, 56334747, 56836791
225, 1, 21
3, 174482, 55465686, 55968957
226, 1, 21
2, 232212, 56091734, 56595643
227, 1, 21
1, 59122, 56836791, 57337823
228, 1, 21
3, 170156, 55968957, 56470122
229, 1, 21
2, 229328, 56595643, 57096217
230, 1, 21
1, 59122, 57337823, 57846252
231, 1, 21
3, 167272, 56470122, 56973751
232, 1, 21
2, 225002, 57096217, 57596382
233, 1, 21
1, 59122, 57846252, 58350010
234, 1, 21
3, 164388, 56973751, 57477527
235, 1, 21
2, 225002, 57596382, 58101812
236, 1, 21
1, 60564, 58350010, 58861643
237, 1, 21
3, 175924, 57477527, 57978352
238, 1, 21
2, 225002, 58101812, 58608011
239, 1, 21
1, 59122, 58861643, 59362913
240, 1, 21
2, 56263, 58608011, 59117656
241, 1, 21
1, 54796, 59362913, 59867219
242, 1, 21
2, 54821, 59117656, 59622675
243, 1, 21
1, 54796, 59867219, 60370467
244, 1, 21
2, 56263, 59622675, 60124086
245, 1, 21
1, 56238, 60370467, 60874487
246, 1, 21
2, 56263, 60124086, 60629323
247, 1, 21
1, 57680, 60874487, 61382373
248, 1, 21
2, 57705, 60629323, 61132365
249, 1, 21
1, 57680, 61382373, 61884555
250, 1, 21
2, 59147, 61132365, 61644442
251, 1, 21
1, 59122, 61884555, 62395213
252, 1, 21
2, 57705, 61644442, 62151279
253, 1, 21
1, 56238, 62395213, 62909926
254, 1, 21
2, 53379, 62151279, 62657707
255, 1, 21
1, 54796, 62909926, 63421240
256, 1, 21
2, 53379, 62657707, 63167508
257, 1, 21
1, 53354, 63421240, 63934461
258, 1, 21
2, 53379, 63167508, 63675562
259, 1, 21
1, 53354, 63934461, 64438121
260, 1, 21
2, 54821, 63675562, 64176941
261, 1, 21
1, 56238, 64438121, 64948090
262, 1, 21
2, 54821, 64176941, 64677999
263, 1, 21
1, 56238, 64948090, 65451050
264, 1, 21
2, 56263, 64677999, 65179557
265, 1, 21
1, 56238, 65451050, 65961579
266, 1, 21
2, 56263, 65179557, 65687914
267, 1, 21
1, 54796, 65961579, 66464364
