0, 2, 21
2, 213416, 5545984, 7554605
1, 213416, 6103018, 8112651
1, 2, 21
2, 222068, 7554605, 15673388
1, 222068, 8112651, 16231355
2, 1, 21
2, 243698, 15673388, 17675403
3, 1, 21
1, 224952, 16231355, 18237391
4, 1, 21
3, 278306, 16997551, 19006949
5, 1, 21
2, 507634, 17675403, 19676742
6, 1, 21
1, 213416, 18237391, 20244822
7, 1, 21
3, 265328, 19006949, 21013646
8, 1, 21
4, 265328, 18460821, 20466549
9, 1, 21
2, 718191, 19676742, 21678870
10, 1, 21
1, 207648, 20244822, 22246651
11, 1, 21
2, 598455, 21678870, 23689496
12, 1, 21
1, 200438, 22246651, 24282908
13, 1, 21
4, 312914, 20466549, 22997163
14, 1, 21
2, 487446, 23689496, 25690478
15, 1, 21
1, 217742, 24282908, 26294411
16, 1, 21
4, 459998, 22997163, 26124957
17, 1, 21
2, 527822, 25690478, 27691263
18, 1, 21
1, 233604, 26294411, 28297178
19, 1, 21
3, 144200, 21013646, 27961714
20, 1, 21
4, 275422, 26124957, 28136708
21, 1, 21
2, 650417, 27691263, 29691984
22, 1, 21
1, 223510, 28297178, 30300035
23, 1, 21
3, 281190, 27961714, 29968955
24, 1, 21
2, 827758, 29691984, 32195352
25, 1, 21
1, 295610, 30300035, 32804748
26, 1, 21
3, 297052, 29968955, 31968990
27, 1, 21
2, 314406, 32195352, 34231254
28, 1, 21
1, 162946, 32804748, 34805802
29, 1, 21
3, 99498, 31968990, 34886210
30, 1, 21
2, 409578, 34231254, 36232413
31, 1, 21
1, 181692, 34805802, 36810708
32, 1, 21
3, 576800, 34886210, 36888712
33, 1, 21
2, 796034, 36232413, 38234846
34, 1, 21
1, 209090, 36810708, 38813661
35, 1, 21
2, 275447, 38234846, 40238602
36, 1, 21
3, 305704, 36888712, 40114905
37, 1, 21
1, 252350, 38813661, 41332647
38, 1, 21
2, 679232, 40238602, 42240314
39, 1, 21
3, 595546, 40114905, 42116590
40, 1, 21
2, 656135, 42240314, 44240464
41, 1, 21
1, 412412, 41332647, 45283213
42, 1, 21
2, 175949, 44240464, 46242326
43, 1, 21
1, 190344, 45283213, 47295580
44, 1, 21
2, 223535, 46242326, 48255802
45, 1, 21
1, 204764, 47295580, 49298565
46, 1, 21
2, 162971, 48255802, 50272672
47, 1, 21
1, 173040, 49298565, 51304659
48, 1, 21
1, 236488, 51304659, 53316449
49, 1, 21
2, 285566, 50272672, 52772840
50, 1, 21
3, 323008, 42116590, 52873961
51, 1, 21
1, 235046, 53316449, 55321331
52, 1, 21
2, 705188, 52772840, 54774243
53, 1, 21
3, 697928, 52873961, 54874829
54, 1, 21
2, 928673, 54774243, 56777360
55, 1, 21
1, 295610, 55321331, 57827451
56, 1, 21
3, 847896, 54874829, 57376055
57, 1, 21
2, 855156, 56777360, 59285065
58, 1, 21
1, 445578, 57827451, 61741972
59, 1, 21
2, 226419, 59285065, 61295171
60, 1, 21
2, 217742, 61295171, 63305126
