0, 2, 21
2, 72100, 6185457, 6931921
1, 72104, 6767177, 7513762
1, 2, 21
2, 144200, 6931921, 8223893
1, 144204, 7513762, 8805771
2, 2, 21
2, 144200, 8223893, 9510351
1, 144204, 8805771, 10092217
3, 2, 21
2, 217742, 9510351, 17571214
1, 217746, 10092217, 18153035
4, 2, 21
2, 82194, 17571214, 18228409
1, 72104, 18153035, 18810146
5, 2, 21
2, 82194, 18228409, 18538478
1, 36054, 18810146, 19120428
6, 2, 21
2, 43260, 18538478, 18698929
1, 18750, 19120428, 19280896
7, 2, 21
2, 23072, 18698929, 18786725
1, 10098, 19280896, 19368673
8, 2, 21
2, 340312, 18786725, 20189445
1, 144204, 19368673, 20770851
9, 2, 21
2, 268212, 20189445, 20854016
1, 72104, 20770851, 21435679
10, 2, 21
2, 134106, 20854016, 21176429
1, 36054, 21435679, 21757343
11, 2, 21
2, 70658, 21176429, 21345034
1, 18750, 21757343, 21925668
12, 2, 21
2, 496048, 21345034, 22792369
1, 144204, 21925668, 23374282
13, 2, 21
2, 214858, 22792369, 23434529
1, 72104, 23374282, 24016552
14, 2, 21
2, 96614, 23434529, 23875555
1, 36054, 24016552, 24457502
15, 2, 21
2, 41818, 23875555, 24047980
1, 18750, 24457502, 24629947
16, 2, 21
2, 12978, 24047980, 24143548
1, 10098, 24629947, 24725573
17, 2, 21
2, 340312, 24143548, 25630234
1, 144204, 24725573, 26212063
18, 2, 21
2, 330218, 25630234, 26850929
1, 144204, 26212063, 27432551
19, 2, 21
2, 162946, 26850929, 27469451
1, 72104, 27432551, 28050689
20, 2, 21
2, 328776, 27469451, 28712213
1, 144204, 28050689, 29293921
21, 2, 21
2, 445578, 28712213, 30016628
1, 144204, 29293921, 30597972
22, 2, 21
2, 255234, 30016628, 30655014
1, 72104, 30597972, 31236609
23, 2, 21
2, 124012, 30655014, 30963072
1, 36054, 31236609, 31544661
24, 2, 21
2, 356174, 30963072, 32179786
1, 144204, 31544661, 32761562
25, 2, 21
2, 164388, 32179786, 32791681
1, 72104, 32761562, 33373492
26, 2, 21
2, 80752, 32791681, 33097431
1, 36054, 33373492, 33679215
27, 2, 21
2, 245140, 33097431, 34959564
1, 144204, 33679215, 35541303
28, 2, 21
2, 72100, 34959564, 35905143
1, 72104, 35541303, 36487016
29, 2, 21
2, 95172, 35905143, 36211787
1, 36054, 36487016, 36793583
30, 2, 21
2, 79310, 36211787, 36381730
1, 18750, 36793583, 36963500
31, 2, 21
2, 41818, 36381730, 36467093
1, 10098, 36963500, 37048905
32, 2, 21
2, 17304, 36467093, 36515418
1, 5772, 37048905, 37097198
33, 2, 21
2, 547960, 36515418, 38000310
1, 144204, 37097198, 38582037
34, 2, 21
2, 263886, 38000310, 38651879
1, 72104, 38582037, 39233627
35, 2, 21
2, 139874, 38651879, 38979038
1, 36054, 39233627, 39560719
36, 2, 21
2, 164388, 38979038, 40428349
1, 144204, 39560719, 41010117
37, 2, 21
2, 72100, 40428349, 41049313
1, 72104, 41010117, 41631130
38, 2, 21
2, 519120, 41049313, 42492970
1, 144204, 41631130, 43074681
39, 2, 21
2, 263886, 42492970, 43162138
1, 72104, 43074681, 43743148
40, 2, 21
2, 136990, 43162138, 43474999
1, 36054, 43743148, 44055830
41, 2, 21
2, 72100, 43474999, 43635457
1, 18750, 44055830, 44216294
42, 2, 21
2, 341754, 43635457, 45033189
1, 144204, 44216294, 45615026
43, 2, 21
2, 72100, 45033189, 45984121
1, 72104, 45615026, 46565865
44, 2, 21
2, 36050, 45984121, 46436108
1, 36054, 46565865, 47017907
45, 2, 21
2, 144200, 46436108, 47696152
1, 144204, 47017907, 48277366
46, 2, 21
2, 72100, 47696152, 48298258
1, 72104, 48277366, 48880044
47, 2, 21
2, 144200, 48298258, 49887208
1, 144204, 48880044, 50468446
48, 2, 21
2, 144200, 49887208, 51551216
1, 144204, 50468446, 52132366
49, 2, 21
2, 144200, 51551216, 52769790
1, 144204, 52132366, 53351516
50, 2, 21
2, 72100, 52769790, 53379923
1, 72104, 53351516, 53961544
51, 2, 21
2, 340312, 53379923, 54616999
1, 144204, 53961544, 55198307
52, 2, 21
2, 294168, 54616999, 55221192
1, 72104, 55198307, 55802814
53, 2, 21
2, 148526, 55221192, 55527883
1, 36054, 55802814, 56109220
54, 2, 21
2, 571032, 55527883, 56760653
1, 144204, 56109220, 57341993
55, 2, 21
2, 556612, 56760653, 57972182
1, 144204, 57341993, 58553782
56, 2, 21
2, 503258, 57972182, 59197146
1, 144204, 58553782, 59778842
57, 2, 21
2, 144200, 59197146, 60504512
1, 144204, 59778842, 61086118
58, 2, 21
2, 72100, 60504512, 61147979
1, 72104, 61086118, 61729650
59, 2, 21
2, 144200, 61147979, 62399664
1, 144204, 61729650, 62981480
60, 2, 21
2, 144200, 62399664, 63761611
1, 144204, 62981480, 64343410
61, 2, 21
2, 144200, 63761611, 65090904
1, 144204, 64343410, 65672816
