0, 2, 21
2, 213416, 5587403, 7597301
1, 213416, 6042017, 8051964
1, 2, 21
2, 222068, 7597301, 15713017
1, 222068, 8051964, 16167644
2, 1, 21
2, 237930, 15713017, 17717080
3, 1, 21
1, 224952, 16167644, 18177240
4, 1, 21
3, 275422, 17074271, 19082728
5, 1, 21
2, 510518, 17717080, 19717497
6, 1, 21
1, 213416, 18177240, 20185022
7, 1, 21
4, 268212, 18442247, 20475693
8, 1, 21
3, 265328, 19082728, 21085311
9, 1, 21
2, 731169, 19717497, 21719904
10, 1, 21
1, 207648, 20185022, 22187226
11, 1, 21
4, 268212, 20475693, 22477861
12, 1, 21
2, 601364, 21719904, 23728188
13, 1, 21
1, 200438, 22187226, 24223604
14, 1, 21
4, 275422, 22477861, 24479597
15, 1, 21
2, 494656, 23728188, 25730886
16, 1, 21
1, 217742, 24223604, 26234692
17, 1, 21
4, 301378, 24479597, 26481686
18, 1, 21
2, 535032, 25730886, 27733951
19, 1, 21
1, 233604, 26234692, 28236808
20, 1, 21
3, 147084, 21085311, 28051430
21, 1, 21
4, 279748, 26481686, 28486968
22, 1, 21
2, 654743, 27733951, 29735482
23, 1, 21
1, 223510, 28236808, 30239130
24, 1, 21
3, 279748, 28051430, 30057579
25, 1, 21
2, 653276, 29735482, 31739931
26, 1, 21
1, 236488, 30239130, 32242802
27, 1, 21
3, 297052, 30057579, 32061940
28, 1, 21
2, 425440, 31739931, 33765513
29, 1, 21
1, 191786, 32242802, 34260570
30, 1, 21
3, 100940, 32061940, 34988191
31, 1, 21
2, 237980, 33765513, 35771323
32, 1, 21
1, 165830, 34260570, 36267490
33, 1, 21
3, 576800, 34988191, 36989134
34, 1, 21
2, 777288, 35771323, 37773440
35, 1, 21
1, 201880, 36267490, 38270472
36, 1, 21
2, 438393, 37773440, 39780865
37, 1, 21
1, 204764, 38270472, 40272025
38, 1, 21
3, 305704, 36989134, 40220466
39, 1, 21
2, 506192, 39780865, 41783927
40, 1, 21
1, 209090, 40272025, 42273658
41, 1, 21
3, 592662, 40220466, 42222099
42, 1, 21
2, 839294, 41783927, 43785696
43, 1, 21
1, 222068, 42273658, 44283734
44, 1, 21
2, 170181, 43785696, 45798853
45, 1, 21
1, 165830, 44283734, 46292788
46, 1, 21
2, 232187, 45798853, 47799808
47, 1, 21
1, 232162, 46292788, 48293738
48, 1, 21
2, 167297, 47799808, 49808842
49, 1, 21
1, 167272, 48293738, 50302371
50, 1, 21
2, 211999, 49808842, 51814090
51, 1, 21
1, 211974, 50302371, 52305209
52, 1, 21
3, 325892, 42222099, 52986742
53, 1, 21
2, 327384, 51814090, 53818912
54, 1, 21
1, 235046, 52305209, 54309994
55, 1, 21
3, 697928, 52986742, 54988008
56, 1, 21
2, 934466, 53818912, 55822183
57, 1, 21
1, 235046, 54309994, 56317649
58, 1, 21
3, 684950, 54988008, 56990661
59, 1, 21
2, 915720, 55822183, 57826060
60, 1, 21
1, 237930, 56317649, 58323875
61, 1, 21
2, 485979, 57826060, 59828850
62, 1, 21
1, 226394, 58323875, 60324328
63, 1, 21
2, 229303, 59828850, 61839888
64, 1, 21
1, 229278, 60324328, 62336855
65, 1, 21
2, 213441, 61839888, 63845307
66, 1, 21
1, 213416, 62336855, 64340866
