0, 2, 21
2, 752, 1442025, 4663557, 8150226
1, 752, 1442004, 5189608, 8676023
1, 2, 21
2, 752, 1442025, 8150226, 11683580
1, 752, 1442004, 8676023, 12209365
2, 2, 21
2, 752, 1442025, 11683580, 15072533
1, 752, 1442004, 12209365, 15597921
3, 2, 21
2, 752, 1442025, 15072533, 18355937
1, 752, 1442004, 15597921, 18881740
4, 2, 21
2, 752, 1442025, 18355937, 21655510
1, 752, 1442004, 18881740, 22181082
5, 2, 21
2, 752, 1442025, 21655510, 25115580
1, 752, 1442004, 22181082, 25641273
6, 2, 21
2, 752, 1442025, 25115580, 28383915
1, 752, 1442004, 25641273, 28908641
7, 2, 21
2, 752, 1442025, 28383915, 31763994
1, 752, 1442004, 28908641, 32289285
8, 2, 21
2, 752, 1442025, 31763994, 35245029
1, 752, 1442004, 32289285, 35770236
9, 2, 21
2, 752, 1442025, 35245029, 38477427
1, 752, 1442004, 35770236, 39000624
10, 2, 21
2, 752, 1443467, 38477427, 41907767
1, 752, 1442004, 39000624, 42431978
11, 2, 21
2, 752, 1440583, 41907767, 45319899
1, 752, 1442004, 42431978, 45845818
12, 2, 21
2, 752, 1442025, 45319899, 48621727
1, 752, 1442004, 45845818, 49147662
13, 2, 21
2, 752, 1442025, 48621727, 51970713
1, 752, 1442004, 49147662, 52496608
14, 2, 21
2, 752, 1442025, 51970713, 55292327
1, 752, 1442004, 52496608, 55816226
15, 2, 21
2, 752, 1442025, 55292327, 58658670
1, 752, 1442004, 55816226, 59184372
16, 2, 21
2, 752, 1442025, 58658670, 61895119
1, 752, 1442004, 59184372, 62419469
