0, 2, 21
2, 752, 1756381, 4512620, 8515442
1, 752, 1756356, 5045952, 9048029
1, 2, 21
2, 752, 1812619, 8515442, 12522104
1, 752, 1812594, 9048029, 13048629
2, 2, 21
2, 752, 1799641, 12522104, 16518580
1, 752, 1799616, 13048629, 17051350
3, 2, 21
2, 752, 1852995, 16518580, 20532456
1, 752, 1852970, 17051350, 21053002
4, 2, 21
2, 752, 1832807, 20532456, 24529109
1, 752, 1829898, 21053002, 25061463
5, 2, 21
2, 752, 1783779, 24529109, 28531331
1, 752, 1783754, 25061463, 29064239
6, 2, 21
2, 752, 1717447, 28531331, 32533533
1, 752, 1717422, 29064239, 33065886
7, 2, 21
2, 752, 1754939, 32533533, 36536488
1, 752, 1754914, 33065886, 37069368
8, 2, 21
2, 752, 1467, 40540343, 40542442
1, 752, 1749146, 37069368, 41071179
9, 2, 21
2, 752, 1803967, 40542442, 44541643
1, 752, 1802500, 41071179, 45073250
10, 2, 21
2, 752, 1776569, 44541643, 48541056
1, 752, 1777986, 45073250, 49073487
11, 2, 21
2, 752, 1467, 52541315, 52545582
1, 752, 1819804, 49073487, 53075741
12, 2, 21
2, 752, 1796757, 52545582, 56544581
1, 752, 1796732, 53075741, 57077437
13, 2, 21
2, 752, 1789547, 56544581, 60545957
1, 752, 1789522, 57077437, 61078584
