0, 2, 21
2, 27398, 5520244, 5775126
1, 27398, 6091091, 6345683
1, 2, 21
2, 28840, 5775126, 6093455
1, 28840, 6345683, 6664122
2, 2, 21
2, 25956, 6093455, 6355503
1, 25956, 6664122, 6925087
3, 2, 21
2, 28840, 6355503, 6607070
1, 28840, 6925087, 7177641
4, 2, 21
2, 36050, 6607070, 6926962
1, 36050, 7177641, 7497398
5, 2, 21
2, 43260, 6926962, 7326308
1, 43260, 7497398, 7896961
6, 2, 21
2, 27398, 7326308, 7583196
1, 27398, 7896961, 8154017
7, 2, 21
2, 43260, 7583196, 7980175
1, 43260, 8154017, 8550868
8, 2, 21
2, 69216, 7980175, 8602754
1, 69216, 8550868, 9172887
9, 2, 21
2, 105266, 8602754, 15670110
1, 105266, 9172887, 16240295
10, 2, 21
2, 27398, 15670110, 15928081
1, 27398, 16240295, 16497476
11, 2, 21
2, 36050, 15928081, 16250662
1, 36050, 16497476, 16821440
12, 1, 21
1, 30282, 16821440, 17078188
13, 1, 21
2, 46169, 16250662, 16643907
14, 1, 21
1, 37492, 17078188, 17399894
15, 1, 21
1, 54796, 17399894, 17895917
16, 1, 21
2, 85128, 16643907, 17412691
17, 1, 21
2, 59122, 17412691, 17720159
18, 1, 21
3, 38934, 16972530, 17229028
19, 1, 21
2, 64915, 17720159, 17973747
20, 1, 21
3, 36050, 17229028, 17483252
21, 1, 21
2, 77893, 17973747, 18287573
22, 1, 21
3, 34608, 17483252, 17741678
23, 1, 21
3, 31724, 17741678, 18026419
24, 1, 21
2, 82244, 18287573, 18685034
25, 1, 21
1, 152852, 17895917, 19375462
26, 1, 21
3, 20188, 18026419, 18288169
27, 1, 21
2, 43310, 18685034, 18937695
28, 1, 21
3, 34608, 18288169, 18546352
29, 1, 21
1, 30282, 19375462, 19702587
30, 1, 21
2, 59172, 18937695, 19189180
31, 1, 21
3, 38934, 18546352, 18800280
32, 1, 21
1, 27398, 19702587, 19962573
33, 1, 21
2, 66382, 19189180, 19443885
34, 1, 21
3, 37492, 18800280, 19054153
35, 1, 21
1, 34608, 19962573, 20287776
36, 1, 21
2, 111084, 19443885, 19758670
37, 1, 21
4, 40376, 18411130, 18669737
38, 1, 21
3, 34608, 19054153, 19312447
39, 1, 21
1, 28840, 20287776, 20545056
40, 1, 21
2, 95247, 19758670, 20008906
41, 1, 21
4, 31724, 18669737, 18924020
42, 1, 21
3, 44702, 19312447, 19630289
43, 1, 21
1, 33166, 20545056, 20866321
44, 1, 21
4, 38934, 18924020, 19175473
45, 1, 21
2, 157278, 20008906, 20402623
46, 1, 21
1, 28840, 20866321, 21123971
47, 1, 21
3, 59122, 19630289, 20027055
48, 1, 21
4, 47586, 19175473, 19491693
49, 1, 21
1, 28840, 21123971, 21387340
50, 1, 21
4, 37492, 19491693, 19751659
51, 1, 21
2, 240939, 20402623, 21017797
52, 1, 21
4, 25956, 19751659, 20017361
53, 1, 21
3, 77868, 20027055, 20601229
54, 1, 21
1, 41818, 21387340, 21798098
55, 1, 21
2, 69291, 21017797, 21275451
56, 1, 21
4, 17304, 20017361, 20269830
57, 1, 21
3, 21630, 20601229, 20882092
58, 1, 21
1, 20188, 21798098, 22058700
59, 1, 21
2, 86595, 21275451, 21595596
60, 1, 21
4, 30282, 20269830, 20521117
61, 1, 21
3, 30282, 20882092, 21138070
62, 1, 21
1, 24514, 22058700, 22382203
63, 1, 21
2, 85153, 21595596, 21847473
64, 1, 21
4, 38934, 20521117, 20779867
65, 1, 21
3, 38934, 21138070, 21467552
66, 1, 21
1, 21630, 22382203, 22639416
67, 1, 21
2, 90921, 21847473, 22105228
68, 1, 21
4, 34608, 20779867, 21030940
69, 1, 21
1, 31724, 22639416, 22955623
70, 1, 21
2, 118294, 22105228, 22418307
71, 1, 21
3, 53354, 21467552, 21869381
72, 1, 21
4, 46144, 21030940, 21349691
73, 1, 21
3, 33166, 21869381, 22158339
74, 1, 21
1, 53354, 22955623, 23454675
75, 1, 21
2, 168814, 22418307, 22910086
76, 1, 21
4, 56238, 21349691, 21884928
77, 1, 21
2, 51937, 22910086, 23165941
78, 1, 21
4, 33166, 21884928, 22139844
79, 1, 21
1, 37492, 23454675, 23896944
80, 1, 21
2, 50520, 23165941, 23417243
81, 1, 21
4, 37492, 22139844, 22399192
82, 1, 21
1, 31724, 23896944, 24217085
83, 1, 21
2, 54846, 23417243, 23672860
84, 1, 21
4, 21630, 22399192, 22651599
85, 1, 21
1, 27398, 24217085, 24467827
86, 1, 21
2, 47636, 23672860, 23929972
87, 1, 21
4, 25956, 22651599, 22908856
88, 1, 21
1, 14420, 24467827, 24723846
89, 1, 21
2, 50520, 23929972, 24246746
90, 1, 21
4, 23072, 22908856, 23164804
91, 1, 21
1, 23072, 24723846, 24974242
92, 1, 21
4, 37492, 23164804, 23426612
93, 1, 21
2, 77943, 24246746, 24594135
94, 1, 21
1, 31724, 24974242, 25290893
95, 1, 21
4, 36050, 23426612, 23742371
96, 1, 21
2, 73592, 24594135, 24915129
97, 1, 21
1, 27398, 25290893, 25553197
98, 1, 21
1, 36050, 25553197, 25869752
99, 1, 21
2, 96664, 24915129, 25306745
100, 1, 21
4, 63448, 23742371, 24232613
101, 1, 21
1, 30282, 25869752, 26124842
102, 1, 21
2, 126946, 25306745, 25859086
103, 1, 21
1, 34608, 26124842, 26445902
104, 1, 21
1, 27398, 26445902, 26696536
105, 1, 21
2, 72150, 25859086, 26173389
106, 1, 21
4, 98056, 24232613, 25054808
107, 1, 21
1, 30282, 26696536, 26951397
108, 1, 21
2, 64940, 26173389, 26423469
109, 1, 21
4, 36050, 25054808, 25307918
110, 1, 21
2, 83661, 26423469, 26751052
111, 1, 21
4, 47586, 25307918, 25624313
112, 1, 21
1, 44702, 26951397, 27342923
113, 1, 21
4, 57680, 25624313, 26029697
114, 1, 21
2, 129855, 26751052, 27246746
115, 1, 21
1, 70658, 27342923, 27960989
116, 1, 21
1, 37492, 27960989, 28304552
117, 1, 21
2, 168764, 27246746, 27902783
118, 1, 21
4, 111034, 26029697, 26798911
119, 1, 21
1, 30282, 28304552, 28560030
120, 1, 21
4, 37492, 26798911, 27051697
121, 1, 21
2, 85153, 27902783, 28220471
122, 1, 21
1, 36050, 28560030, 28875941
123, 1, 21
1, 28840, 28875941, 29131064
124, 1, 21
4, 57680, 27051697, 27444022
125, 1, 21
2, 101015, 28220471, 28611737
126, 1, 21
3, 21630, 22158339, 28291463
127, 1, 21
1, 36050, 29131064, 29443820
128, 1, 21
4, 54796, 27444022, 27850645
129, 1, 21
3, 33166, 28291463, 28543444
130, 1, 21
2, 177466, 28611737, 29167703
131, 1, 21
4, 43260, 27850645, 28170546
132, 1, 21
1, 54796, 29443820, 29933227
133, 1, 21
3, 23072, 28543444, 28799594
134, 1, 21
2, 80827, 29167703, 29427185
135, 1, 21
4, 25956, 28170546, 28426078
136, 1, 21
1, 24514, 29933227, 30189788
137, 1, 21
3, 34608, 28799594, 29053865
138, 1, 21
2, 95247, 29427185, 29677820
139, 1, 21
4, 38934, 28426078, 28680644
140, 1, 21
1, 28840, 30189788, 30449132
141, 1, 21
3, 41818, 29053865, 29381136
142, 1, 21
2, 118319, 29677820, 29991014
143, 1, 21
4, 33166, 28680644, 28939896
144, 1, 21
1, 34608, 30449132, 30769442
145, 1, 21
2, 93780, 29991014, 30242049
146, 1, 21
3, 56238, 29381136, 29774833
147, 1, 21
4, 43260, 28939896, 29258927
148, 1, 21
2, 98106, 30242049, 30495563
149, 1, 21
1, 51912, 30769442, 31266962
150, 1, 21
2, 119711, 30495563, 30808937
151, 1, 21
4, 69216, 29258927, 29753020
152, 1, 21
3, 105266, 29774833, 30539660
153, 1, 21
2, 188952, 30808937, 31305624
154, 1, 21
2, 66332, 31305624, 31560819
155, 1, 21
2, 66332, 31560819, 31815225
156, 1, 21
2, 80752, 31815225, 32130702
157, 1, 21
2, 125454, 32130702, 32619605
158, 1, 21
3, 325892, 30539660, 32892613
159, 1, 21
1, 325892, 31266962, 34224139
160, 1, 21
3, 41818, 32892613, 33215034
161, 1, 21
1, 27398, 34224139, 34477040
162, 1, 21
2, 308688, 32619605, 33996869
163, 1, 21
3, 12978, 33215034, 33481866
164, 1, 21
1, 15862, 34477040, 34778294
165, 1, 21
2, 14470, 33996869, 34398171
166, 1, 21
1, 8652, 34778294, 35032939
167, 2, 21
2, 24539, 34398171, 34733278
1, 18746, 35032939, 35301123
168, 1, 21
1, 12978, 35301123, 35551276
169, 1, 21
2, 24539, 34733278, 35130999
170, 1, 21
1, 23072, 35551276, 35813600
171, 1, 21
1, 14420, 35813600, 36081363
172, 1, 21
1, 18746, 36081363, 36340289
173, 1, 21
2, 54871, 35130999, 35895115
174, 1, 21
1, 23072, 36340289, 36599517
175, 1, 21
3, 2884, 33481866, 35493001
176, 1, 21
2, 69266, 35895115, 36206655
177, 1, 21
1, 28840, 36599517, 36855260
178, 1, 21
3, 66332, 35493001, 35743504
179, 1, 21
2, 92338, 36206655, 36462592
180, 1, 21
1, 34608, 36855260, 37178171
181, 1, 21
3, 85078, 35743504, 36060023
182, 1, 21
2, 106758, 36462592, 36776182
183, 1, 21
3, 46144, 36060023, 36314122
184, 1, 21
1, 34608, 37178171, 37575897
185, 1, 21
2, 79360, 36776182, 37026588
186, 1, 21
3, 49028, 36314122, 36636132
187, 2, 21
2, 43285, 37026588, 37291116
1, 18746, 37575897, 37861337
188, 1, 21
3, 60564, 36636132, 36887503
189, 1, 21
2, 98081, 37291116, 37544722
190, 1, 21
1, 24514, 37861337, 38115515
191, 1, 21
3, 80752, 36887503, 37140007
192, 1, 21
2, 112526, 37544722, 37797418
193, 1, 21
1, 30282, 38115515, 38376446
194, 1, 21
3, 82194, 37140007, 37393672
195, 1, 21
2, 111084, 37797418, 38048586
196, 1, 21
1, 36050, 38376446, 38693602
197, 1, 21
3, 100940, 37393672, 37710023
198, 1, 21
2, 105316, 38048586, 38299574
199, 1, 21
3, 79310, 37710023, 37961208
200, 1, 21
2, 126921, 38299574, 38613767
201, 1, 21
1, 53354, 38693602, 39186329
202, 1, 21
3, 105266, 37961208, 38354518
203, 1, 21
2, 147134, 38613767, 38991208
204, 1, 21
2, 108150, 38991208, 39245132
205, 1, 21
2, 54796, 39245132, 39514253
206, 1, 21
1, 115360, 39186329, 40249867
207, 1, 21
2, 25981, 39514253, 39775350
208, 1, 21
1, 30282, 40249867, 40572898
209, 1, 21
2, 30307, 39775350, 40099421
210, 1, 21
1, 34608, 40572898, 40972838
211, 1, 21
2, 36075, 40099421, 40492266
212, 1, 21
1, 33166, 40972838, 41266416
213, 1, 21
1, 37492, 41266416, 41586099
214, 1, 21
2, 86570, 40492266, 41255450
215, 1, 21
1, 40376, 41586099, 41976856
216, 1, 21
3, 126896, 38354518, 40971285
217, 1, 21
1, 18746, 41976856, 42227388
218, 2, 21
2, 128413, 41255450, 41860936
3, 77868, 40971285, 41284552
219, 1, 21
1, 21630, 42227388, 42489589
220, 1, 21
3, 92288, 41284552, 41600557
221, 1, 21
2, 126946, 41860936, 42175666
222, 1, 21
1, 33166, 42489589, 42784581
223, 1, 21
1, 37492, 42784581, 43106281
224, 1, 21
3, 118244, 41600557, 41992264
225, 1, 21
2, 161579, 42175666, 42566654
226, 1, 21
1, 46144, 43106281, 43502255
227, 1, 21
2, 237955, 42566654, 43128113
228, 1, 21
1, 30282, 43502255, 43812193
229, 1, 21
3, 224952, 41992264, 42759639
230, 1, 21
2, 88012, 43128113, 43379954
231, 1, 21
1, 28840, 43812193, 44072066
232, 1, 21
3, 77868, 42759639, 43021767
233, 1, 21
2, 105316, 43379954, 43632902
234, 1, 21
1, 36050, 44072066, 44384772
235, 1, 21
3, 82194, 43021767, 43277293
236, 1, 21
2, 111084, 43632902, 43885642
237, 1, 21
2, 135548, 43885642, 44199245
238, 1, 21
1, 44702, 44384772, 44783984
239, 1, 21
3, 126896, 43277293, 43669479
240, 1, 21
2, 93780, 44199245, 44453822
241, 1, 21
3, 69216, 43669479, 43919744
242, 1, 21
2, 89429, 44453822, 44710404
243, 1, 21
1, 54796, 44783984, 45349426
244, 1, 21
2, 20213, 44710404, 44966155
245, 1, 21
1, 31724, 45349426, 45670427
246, 1, 21
2, 33191, 44966155, 45297753
247, 1, 21
1, 36050, 45670427, 46101244
248, 1, 21
1, 20188, 46101244, 46352209
249, 1, 21
2, 38984, 45297753, 45799609
250, 1, 21
1, 30282, 46352209, 46752863
251, 1, 21
1, 21630, 46752863, 47035346
252, 1, 21
1, 31724, 47035346, 47359256
253, 1, 21
2, 105341, 45799609, 46986431
254, 1, 21
1, 30282, 47359256, 47619275
255, 1, 21
2, 36075, 46986431, 47308433
256, 1, 21
1, 44702, 47619275, 48013770
257, 1, 21
2, 46169, 47308433, 47703178
258, 1, 21
1, 72100, 48013770, 48634803
259, 1, 21
2, 90871, 47703178, 48472338
260, 1, 21
2, 31724, 48472338, 48783170
261, 1, 21
1, 93730, 48634803, 49471497
262, 1, 21
2, 30307, 48783170, 49102238
263, 1, 21
1, 23072, 49471497, 49727314
264, 1, 21
1, 15862, 49727314, 49978079
265, 1, 21
2, 27448, 49102238, 49493362
266, 1, 21
1, 24514, 49978079, 50231706
267, 1, 21
2, 33191, 49493362, 49824515
268, 1, 21
1, 28840, 50231706, 50545285
269, 1, 21
2, 28865, 49824515, 50140744
270, 1, 21
1, 27398, 50545285, 50948898
271, 1, 21
2, 15887, 50140744, 50414390
272, 1, 21
1, 20188, 50948898, 51206580
273, 1, 21
2, 27423, 50414390, 50730805
274, 1, 21
1, 25956, 51206580, 51468358
275, 1, 21
2, 20213, 50730805, 50990037
276, 1, 21
1, 23072, 51468358, 51781127
277, 1, 21
2, 23097, 50990037, 51249256
278, 1, 21
2, 24514, 51249256, 51508484
279, 1, 21
1, 51912, 51781127, 52274394
280, 1, 21
2, 30307, 51508484, 51765862
281, 1, 21
1, 30282, 52274394, 52530847
282, 1, 21
2, 37517, 51765862, 52082025
283, 1, 21
1, 47586, 52530847, 52929612
284, 1, 21
2, 59147, 52082025, 52578936
285, 1, 21
1, 72100, 52929612, 53543859
286, 1, 21
3, 49028, 43919744, 53803122
287, 1, 21
2, 256726, 52578936, 54476927
288, 1, 21
3, 85078, 53803122, 54055321
289, 1, 21
2, 113943, 54476927, 54731041
290, 1, 21
3, 99498, 54055321, 54368349
291, 1, 21
2, 109617, 54731041, 54981620
292, 1, 21
2, 121128, 54981620, 55233195
293, 1, 21
3, 141316, 54368349, 54760563
294, 1, 21
2, 152877, 55233195, 55546580
295, 1, 21
3, 92288, 54760563, 55011316
296, 1, 21
2, 187485, 55546580, 55937775
297, 1, 21
3, 139874, 55011316, 55405513
298, 1, 21
3, 87962, 55405513, 55656870
299, 1, 21
3, 108150, 55656870, 55971384
300, 1, 21
2, 349039, 55937775, 56701742
301, 1, 21
3, 171598, 55971384, 56461568
302, 1, 21
2, 1250239, 56701742, 59517506
303, 1, 21
2, 28840, 59517506, 59774568
304, 1, 21
2, 34608, 59774568, 60091339
305, 1, 21
2, 43260, 60091339, 60489892
306, 1, 21
2, 86520, 60489892, 61260653
307, 1, 21
1, 1153600, 53543859, 63546702
308, 1, 21
1, 27398, 63546702, 63807191
309, 1, 21
1, 33166, 63807191, 64121352
310, 1, 21
1, 51912, 64121352, 64616036
