0, 2, 21
2, 27398, 5513793, 5769137
1, 27398, 6079350, 6334069
1, 2, 21
2, 28840, 5769137, 6087071
1, 28840, 6334069, 6652798
2, 2, 21
2, 25956, 6087071, 6347602
1, 25956, 6652798, 6913320
3, 2, 21
2, 28840, 6347602, 6599887
1, 28840, 6913320, 7165666
4, 2, 21
2, 36050, 6599887, 6918946
1, 36050, 7165666, 7484698
5, 2, 21
2, 43260, 6918946, 7313346
1, 43260, 7484698, 7878823
6, 2, 21
2, 27398, 7313346, 7564464
1, 27398, 7878823, 8130144
7, 2, 21
2, 27398, 7564464, 7816982
1, 27398, 8130144, 8382557
8, 2, 21
2, 28840, 7816982, 8074127
1, 28840, 8382557, 8639785
9, 2, 21
2, 44702, 8074127, 8475305
1, 44702, 8639785, 9041007
10, 2, 21
2, 69216, 8475305, 9093432
1, 69216, 9041007, 9659012
11, 2, 21
2, 47586, 9093432, 15642978
1, 47586, 9659012, 16208373
12, 2, 21
2, 27398, 15642978, 15899764
1, 27398, 16208373, 16465362
13, 2, 21
2, 36050, 15899764, 16222450
1, 36050, 16465362, 16788314
14, 2, 21
2, 46144, 16222450, 16615803
1, 46144, 16788314, 17181607
15, 2, 21
2, 85078, 16615803, 17382627
1, 85078, 17181607, 17947724
16, 1, 21
2, 60564, 17382627, 17691423
17, 1, 21
1, 36050, 17947724, 18264467
18, 1, 21
3, 38934, 16962221, 17218483
19, 1, 21
2, 66382, 17691423, 17946244
20, 1, 21
1, 37492, 18264467, 18587082
21, 1, 21
3, 47586, 17218483, 17535200
22, 1, 21
2, 83686, 17946244, 18268721
23, 1, 21
3, 34608, 17535200, 17786075
24, 1, 21
1, 46144, 18587082, 18981879
25, 1, 21
2, 60614, 18268721, 18528614
26, 1, 21
3, 21630, 17786075, 18044591
27, 1, 21
1, 25956, 18981879, 19299246
28, 1, 21
2, 36100, 18528614, 18780345
29, 1, 21
3, 38934, 18044591, 18362393
30, 1, 21
1, 24514, 19299246, 19553780
31, 1, 21
2, 63498, 18780345, 19031198
32, 1, 21
3, 40376, 18362393, 18620262
33, 1, 21
2, 64915, 19031198, 19286476
34, 1, 21
1, 34608, 19553780, 19880196
35, 1, 21
3, 36050, 18620262, 18872387
36, 1, 21
2, 90896, 19286476, 19601222
37, 1, 21
1, 44702, 19880196, 20274362
38, 1, 21
3, 46144, 18872387, 19185775
39, 1, 21
4, 40376, 18444016, 18697234
40, 1, 21
2, 103899, 19601222, 19851748
41, 1, 21
4, 36050, 18697234, 18950640
42, 1, 21
2, 95197, 19851748, 20103649
43, 1, 21
3, 72100, 19185775, 19683687
44, 1, 21
1, 60564, 20274362, 20837234
45, 1, 21
4, 40376, 18950640, 19204280
46, 1, 21
2, 132739, 20103649, 20417874
47, 1, 21
1, 28840, 20837234, 21094077
48, 1, 21
4, 38934, 19204280, 19457464
49, 1, 21
4, 37492, 19457464, 19708546
50, 1, 21
1, 36050, 21094077, 21412147
51, 1, 21
2, 200538, 20417874, 20909623
52, 1, 21
4, 25956, 19708546, 19960559
53, 1, 21
3, 122570, 19683687, 20585181
54, 1, 21
2, 72150, 20909623, 21164670
55, 1, 21
1, 38934, 21412147, 21811469
56, 1, 21
4, 18746, 19960559, 20225807
57, 2, 21
2, 59172, 21164670, 21415062
3, 18746, 20585181, 20848239
58, 1, 21
1, 17304, 21811469, 22061960
59, 1, 21
4, 30282, 20225807, 20486341
60, 1, 21
3, 31724, 20848239, 21122545
61, 1, 21
2, 106783, 21415062, 21733019
62, 1, 21
1, 24514, 22061960, 22316129
63, 1, 21
4, 38934, 20486341, 20744521
64, 1, 21
3, 37492, 21122545, 21375646
65, 1, 21
2, 103899, 21733019, 21984111
66, 1, 21
1, 30282, 22316129, 22575599
67, 1, 21
4, 47586, 20744521, 21063469
68, 1, 21
2, 100990, 21984111, 22236853
69, 1, 21
3, 46144, 21375646, 21692991
70, 1, 21
1, 28840, 22575599, 22830466
71, 1, 21
4, 56238, 21063469, 21456541
72, 1, 21
2, 157253, 22236853, 22629489
73, 1, 21
1, 44702, 22830466, 23231803
74, 2, 21
2, 53379, 22629489, 22882965
4, 34608, 21456541, 21773141
75, 1, 21
1, 36050, 23231803, 23650589
76, 2, 21
2, 50495, 22882965, 23136024
4, 33166, 21773141, 22026396
77, 1, 21
1, 25956, 23650589, 23905328
78, 2, 21
2, 63473, 23136024, 23390736
4, 37492, 22026396, 22281179
79, 1, 21
4, 21630, 22281179, 22531822
80, 1, 21
2, 50495, 23390736, 23704271
81, 1, 21
1, 30282, 23905328, 24277073
82, 1, 21
4, 28840, 22531822, 22787715
83, 1, 21
2, 53404, 23704271, 23955885
84, 1, 21
1, 24514, 24277073, 24549503
85, 2, 21
2, 50495, 23955885, 24210606
4, 36050, 22787715, 23100231
86, 1, 21
1, 21630, 24549503, 24803432
87, 2, 21
2, 63473, 24210606, 24461144
4, 34608, 23100231, 23350425
88, 1, 21
1, 30282, 24803432, 25061770
89, 2, 21
2, 82219, 24461144, 24775921
4, 47586, 23350425, 23666357
90, 1, 21
1, 34608, 25061770, 25384863
91, 2, 21
2, 129805, 24775921, 25265486
4, 72100, 23666357, 24155543
92, 1, 21
1, 57680, 25384863, 25874800
93, 1, 21
4, 129780, 24155543, 25069176
94, 1, 21
4, 47586, 25069176, 25385478
95, 1, 21
4, 57680, 25385478, 25776524
96, 1, 21
4, 82194, 25776524, 26339506
97, 1, 21
4, 47586, 26339506, 26655159
98, 1, 21
1, 302820, 25874800, 28512968
99, 1, 21
4, 57680, 26655159, 27045837
100, 1, 21
1, 30282, 28512968, 28774669
101, 1, 21
1, 37492, 28774669, 29092952
102, 1, 21
3, 54796, 21692991, 27990741
103, 1, 21
2, 882779, 25265486, 28620337
104, 1, 21
3, 36050, 27990741, 28253464
105, 1, 21
2, 96639, 28620337, 28872704
106, 1, 21
1, 44702, 29092952, 29497060
107, 1, 21
4, 102382, 27045837, 27835243
108, 1, 21
3, 27398, 28253464, 28506053
109, 1, 21
2, 79385, 28872704, 29124721
110, 1, 21
4, 36050, 27835243, 28090842
111, 1, 21
1, 28840, 29497060, 29820345
112, 1, 21
3, 38934, 28506053, 28757208
113, 1, 21
2, 103899, 29124721, 29381579
114, 1, 21
4, 37492, 28090842, 28343286
115, 1, 21
1, 28840, 29820345, 30077637
116, 1, 21
3, 33166, 28757208, 29009566
117, 1, 21
2, 122645, 29381579, 29695311
118, 1, 21
1, 31724, 30077637, 30393546
119, 1, 21
3, 40376, 29009566, 29268345
120, 1, 21
4, 54796, 28343286, 28737499
121, 1, 21
2, 155811, 29695311, 30087529
122, 1, 21
3, 46144, 29268345, 29580926
123, 1, 21
1, 43260, 30393546, 30788575
124, 1, 21
4, 87962, 28737499, 29351522
125, 1, 21
3, 56238, 29580926, 29981313
126, 1, 21
2, 287058, 30087529, 30859290
127, 1, 21
1, 87962, 30788575, 31558331
128, 1, 21
2, 67799, 30859290, 31114097
129, 1, 21
3, 113918, 29981313, 30745712
130, 1, 21
2, 105291, 31114097, 31507232
131, 1, 21
2, 162946, 31507232, 32122055
132, 1, 21
3, 229278, 30745712, 32347083
133, 1, 21
2, 210557, 32122055, 32951525
134, 1, 21
3, 36050, 32347083, 32601265
135, 1, 21
2, 76451, 32951525, 33270185
136, 1, 21
3, 15862, 32601265, 32856803
137, 1, 21
2, 33191, 33270185, 33520889
138, 1, 21
1, 291284, 31558331, 34202572
139, 1, 21
2, 7235, 33520889, 33880284
140, 1, 21
1, 5768, 34202572, 34461528
141, 1, 21
1, 18746, 34461528, 34718856
142, 1, 21
2, 24564, 33880284, 34208578
143, 1, 21
1, 12978, 34718856, 34969439
144, 1, 21
2, 24539, 34208578, 34605569
145, 1, 21
1, 21630, 34969439, 35222744
146, 1, 21
2, 15887, 34605569, 34859603
147, 1, 21
1, 14420, 35222744, 35474411
148, 1, 21
1, 18746, 35474411, 35735881
149, 1, 21
2, 24564, 34859603, 35195840
150, 1, 21
1, 24514, 35735881, 35997802
151, 1, 21
2, 25981, 35195840, 35455867
152, 1, 21
3, 4326, 32856803, 34919419
153, 1, 21
1, 30282, 35997802, 36253606
154, 1, 21
2, 103874, 35455867, 35710860
155, 1, 21
3, 83636, 34919419, 35172684
156, 1, 21
2, 116827, 35710860, 35961396
157, 1, 21
1, 36050, 36253606, 36571789
158, 1, 21
3, 85078, 35172684, 35487683
159, 1, 21
2, 77918, 35961396, 36214598
160, 1, 21
3, 67774, 35487683, 35782294
161, 1, 21
1, 36050, 36571789, 36971588
162, 1, 21
2, 53404, 36214598, 36466052
163, 1, 21
3, 34608, 35782294, 36032794
164, 1, 21
1, 18746, 36971588, 37251269
165, 1, 21
2, 82244, 36466052, 36720138
166, 1, 21
3, 87962, 36032794, 36283204
167, 1, 21
1, 24514, 37251269, 37504064
168, 1, 21
2, 116852, 36720138, 36972352
169, 1, 21
3, 89404, 36283204, 36536769
170, 1, 21
1, 30282, 37504064, 37759377
171, 1, 21
2, 145692, 36972352, 37285827
172, 1, 21
3, 86520, 36536769, 36788196
173, 1, 21
1, 37492, 37759377, 38080857
174, 1, 21
2, 109642, 37285827, 37538129
175, 1, 21
3, 80752, 36788196, 37040680
176, 1, 21
2, 129805, 37538129, 37851887
177, 1, 21
3, 74984, 37040680, 37293761
178, 1, 21
1, 53354, 38080857, 38570429
179, 1, 21
3, 87962, 37293761, 37610021
180, 1, 21
2, 145717, 37851887, 38220752
181, 1, 21
3, 79310, 37610021, 37861760
182, 1, 21
2, 109617, 38220752, 38471077
183, 1, 21
1, 62006, 38570429, 39125503
184, 1, 21
2, 36075, 38471077, 38721838
185, 1, 21
1, 34608, 39125503, 39451705
186, 1, 21
2, 25981, 38721838, 38981328
187, 1, 21
1, 25956, 39451705, 39712908
188, 1, 21
2, 30307, 38981328, 39302115
189, 1, 21
1, 24514, 39712908, 39970428
190, 1, 21
2, 34633, 39302115, 39702267
191, 1, 21
1, 27398, 39970428, 40293303
192, 1, 21
1, 28840, 40293303, 40549261
193, 1, 21
1, 30282, 40549261, 40809066
194, 1, 21
2, 88037, 39702267, 40465230
195, 1, 21
1, 37492, 40809066, 41131712
196, 1, 21
3, 24514, 37861760, 40150057
197, 1, 21
2, 53404, 40465230, 40780044
198, 1, 21
1, 23072, 41131712, 41384346
199, 2, 21
2, 75009, 40780044, 41030333
3, 77868, 40150057, 40463397
200, 1, 21
1, 20188, 41384346, 41635080
201, 1, 21
2, 96639, 41030333, 41281804
202, 1, 21
1, 21630, 41635080, 41895615
203, 1, 21
3, 92288, 40463397, 40776117
204, 1, 21
2, 112526, 41281804, 41535053
205, 1, 21
3, 82194, 40776117, 41026126
206, 1, 21
1, 37492, 41895615, 42213489
207, 1, 21
2, 139924, 41535053, 41849400
208, 1, 21
3, 105266, 41026126, 41341273
209, 1, 21
2, 111059, 41849400, 42101083
210, 1, 21
1, 57680, 42213489, 42709474
211, 1, 21
3, 113918, 41341273, 41743472
212, 1, 21
2, 93780, 42101083, 42355727
213, 1, 21
1, 38934, 42709474, 43085632
214, 1, 21
2, 99523, 42355727, 42608194
215, 1, 21
3, 95172, 41743472, 42059641
216, 1, 21
1, 28840, 43085632, 43343055
217, 1, 21
2, 109642, 42608194, 42860219
218, 1, 21
3, 126896, 42059641, 42451020
219, 1, 21
1, 37492, 43343055, 43666853
220, 1, 21
2, 137040, 42860219, 43176051
221, 1, 21
1, 44702, 43666853, 44064864
222, 1, 21
2, 147109, 43176051, 43549387
223, 1, 21
3, 161504, 42451020, 43005780
224, 1, 21
1, 25956, 44064864, 44317726
225, 1, 21
2, 103874, 43549387, 43869259
226, 1, 21
2, 23072, 43869259, 44127714
227, 1, 21
1, 38934, 44317726, 44717537
228, 1, 21
1, 24514, 44717537, 44978003
229, 1, 21
2, 31774, 44127714, 44447840
230, 1, 21
1, 25956, 44978003, 45250462
231, 1, 21
2, 34633, 44447840, 44867224
232, 1, 21
1, 20188, 45250462, 45511116
233, 1, 21
2, 27423, 44867224, 45188085
234, 1, 21
1, 25956, 45511116, 45831162
235, 1, 21
1, 17304, 45831162, 46083930
236, 1, 21
2, 28890, 45188085, 45606951
237, 1, 21
1, 21630, 46083930, 46366482
238, 1, 21
1, 31724, 46366482, 46691265
239, 1, 21
2, 51962, 45606951, 46164049
240, 1, 21
1, 30282, 46691265, 46950435
241, 1, 21
2, 36075, 46164049, 46484815
242, 1, 21
1, 44702, 46950435, 47344848
243, 1, 21
2, 46169, 46484815, 46879621
244, 1, 21
1, 72100, 47344848, 47965746
245, 1, 21
2, 90871, 46879621, 47652658
246, 2, 21
2, 60564, 47652658, 48212519
1, 90846, 47965746, 48777560
247, 2, 21
2, 28840, 48212519, 48539243
1, 28840, 48777560, 49104590
248, 2, 21
2, 17304, 48539243, 48816824
1, 17304, 49104590, 49382041
249, 2, 21
2, 27398, 48816824, 49073573
1, 27398, 49382041, 49638769
250, 2, 21
2, 28840, 49073573, 49396377
1, 28840, 49638769, 49961919
251, 2, 21
2, 17304, 49396377, 49650664
1, 17304, 49961919, 50216066
252, 2, 21
2, 17304, 49650664, 49920160
1, 17304, 50216066, 50484810
253, 2, 21
2, 25956, 49920160, 50172014
1, 25956, 50484810, 50737514
254, 2, 21
2, 23072, 50172014, 50484674
1, 23072, 50737514, 51050234
255, 2, 21
2, 50470, 50484674, 50978044
1, 50470, 51050234, 51542499
256, 2, 21
2, 30282, 50978044, 51235515
1, 30282, 51542499, 51800194
257, 2, 21
2, 37492, 51235515, 51549913
1, 37492, 51800194, 52114690
258, 2, 21
2, 59122, 51549913, 52050250
1, 59122, 52114690, 52614545
259, 1, 21
3, 63448, 43005780, 52955476
260, 1, 21
2, 233629, 52050250, 53655470
261, 1, 21
3, 83636, 52955476, 53208383
262, 1, 21
2, 111059, 53655470, 53907898
263, 1, 21
3, 99498, 53208383, 53522703
264, 1, 21
2, 137015, 53907898, 54221962
265, 1, 21
2, 121128, 54221962, 54473325
266, 1, 21
3, 139874, 53522703, 53915827
267, 1, 21
3, 92288, 53915827, 54168918
268, 1, 21
2, 152902, 54473325, 54789607
269, 1, 21
3, 138432, 54168918, 54560056
270, 1, 21
2, 224977, 54789607, 55281641
271, 1, 21
3, 85078, 54560056, 54812307
272, 1, 21
3, 86520, 54812307, 55064668
273, 1, 21
3, 108150, 55064668, 55378854
274, 1, 21
3, 171598, 55378854, 55868586
275, 1, 21
2, 1521410, 55281641, 58727655
276, 1, 21
2, 27398, 58727655, 58992559
277, 1, 21
2, 36050, 58992559, 59309854
278, 1, 21
2, 43260, 59309854, 59707766
279, 1, 21
2, 86520, 59707766, 60483543
280, 1, 21
1, 1147832, 52614545, 62618288
281, 1, 21
1, 314356, 62618288, 65535729
282, 1, 21
1, 27398, 65535729, 65788637
283, 1, 21
1, 36050, 65788637, 66109199
284, 1, 21
1, 43260, 66109199, 66507002
