0, 2, 21
2, 72100, 5465385, 6210896
1, 72104, 6007663, 6753104
1, 2, 21
2, 144200, 6210896, 7507296
1, 144204, 6753104, 8049455
2, 2, 21
2, 144200, 7507296, 8796014
1, 144204, 8049455, 9337512
3, 2, 21
2, 217742, 8796014, 16858937
1, 217746, 9337512, 17400669
4, 2, 21
2, 76426, 16858937, 17516553
1, 72104, 17400669, 18058287
5, 2, 21
2, 82194, 17516553, 17826983
1, 36054, 18058287, 18368727
6, 2, 21
2, 43260, 17826983, 17987639
1, 18750, 18368727, 18529254
7, 2, 21
2, 23072, 17987639, 18074897
1, 10098, 18529254, 18617077
8, 2, 21
2, 330218, 18074897, 19479046
1, 144204, 18617077, 20020864
9, 2, 21
2, 266770, 19479046, 20149951
1, 72104, 20020864, 20692008
10, 2, 21
2, 134106, 20149951, 20477919
1, 36054, 20692008, 21020135
11, 2, 21
2, 66332, 20477919, 20647554
1, 18750, 21020135, 21188744
12, 2, 21
2, 498932, 20647554, 22096592
1, 144204, 21188744, 22637604
13, 2, 21
2, 230720, 22096592, 22739066
1, 72104, 22637604, 23280830
14, 2, 21
2, 87962, 22739066, 23195605
1, 36054, 23280830, 23737393
15, 2, 21
2, 43260, 23195605, 23368870
1, 18750, 23737393, 23910036
16, 2, 21
2, 21630, 23368870, 23463956
1, 10098, 23910036, 24005750
17, 2, 21
2, 328776, 23463956, 24967264
1, 144204, 24005750, 25509081
18, 2, 21
2, 327334, 24967264, 26210533
1, 144204, 25509081, 26752005
19, 2, 21
2, 162946, 26210533, 26828759
1, 72104, 26752005, 27370627
20, 2, 21
2, 325892, 26828759, 28072649
1, 144204, 27370627, 28613762
21, 2, 21
2, 444136, 28072649, 29375775
1, 144204, 28613762, 29917634
22, 2, 21
2, 253792, 29375775, 30014375
1, 72104, 29917634, 30556216
23, 2, 21
2, 125454, 30014375, 30322811
1, 36054, 30556216, 30864320
24, 2, 21
2, 376362, 30322811, 31542538
1, 144204, 30864320, 32083246
25, 2, 21
2, 162946, 31542538, 32153344
1, 72104, 32083246, 32694824
26, 2, 21
2, 79310, 32153344, 32459039
1, 36054, 32694824, 33000429
27, 2, 21
2, 248024, 32459039, 34319848
1, 144204, 33000429, 34861425
28, 2, 21
2, 72100, 34319848, 35267838
1, 72104, 34861425, 35809939
29, 2, 21
2, 89404, 35267838, 35574526
1, 36054, 35809939, 36116599
30, 2, 21
2, 77868, 35574526, 35745306
1, 18750, 36116599, 36286599
31, 2, 21
2, 40376, 35745306, 35830640
1, 10098, 36286599, 36372020
32, 2, 21
2, 20188, 35830640, 35878255
1, 5772, 36372020, 36420260
33, 2, 21
2, 543634, 35878255, 37363939
1, 144204, 36420260, 37905243
34, 2, 21
2, 265328, 37363939, 38016403
1, 72104, 37905243, 38558419
35, 2, 21
2, 138432, 38016403, 38344137
1, 36054, 38558419, 38885762
36, 2, 21
2, 170156, 38344137, 39794198
1, 144204, 38885762, 40335691
37, 2, 21
2, 72100, 39794198, 40415200
1, 72104, 40335691, 40956695
38, 2, 21
2, 511910, 40415200, 41858058
1, 144204, 40956695, 42399939
39, 2, 21
2, 263886, 41858058, 42526526
1, 72104, 42399939, 43068271
40, 2, 21
2, 138432, 42526526, 42838733
1, 36054, 43068271, 43380662
41, 2, 21
2, 72100, 42838733, 42999798
1, 18750, 43380662, 43541322
42, 2, 21
2, 347522, 42999798, 44397956
1, 144204, 43541322, 44939987
43, 2, 21
2, 72100, 44397956, 45349426
1, 72104, 44939987, 45890963
44, 2, 21
2, 36050, 45349426, 45801506
1, 36054, 45890963, 46343056
45, 2, 21
2, 144200, 45801506, 47060444
1, 144204, 46343056, 47602465
46, 2, 21
2, 72100, 47060444, 47663081
1, 72104, 47602465, 48205066
47, 2, 21
2, 144200, 47663081, 49251441
1, 144204, 48205066, 49793467
48, 2, 21
2, 144200, 49251441, 50916211
1, 144204, 49793467, 51457636
49, 2, 21
2, 144200, 50916211, 52134896
1, 144204, 51457636, 52676884
50, 2, 21
2, 72100, 52134896, 52744982
1, 72104, 52676884, 53286980
51, 2, 21
2, 334544, 52744982, 53983068
1, 144204, 53286980, 54524185
52, 2, 21
2, 292726, 53983068, 54587042
1, 72104, 54524185, 55128981
53, 2, 21
2, 149968, 54587042, 54893342
1, 36054, 55128981, 55435383
54, 2, 21
2, 568148, 54893342, 56126851
1, 144204, 55435383, 56668292
55, 2, 21
2, 556612, 56126851, 57338367
1, 144204, 56668292, 57879637
56, 2, 21
2, 510468, 57338367, 58562497
1, 144204, 57879637, 59104615
57, 2, 21
2, 144200, 58562497, 59869417
1, 144204, 59104615, 60411684
58, 2, 21
2, 72100, 59869417, 60512840
1, 72104, 60411684, 61055105
59, 2, 21
2, 144200, 60512840, 61765232
1, 144204, 61055105, 62307287
60, 2, 21
2, 144200, 61765232, 63126945
1, 144204, 62307287, 63669191
61, 2, 21
2, 144200, 63126945, 64456380
1, 144204, 63669191, 64998655
