0, 2, 21
2, 211974, 6187648, 8189712
1, 211974, 6750696, 8752274
1, 2, 21
2, 223510, 8189712, 16316275
1, 223510, 8752274, 16878667
2, 2, 21
2, 245140, 16316275, 18323422
1, 224952, 16878667, 18886057
3, 1, 21
3, 279748, 16990371, 18995725
4, 1, 21
2, 516261, 18323422, 20326436
5, 1, 21
1, 213416, 18886057, 20894505
6, 1, 21
4, 268212, 18403400, 20440005
7, 1, 21
3, 265328, 18995725, 21002327
8, 1, 21
2, 725401, 20326436, 22332094
9, 1, 21
1, 206206, 20894505, 22898022
10, 1, 21
4, 263886, 20440005, 22458203
11, 1, 21
2, 586944, 22332094, 24335223
12, 1, 21
1, 201880, 22898022, 24952926
13, 1, 21
4, 271096, 22458203, 24461849
14, 1, 21
2, 488888, 24335223, 26335993
15, 1, 21
1, 216300, 24952926, 26959297
16, 1, 21
4, 301378, 24461849, 26466622
17, 1, 21
2, 532148, 26335993, 28340873
18, 1, 21
1, 232162, 26959297, 28965714
19, 1, 21
3, 142758, 21002327, 27943008
20, 1, 21
4, 279748, 26466622, 28470939
21, 1, 21
2, 663395, 28340873, 30341409
22, 1, 21
1, 223510, 28965714, 30968960
23, 1, 21
3, 276864, 27943008, 29951111
24, 1, 21
2, 793150, 30341409, 32847690
25, 1, 21
1, 294168, 30968960, 33470880
26, 1, 21
3, 294168, 29951111, 31951883
27, 1, 21
2, 318732, 32847690, 34863969
28, 1, 21
1, 165830, 33470880, 35492610
29, 1, 21
3, 106708, 31951883, 34915309
30, 1, 21
2, 398042, 34863969, 36873304
31, 1, 21
1, 181692, 35492610, 37498735
32, 1, 21
3, 576800, 34915309, 36916126
33, 1, 21
2, 793150, 36873304, 38874617
34, 1, 21
1, 209090, 37498735, 39500282
35, 1, 21
2, 289867, 38874617, 40879533
36, 1, 21
3, 305704, 36916126, 40142109
37, 1, 21
1, 253792, 39500282, 42016229
38, 1, 21
2, 674906, 40879533, 42881751
39, 1, 21
3, 592662, 40142109, 42143638
40, 1, 21
2, 663345, 42881751, 44895255
41, 1, 21
1, 412412, 42016229, 45966432
42, 1, 21
2, 175949, 44895255, 46896186
43, 1, 21
1, 190344, 45966432, 47977981
44, 1, 21
2, 224977, 46896186, 48905757
45, 1, 21
1, 204764, 47977981, 49980961
46, 1, 21
2, 162971, 48905757, 50930191
47, 1, 21
1, 173040, 49980961, 51986468
48, 2, 21
2, 286983, 50930191, 53437927
1, 237930, 51986468, 53998662
49, 1, 21
3, 325892, 42143638, 52929081
50, 2, 21
2, 689301, 53437927, 55438347
1, 235046, 53998662, 56000888
51, 1, 21
3, 697928, 52929081, 54929576
52, 1, 21
2, 930115, 55438347, 57440130
53, 1, 21
1, 295610, 56000888, 58506963
54, 1, 21
3, 847896, 54929576, 57431567
55, 1, 21
2, 871018, 57440130, 59947676
56, 1, 21
1, 445578, 58506963, 62422111
57, 1, 21
2, 226419, 59947676, 61957007
58, 1, 21
2, 217742, 61957007, 63967483
