0, 2, 21
2, 72100, 5572029, 6317461
1, 72104, 6190468, 6935701
1, 2, 21
2, 144200, 6317461, 7611039
1, 144204, 6935701, 8229327
2, 2, 21
2, 144200, 7611039, 8897536
1, 144204, 8229327, 9515807
3, 2, 21
2, 217742, 8897536, 16963593
1, 217746, 9515807, 17581843
4, 2, 21
2, 89404, 16963593, 17622453
1, 72104, 17581843, 18240811
5, 2, 21
2, 82194, 17622453, 17933715
1, 36054, 18240811, 18552003
6, 2, 21
2, 43260, 17933715, 18094354
1, 18750, 18552003, 18712715
7, 2, 21
2, 23072, 18094354, 18182375
1, 10098, 18712715, 18800738
8, 2, 21
2, 341754, 18182375, 19585275
1, 144204, 18800738, 20203122
9, 2, 21
2, 269654, 19585275, 20249718
1, 72104, 20203122, 20868063
10, 2, 21
2, 135548, 20249718, 20571320
1, 36054, 20868063, 21189231
11, 2, 21
2, 69216, 20571320, 20739739
1, 18750, 21189231, 21357572
12, 2, 21
2, 497490, 20739739, 22186560
1, 144204, 21357572, 22804969
13, 2, 21
2, 204764, 22186560, 22828782
1, 72104, 22804969, 23447036
14, 2, 21
2, 95172, 22828782, 23269506
1, 36054, 23447036, 23887916
15, 2, 21
2, 41818, 23269506, 23442005
1, 18750, 23887916, 24060302
16, 2, 21
2, 12978, 23442005, 23537517
1, 10098, 24060302, 24155914
17, 2, 21
2, 333102, 23537517, 25021036
1, 144204, 24155914, 25639108
18, 2, 21
2, 327334, 25021036, 26242505
1, 144204, 25639108, 26859873
19, 2, 21
2, 162946, 26242505, 26859262
1, 72104, 26859873, 27477292
20, 2, 21
2, 327334, 26859262, 28101956
1, 144204, 27477292, 28720000
21, 2, 21
2, 452788, 28101956, 29405508
1, 144204, 28720000, 30023600
22, 2, 21
2, 256676, 29405508, 30045685
1, 72104, 30023600, 30662964
23, 2, 21
2, 124012, 30045685, 30358409
1, 36054, 30662964, 30972495
24, 2, 21
2, 366268, 30358409, 31571987
1, 144204, 30972495, 32190076
25, 2, 21
2, 162946, 31571987, 32183598
1, 72104, 32190076, 32801707
26, 2, 21
2, 82194, 32183598, 32489255
1, 36054, 32801707, 33107356
27, 2, 21
2, 237930, 32489255, 34348532
1, 144204, 33107356, 34966705
28, 2, 21
2, 72100, 34348532, 35297166
1, 72104, 34966705, 35914876
29, 2, 21
2, 111034, 35297166, 35603859
1, 36054, 35914876, 36221570
30, 2, 21
2, 79310, 35603859, 35774107
1, 18750, 36221570, 36391630
31, 2, 21
2, 37492, 35774107, 35858474
1, 10098, 36391630, 36476626
32, 2, 21
2, 7210, 35858474, 35906899
1, 5772, 36476626, 36524892
33, 2, 21
2, 562380, 35906899, 37391453
1, 144204, 36524892, 38009236
34, 2, 21
2, 262444, 37391453, 38043196
1, 72104, 38009236, 38660630
35, 2, 21
2, 139874, 38043196, 38370056
1, 36054, 38660630, 38987586
36, 2, 21
2, 148526, 38370056, 39818656
1, 144204, 38987586, 40436828
37, 2, 21
2, 72100, 39818656, 40439953
1, 72104, 40436828, 41057846
38, 2, 21
2, 530656, 40439953, 41883969
1, 144204, 41057846, 42501682
39, 2, 21
2, 266770, 41883969, 42552610
1, 72104, 42501682, 43170239
40, 2, 21
2, 135548, 42552610, 42864409
1, 36054, 43170239, 43482456
41, 2, 21
2, 70658, 42864409, 43025337
1, 18750, 43482456, 43643136
42, 2, 21
2, 327334, 43025337, 44423627
1, 144204, 43643136, 45041756
43, 2, 21
2, 72100, 44423627, 45374609
1, 72104, 45041756, 45992487
44, 2, 21
2, 36050, 45374609, 45826587
1, 36054, 45992487, 46444495
45, 2, 21
2, 144200, 45826587, 47085660
1, 144204, 46444495, 47703892
46, 2, 21
2, 72100, 47085660, 47688316
1, 72104, 47703892, 48306474
47, 2, 21
2, 144200, 47688316, 49278012
1, 144204, 48306474, 49895503
48, 2, 21
2, 144200, 49278012, 50941438
1, 144204, 49895503, 51559645
49, 2, 21
2, 144200, 50941438, 52161354
1, 144204, 51559645, 52778980
50, 2, 21
2, 72100, 52161354, 52771475
1, 72104, 52778980, 53389015
51, 2, 21
2, 356174, 52771475, 54008497
1, 144204, 53389015, 54625812
52, 2, 21
2, 295610, 54008497, 54612332
1, 72104, 54625812, 55230366
53, 2, 21
2, 147084, 54612332, 54919371
1, 36054, 55230366, 55537098
54, 2, 21
2, 571032, 54919371, 56151856
1, 144204, 55537098, 56769880
55, 2, 21
2, 553728, 56151856, 57363140
1, 144204, 56769880, 57981277
56, 2, 21
2, 490280, 57363140, 58588440
1, 144204, 57981277, 59206669
57, 2, 21
2, 144200, 58588440, 59895661
1, 144204, 59206669, 60513961
58, 2, 21
2, 72100, 59895661, 60539436
1, 72104, 60513961, 61157361
59, 2, 21
2, 144200, 60539436, 61791276
1, 144204, 61157361, 62409061
60, 2, 21
2, 144200, 61791276, 63152747
1, 144204, 62409061, 63770900
61, 2, 21
2, 144200, 63152747, 64482196
1, 144204, 63770900, 65100563
