0, 2, 21
2, 213416, 5501502, 7512130
1, 213416, 6036719, 8047277
1, 2, 21
2, 222068, 7512130, 15626813
1, 222068, 8047277, 16161786
2, 2, 21
2, 252350, 15626813, 17634465
1, 224952, 16161786, 18169378
3, 1, 21
3, 279748, 16918392, 18926650
4, 2, 21
2, 511935, 17634465, 19637482
1, 211974, 18169378, 20172561
5, 1, 21
3, 266770, 18926650, 20931515
6, 1, 21
4, 268212, 18384778, 20435663
7, 2, 21
2, 725376, 19637482, 21642171
1, 207648, 20172561, 22176663
8, 1, 21
4, 268212, 20435663, 22445179
9, 1, 21
2, 585477, 21642171, 23647922
10, 1, 21
1, 201880, 22176663, 24231638
11, 1, 21
4, 275422, 22445179, 24451791
12, 1, 21
2, 493214, 23647922, 25648514
13, 1, 21
1, 216300, 24231638, 26236534
14, 1, 21
4, 301378, 24451791, 26458539
15, 1, 21
2, 533590, 25648514, 27654425
16, 1, 21
1, 233604, 26236534, 28242039
17, 1, 21
3, 141316, 20931515, 27864447
18, 1, 21
4, 279748, 26458539, 28469001
19, 1, 21
2, 674931, 27654425, 29657185
20, 1, 21
1, 223510, 28242039, 30246501
21, 1, 21
3, 281190, 27864447, 29873668
22, 1, 21
2, 659044, 29657185, 31666605
23, 1, 21
1, 236488, 30246501, 32251772
24, 1, 21
3, 297052, 29873668, 31875984
25, 1, 21
2, 406694, 31666605, 33708138
26, 1, 21
1, 191786, 32251772, 34257994
27, 1, 21
3, 99498, 31875984, 34793884
28, 1, 21
2, 291334, 33708138, 35708972
29, 1, 21
1, 164388, 34257994, 36263703
30, 1, 21
3, 576800, 34793884, 36796566
31, 1, 21
2, 765752, 35708972, 37709964
32, 1, 21
1, 203322, 36263703, 38276163
33, 1, 21
2, 396575, 37709964, 39716694
34, 1, 21
1, 206206, 38276163, 40288357
35, 1, 21
3, 305704, 36796566, 40022792
36, 1, 21
2, 553778, 39716694, 41719337
37, 1, 21
1, 209090, 40288357, 42292618
38, 1, 21
3, 595546, 40022792, 42027282
39, 1, 21
2, 794592, 41719337, 43729601
40, 1, 21
1, 222068, 42292618, 44302705
41, 1, 21
2, 165855, 43729601, 45744123
42, 1, 21
1, 164388, 44302705, 46306067
43, 1, 21
2, 232187, 45744123, 47753088
44, 1, 21
1, 232162, 46306067, 48314798
45, 1, 21
2, 167297, 47753088, 49770869
46, 1, 21
1, 165830, 48314798, 50320675
47, 1, 21
2, 211999, 49770869, 51781167
48, 1, 21
1, 211974, 50320675, 52327856
49, 1, 21
3, 323008, 42027282, 52785799
50, 1, 21
2, 386506, 51781167, 53787177
51, 1, 21
1, 235046, 52327856, 54338449
52, 1, 21
3, 697928, 52785799, 54788287
53, 1, 21
2, 937350, 53787177, 55791383
54, 1, 21
1, 232162, 54338449, 56340512
55, 1, 21
3, 684950, 54788287, 56791228
56, 1, 21
2, 911394, 55791383, 57795742
57, 1, 21
1, 235046, 56340512, 58348038
58, 1, 21
2, 422531, 57795742, 59795962
59, 1, 21
1, 227836, 58348038, 60355813
60, 1, 21
2, 229303, 59795962, 61807990
61, 1, 21
1, 229278, 60355813, 62367429
62, 1, 21
2, 213441, 61807990, 63811264
63, 1, 21
1, 213416, 62367429, 64370288
