0, 2, 21
2, 572, 62041, 4168475, 5186954
1, 572, 62016, 4792208, 5803845
1, 2, 21
2, 572, 122765, 5186954, 7184778
1, 572, 122740, 5803845, 7806487
2, 2, 21
2, 572, 58165, 7184778, 8208130
1, 572, 58140, 7806487, 8827493
3, 2, 21
2, 572, 54289, 8208130, 9225369
1, 572, 54264, 8827493, 9846261
4, 2, 21
2, 572, 50413, 9225369, 10229839
1, 572, 50388, 9846261, 10849481
5, 2, 21
2, 572, 55581, 10229839, 11237997
1, 572, 55556, 10849481, 11860221
6, 2, 21
2, 572, 51705, 11237997, 12256316
1, 572, 51680, 11860221, 12878883
7, 2, 21
2, 572, 46537, 12256316, 13279565
1, 572, 46512, 12878883, 13899941
8, 2, 21
2, 572, 59457, 13279565, 14296268
1, 572, 59432, 13899941, 14918383
9, 2, 21
2, 572, 112429, 14296268, 16297150
1, 572, 112404, 14918383, 16919794
10, 2, 21
2, 572, 232585, 16297150, 20406882
1, 572, 232560, 16919794, 21029134
11, 2, 21
2, 572, 45245, 20406882, 21416119
1, 572, 45220, 21029134, 22036161
12, 2, 21
2, 572, 36201, 21416119, 22427236
1, 572, 36176, 22036161, 23050523
13, 2, 21
2, 572, 60749, 22427236, 23434810
1, 572, 60724, 23050523, 24057350
14, 2, 21
2, 572, 51705, 23434810, 24454485
1, 572, 51680, 24057350, 25076813
15, 2, 21
2, 572, 34909, 24454485, 25480727
1, 572, 34884, 25076813, 26102691
16, 2, 21
2, 572, 46537, 25480727, 26493654
1, 572, 46512, 26102691, 27115247
17, 2, 21
2, 572, 218373, 26493654, 31644882
1, 572, 218348, 27115247, 32267590
18, 2, 21
2, 572, 41369, 31644882, 32667104
1, 572, 41344, 32267590, 33288790
19, 2, 21
2, 572, 54289, 32667104, 33673636
1, 572, 54264, 33288790, 34296372
20, 2, 21
2, 572, 136977, 33673636, 36742688
1, 572, 136952, 34296372, 37364691
21, 2, 21
2, 572, 147313, 36742688, 40779989
1, 572, 147288, 37364691, 41402188
22, 2, 21
2, 572, 46537, 40779989, 41790611
1, 572, 46512, 41402188, 42412965
23, 2, 21
2, 572, 52997, 41790611, 42815154
1, 572, 52972, 42412965, 43437361
24, 2, 21
2, 572, 60749, 42815154, 43819382
1, 572, 60724, 43437361, 44441610
25, 2, 21
2, 572, 107261, 43819382, 45831985
1, 572, 107236, 44441610, 46454414
26, 2, 21
2, 572, 34909, 45831985, 46837841
1, 572, 34884, 46454414, 47461414
27, 2, 21
2, 572, 45245, 46837841, 47843465
1, 572, 45220, 47461414, 48466850
28, 2, 21
2, 572, 58165, 47843465, 48852485
1, 572, 58140, 48466850, 49475262
29, 2, 21
2, 572, 58165, 48852485, 49868955
1, 572, 58140, 49475262, 50491792
30, 2, 21
2, 572, 116305, 49868955, 51905404
1, 572, 116280, 50491792, 52527686
31, 2, 21
2, 572, 107261, 51905404, 53909748
1, 572, 107236, 52527686, 54531587
32, 2, 21
2, 572, 62041, 53909748, 54918073
1, 572, 62016, 54531587, 55539157
33, 2, 21
2, 572, 62041, 54918073, 55932484
1, 572, 62016, 55539157, 56553553
34, 2, 21
2, 572, 400545, 55932484, 63117950
1, 572, 400520, 56553553, 63739800
35, 2, 21
2, 572, 45245, 63117950, 64126815
1, 572, 45220, 63739800, 64748471
