0, 2, 21
2, 289, 11487, 3906237, 4923348
1, 289, 11462, 4464447, 5476826
1, 2, 21
2, 289, 10445, 4923348, 5933810
1, 289, 10420, 5476826, 6485537
2, 2, 21
2, 289, 10445, 5933810, 6955323
1, 289, 10420, 6485537, 7509108
3, 2, 21
2, 289, 10445, 6955323, 8000283
1, 289, 10420, 7509108, 8554035
4, 2, 21
2, 289, 10445, 8000283, 9031847
1, 289, 10420, 8554035, 9588422
5, 2, 21
2, 289, 10445, 9031847, 10060592
1, 289, 10420, 9588422, 10617426
6, 2, 21
2, 289, 10445, 10060592, 11093838
1, 289, 10420, 10617426, 11646224
7, 2, 21
2, 289, 10445, 11093838, 12104102
1, 289, 10420, 11646224, 12656019
8, 2, 21
2, 289, 10445, 12104102, 13117020
1, 289, 10420, 12656019, 13670999
9, 2, 21
2, 289, 10445, 13117020, 14136827
1, 289, 10420, 13670999, 14692386
10, 2, 21
2, 289, 10445, 14136827, 15161586
1, 289, 10420, 14692386, 15716770
11, 2, 21
2, 289, 10445, 15161586, 16173992
1, 289, 10420, 15716770, 16728796
12, 2, 21
2, 289, 10445, 16173992, 17186974
1, 289, 10420, 16728796, 17741474
13, 2, 21
2, 289, 10445, 17186974, 18198839
1, 289, 10420, 17741474, 18754415
14, 2, 21
2, 289, 10445, 18198839, 19208568
1, 289, 10420, 18754415, 19760926
15, 2, 21
2, 289, 10445, 19208568, 20212183
1, 289, 10420, 19760926, 20765041
16, 2, 21
2, 289, 10445, 20212183, 21240846
1, 289, 10420, 20765041, 21795010
17, 2, 21
2, 289, 10445, 21240846, 22269410
1, 289, 10420, 21795010, 22821569
18, 2, 21
2, 289, 10445, 22269410, 23283753
1, 289, 10420, 22821569, 23836522
19, 2, 21
2, 289, 10445, 23283753, 24289696
1, 289, 10420, 23836522, 24842109
20, 2, 21
2, 768, 11487, 23913954, 24925664
1, 768, 11462, 24467456, 25479328
21, 2, 21
2, 289, 10445, 24289696, 25297903
1, 289, 10420, 24842109, 25852023
22, 2, 21
2, 768, 10445, 24925664, 25958535
1, 768, 10420, 25479328, 26512688
23, 2, 21
2, 289, 10445, 25297903, 26302801
1, 289, 10420, 25852023, 26856307
24, 2, 21
2, 768, 10445, 25958535, 26971481
1, 768, 10420, 26512688, 27524914
25, 2, 21
2, 289, 10445, 26302801, 27312583
1, 289, 10420, 26856307, 27866191
26, 2, 21
2, 768, 10445, 26971481, 28010466
1, 768, 10420, 27524914, 28563000
27, 2, 21
2, 289, 10445, 27312583, 28318493
1, 289, 10420, 27866191, 28871692
28, 2, 21
2, 768, 10445, 28010466, 29034394
1, 768, 10420, 28563000, 29586612
29, 2, 21
2, 289, 10445, 28318493, 29337469
1, 289, 10420, 28871692, 29888272
30, 2, 21
2, 768, 10445, 29034394, 30036595
1, 768, 10420, 29586612, 30592029
31, 2, 21
2, 289, 10445, 29337469, 30351865
1, 289, 10420, 29888272, 30904755
32, 2, 21
2, 768, 10445, 30036595, 31128823
1, 768, 10420, 30592029, 31676058
33, 2, 21
2, 289, 10445, 30351865, 31429317
1, 289, 10420, 30904755, 31980614
34, 2, 21
2, 768, 10445, 31128823, 32139132
1, 768, 10420, 31676058, 32688979
35, 2, 21
2, 289, 10445, 31429317, 32456946
1, 289, 10420, 31980614, 32994514
36, 2, 21
2, 768, 10445, 32139132, 33150459
1, 768, 10420, 32688979, 33700700
37, 2, 21
2, 289, 10445, 32456946, 33450883
1, 289, 10420, 32994514, 33997809
38, 2, 21
2, 768, 10445, 33150459, 34152973
1, 768, 10420, 33700700, 34705731
39, 2, 21
2, 289, 10445, 33450883, 34461164
1, 289, 10420, 33997809, 35011827
40, 2, 21
2, 768, 10445, 34152973, 35188271
1, 768, 10420, 34705731, 35740330
41, 2, 21
2, 289, 10445, 34461164, 35500867
1, 289, 10420, 35011827, 36053342
42, 2, 21
2, 768, 10445, 35188271, 36214848
1, 768, 10420, 35740330, 36763139
43, 2, 21
2, 289, 10445, 35500867, 36508444
1, 289, 10420, 36053342, 37058944
44, 2, 21
2, 768, 10445, 36214848, 37216466
1, 768, 10420, 36763139, 37765170
45, 2, 21
2, 289, 10445, 36508444, 37520029
1, 289, 10420, 37058944, 38071136
46, 2, 21
2, 768, 10445, 37216466, 38233655
1, 768, 10420, 37765170, 38785077
47, 2, 21
2, 289, 10445, 37520029, 38539573
1, 289, 10420, 38071136, 39091036
48, 2, 21
2, 768, 10445, 38233655, 39250400
1, 768, 10420, 38785077, 39798346
49, 2, 21
2, 289, 10445, 38539573, 39555729
1, 289, 10420, 39091036, 40098991
50, 2, 21
2, 768, 10445, 39250400, 40252349
1, 768, 10420, 39798346, 40804965
51, 2, 21
2, 289, 10445, 39555729, 40557690
1, 289, 10420, 40098991, 41109288
52, 2, 21
2, 768, 10445, 40252349, 41263655
1, 768, 10420, 40804965, 41813815
53, 2, 21
2, 289, 10445, 40557690, 41570018
1, 289, 10420, 41109288, 42121799
54, 2, 21
2, 768, 10445, 41263655, 42283115
1, 768, 10420, 41813815, 42832006
55, 2, 21
2, 289, 10445, 41570018, 42593760
1, 289, 10420, 42121799, 43142673
56, 2, 21
2, 768, 10445, 42283115, 43288337
1, 768, 10420, 42832006, 43839662
57, 2, 21
2, 289, 10445, 42593760, 43597305
1, 289, 10420, 43142673, 44147256
58, 2, 21
2, 768, 10445, 43288337, 44297334
1, 768, 10420, 43839662, 44845919
59, 2, 21
2, 289, 10445, 43597305, 44599008
1, 289, 10420, 44147256, 45151691
60, 2, 21
2, 580, 11487, 43937070, 44953490
1, 580, 11462, 44492071, 45507378
61, 2, 21
2, 768, 10445, 44297334, 45300046
1, 768, 10420, 44845919, 45852385
62, 2, 21
2, 289, 10445, 44599008, 45602490
1, 289, 10420, 45151691, 46153024
63, 2, 21
2, 580, 10445, 44953490, 45989788
1, 580, 10420, 45507378, 46546493
64, 2, 21
2, 768, 10445, 45300046, 46309259
1, 768, 10420, 45852385, 46862329
65, 2, 21
2, 289, 10445, 45602490, 46612898
1, 289, 10420, 46153024, 47160808
66, 2, 21
2, 580, 10445, 45989788, 47008837
1, 580, 10420, 46546493, 47560029
67, 2, 21
2, 768, 10445, 46309259, 47316307
1, 768, 10420, 46862329, 47869078
68, 2, 21
2, 289, 10445, 46612898, 47618704
1, 289, 10420, 47160808, 48171177
69, 2, 21
2, 580, 10445, 47008837, 48020225
1, 580, 10420, 47560029, 48567817
70, 2, 21
2, 768, 10445, 47316307, 48340379
1, 768, 10420, 47869078, 48893075
71, 2, 21
2, 289, 10445, 47618704, 48639376
1, 289, 10420, 48171177, 49189060
72, 2, 21
2, 580, 10445, 48020225, 49032610
1, 580, 10420, 48567817, 49585266
73, 2, 21
2, 768, 1067, 49342420, 49430999
1, 768, 11462, 48893075, 49988735
74, 2, 21
2, 289, 10445, 48639376, 49636805
1, 289, 10420, 49189060, 50189074
75, 2, 21
2, 580, 10445, 49032610, 50044346
1, 580, 10420, 49585266, 50595946
76, 2, 21
2, 768, 10445, 49430999, 50449198
1, 768, 10420, 49988735, 51004303
77, 2, 21
2, 289, 10445, 49636805, 50648144
1, 289, 10420, 50189074, 51195344
78, 2, 21
2, 580, 10445, 50044346, 51058916
1, 580, 10420, 50595946, 51608475
79, 2, 21
2, 768, 10445, 50449198, 51461891
1, 768, 10420, 51004303, 52008697
80, 2, 21
2, 289, 10445, 50648144, 51659518
1, 289, 10420, 51195344, 52209486
81, 2, 21
2, 580, 10445, 51058916, 52065106
1, 580, 10420, 51608475, 52620466
82, 2, 21
2, 768, 10445, 51461891, 52463401
1, 768, 10420, 52008697, 53018893
83, 2, 21
2, 289, 10445, 51659518, 52674607
1, 289, 10420, 52209486, 53218700
84, 2, 21
2, 580, 10445, 52065106, 53072063
1, 580, 10420, 52620466, 53622130
85, 2, 21
2, 768, 10445, 52463401, 53481264
1, 768, 10420, 53018893, 54031950
86, 2, 21
2, 289, 10445, 52674607, 53680781
1, 289, 10420, 53218700, 54235207
87, 2, 21
2, 580, 10445, 53072063, 54081476
1, 580, 10420, 53622130, 54634040
88, 2, 21
2, 768, 1067, 54482350, 54576579
1, 768, 11462, 54031950, 55130640
89, 2, 21
2, 289, 10445, 53680781, 54690004
1, 289, 10420, 54235207, 55240015
90, 2, 21
2, 580, 10445, 54081476, 55108508
1, 580, 10420, 54634040, 55655206
91, 2, 21
2, 768, 10445, 54576579, 55618527
1, 768, 10420, 55130640, 56170257
92, 2, 21
2, 289, 10445, 54690004, 55710851
1, 289, 10420, 55240015, 56260893
93, 2, 21
2, 580, 10445, 55108508, 56128525
1, 580, 10420, 55655206, 56678108
94, 2, 21
2, 768, 10445, 55618527, 56628241
1, 768, 10420, 56170257, 57179068
95, 2, 21
2, 289, 10445, 55710851, 56725559
1, 289, 10420, 56260893, 57276498
96, 2, 21
2, 580, 10445, 56128525, 57147407
1, 580, 10420, 56678108, 57704273
97, 2, 21
2, 768, 10445, 56628241, 57666718
1, 768, 10420, 57179068, 58215923
98, 2, 21
2, 289, 10445, 56725559, 57767992
1, 289, 10420, 57276498, 58313413
99, 2, 21
2, 580, 10445, 57147407, 58179968
1, 580, 10420, 57704273, 58728689
100, 2, 21
2, 768, 10445, 57666718, 58706738
1, 768, 10420, 58215923, 59260104
101, 2, 21
2, 289, 10445, 57767992, 58816126
1, 289, 10420, 58313413, 59368941
102, 2, 21
2, 580, 10445, 58179968, 59212177
1, 580, 10420, 58728689, 59765603
103, 2, 21
2, 768, 10445, 58706738, 59709039
1, 768, 10420, 59260104, 60264866
104, 2, 21
2, 289, 1067, 59816985, 59916316
1, 289, 11462, 59368941, 60464379
105, 2, 21
2, 580, 10445, 59212177, 60221416
1, 580, 10420, 59765603, 60770114
106, 2, 21
2, 768, 10445, 59709039, 60736823
1, 768, 10420, 60264866, 61284549
107, 2, 21
2, 289, 10445, 59916316, 60934770
1, 289, 10420, 60464379, 61487176
108, 2, 21
2, 580, 10445, 60221416, 61229778
1, 580, 10420, 60770114, 61780574
109, 2, 21
2, 768, 10445, 60736823, 61744737
1, 768, 10420, 61284549, 62295317
110, 2, 21
2, 289, 10445, 60934770, 61941893
1, 289, 10420, 61487176, 62495245
111, 2, 21
2, 580, 10445, 61229778, 62240357
1, 580, 10420, 61780574, 62786699
112, 2, 21
2, 768, 10445, 61744737, 62763856
1, 768, 10420, 62295317, 63318838
113, 2, 21
2, 289, 10445, 61941893, 62978140
1, 289, 10420, 62495245, 63526243
114, 2, 21
2, 580, 10445, 62240357, 63284412
1, 580, 10420, 62786699, 63836055
115, 2, 21
2, 768, 10445, 62763856, 63785260
1, 768, 10420, 63318838, 64333331
116, 2, 21
2, 289, 10445, 62978140, 63992627
1, 289, 10420, 63526243, 64545409
117, 2, 21
2, 768, 10445, 63785260, 64794128
1, 768, 10420, 64333331, 65345085
118, 2, 21
2, 289, 10445, 63992627, 64992873
1, 289, 10420, 64545409, 65546199
119, 2, 21
2, 768, 10445, 64794128, 65806099
1, 768, 10420, 65345085, 66356082
120, 2, 21
2, 289, 10445, 64992873, 66001181
1, 289, 10420, 65546199, 66556990
121, 2, 21
2, 768, 10445, 65806099, 66810688
1, 768, 10420, 66356082, 67362249
122, 2, 21
2, 289, 10445, 66001181, 67015910
1, 289, 10420, 66556990, 67566023
123, 2, 21
2, 768, 10445, 66810688, 67821169
1, 768, 10420, 67362249, 68376159
124, 2, 21
2, 289, 10445, 67015910, 68024702
1, 289, 10420, 67566023, 68579270
125, 2, 21
2, 768, 10445, 67821169, 68856019
1, 768, 10420, 68376159, 69403898
