0, 2, 21
2, 752, 1442025, 4561463, 7846051
1, 752, 1442004, 5089327, 8372779
1, 2, 21
2, 752, 1442025, 7846051, 11300280
1, 752, 1442004, 8372779, 11828153
2, 2, 21
2, 752, 1442025, 11300280, 14857177
1, 752, 1442004, 11828153, 15384225
3, 2, 21
2, 752, 1442025, 14857177, 18191408
1, 752, 1442004, 15384225, 18719183
4, 2, 21
2, 752, 1442025, 18191408, 21576132
1, 752, 1442004, 18719183, 22103680
5, 2, 21
2, 752, 1442025, 21576132, 24951286
1, 752, 1442004, 22103680, 25479141
6, 2, 21
2, 752, 1442025, 24951286, 28408906
1, 752, 1442004, 25479141, 28936279
7, 2, 21
2, 752, 1442025, 28408906, 31822676
1, 752, 1442004, 28936279, 32349371
8, 2, 21
2, 752, 1442025, 31822676, 35300085
1, 752, 1442004, 32349371, 35827690
9, 2, 21
2, 752, 1442025, 35300085, 38735693
1, 752, 1442004, 35827690, 39263129
10, 2, 21
2, 752, 1442025, 38735693, 42093240
1, 752, 1442004, 39263129, 42621163
11, 2, 21
2, 752, 1442025, 42093240, 45449698
1, 752, 1442004, 42621163, 45977508
12, 2, 21
2, 752, 1442025, 45449698, 48793642
1, 752, 1442004, 45977508, 49321409
13, 2, 21
2, 752, 1442025, 48793642, 52241528
1, 752, 1442004, 49321409, 52768592
14, 2, 21
2, 752, 1442025, 52241528, 55520191
1, 752, 1442004, 52768592, 56047079
15, 2, 21
2, 752, 1444909, 55520191, 58911705
1, 752, 1442004, 56047079, 59434302
16, 2, 21
2, 752, 1439141, 58911705, 62359112
1, 752, 1442004, 59434302, 62886965
