0, 2, 21
2, 752, 1750613, 4571506, 8570423
1, 752, 1750588, 5092365, 9093396
1, 2, 21
2, 752, 1700143, 8570423, 12572561
1, 752, 1700118, 9093396, 13095480
2, 2, 21
2, 752, 1788105, 12572561, 16576415
1, 752, 1788080, 13095480, 17099542
3, 2, 21
2, 752, 1467, 20577510, 20579683
1, 752, 1733284, 17099542, 21101501
4, 2, 21
2, 752, 1798199, 20579683, 24580106
1, 752, 1798174, 21101501, 25103069
5, 2, 21
2, 752, 1776569, 24580106, 28579956
1, 752, 1776544, 25103069, 29103113
6, 2, 21
2, 752, 1754939, 28579956, 32580477
1, 752, 1754914, 29103113, 33103441
7, 2, 21
2, 752, 1467, 36580588, 36583613
1, 752, 1739052, 33103441, 37105176
8, 2, 21
2, 752, 1789547, 36583613, 40585351
1, 752, 1789522, 37105176, 41107666
9, 2, 21
2, 752, 1762149, 40585351, 44585355
1, 752, 1762124, 41107666, 45108594
10, 2, 21
2, 752, 1734751, 44585355, 48587392
1, 752, 1734726, 45108594, 49110495
11, 2, 21
2, 752, 1828481, 48587392, 52589379
1, 752, 1828456, 49110495, 53112396
12, 2, 21
2, 752, 1825597, 52589379, 56591673
1, 752, 1825572, 53112396, 57114760
13, 2, 21
2, 752, 1782337, 56591673, 60592815
1, 752, 1782312, 57114760, 61115943
