0, 2, 21
2, 102382, 4545443, 5552153
1, 102382, 5111474, 6120699
1, 2, 21
2, 111034, 5552153, 6553057
1, 111034, 6120699, 7121972
2, 1, 21
2, 112476, 6553057, 7565853
3, 2, 21
2, 109592, 7565853, 14667506
1, 222068, 7121972, 15236784
4, 2, 21
2, 113918, 14667506, 15678099
1, 113918, 15236784, 16247576
5, 1, 21
2, 125454, 15678099, 16678650
6, 1, 21
1, 112476, 16247576, 17257230
7, 1, 21
3, 141316, 16040322, 17041119
8, 1, 21
2, 243748, 16678650, 17684602
9, 1, 21
3, 138432, 17041119, 18046214
10, 1, 21
2, 269679, 17684602, 18686472
11, 1, 21
1, 235046, 17257230, 19264994
12, 1, 21
3, 149968, 18046214, 19051745
13, 1, 21
2, 408136, 18686472, 19691531
14, 1, 21
1, 261002, 19264994, 20269864
15, 1, 21
3, 118244, 19051745, 20058625
16, 1, 21
2, 317290, 19691531, 20693321
17, 1, 21
1, 207648, 20269864, 21276822
18, 1, 21
2, 389365, 20693321, 21696757
19, 1, 21
1, 255234, 21276822, 22285327
20, 1, 21
2, 204789, 21696757, 22697523
21, 1, 21
1, 204764, 22285327, 23290928
22, 1, 21
2, 222093, 22697523, 23702486
23, 1, 21
1, 222068, 23290928, 24292442
24, 1, 21
2, 258143, 23702486, 24705763
25, 1, 21
1, 258118, 24292442, 25293958
26, 1, 21
1, 262444, 25293958, 26294441
27, 1, 21
2, 522054, 24705763, 26708185
28, 1, 21
3, 139874, 20058625, 26976407
29, 1, 21
2, 292751, 26708185, 27717863
30, 1, 21
3, 134106, 26976407, 27985795
31, 1, 21
2, 376387, 27717863, 28719748
32, 1, 21
3, 148526, 27985795, 28992587
33, 1, 21
3, 149968, 28992587, 29999726
34, 1, 21
2, 666254, 28719748, 30720523
35, 1, 21
1, 1143506, 26294441, 31374995
36, 1, 21
3, 148526, 29999726, 31002314
37, 1, 21
2, 265378, 30720523, 31722564
38, 2, 21
2, 167272, 31722564, 32908607
1, 203322, 31374995, 33476702
39, 1, 21
2, 66332, 32908607, 33909773
40, 1, 21
3, 96614, 31002314, 33902062
41, 2, 21
2, 255259, 33909773, 34910865
1, 164388, 33476702, 35479821
42, 1, 21
3, 250908, 33902062, 34903125
43, 1, 21
2, 323033, 34910865, 35912501
44, 1, 21
3, 325892, 34903125, 35903854
45, 1, 21
2, 441277, 35912501, 36913189
46, 1, 21
1, 203322, 35479821, 37492035
47, 1, 21
3, 302820, 35903854, 36905181
48, 1, 21
2, 274030, 36913189, 37926674
49, 1, 21
2, 96614, 37926674, 38933000
50, 1, 21
3, 2884, 36905181, 39130567
51, 1, 21
2, 180275, 38933000, 39937926
52, 1, 21
3, 294168, 39130567, 40132989
53, 1, 21
2, 410995, 39937926, 40939377
54, 1, 21
3, 620060, 40132989, 42133009
55, 1, 21
2, 758517, 40939377, 42943944
56, 1, 21
2, 89404, 42943944, 43954875
57, 1, 21
1, 728210, 37492035, 44536769
58, 1, 21
1, 77868, 44536769, 45546858
59, 1, 21
2, 191836, 43954875, 45961198
60, 1, 21
1, 115360, 45546858, 46555436
61, 1, 21
2, 118269, 45961198, 46966014
62, 1, 21
1, 204764, 46555436, 48558905
63, 1, 21
1, 173040, 48558905, 50563231
64, 1, 21
1, 119686, 50563231, 51573921
65, 1, 21
1, 118244, 51573921, 52580384
66, 1, 21
3, 4326, 42133009, 51891108
67, 1, 21
2, 809087, 46966014, 53025070
68, 1, 21
3, 343196, 51891108, 52894890
69, 1, 21
2, 481653, 53025070, 54025916
70, 1, 21
2, 462882, 54025916, 55026707
71, 1, 21
3, 702254, 52894890, 54895036
72, 1, 21
2, 912811, 55026707, 57026833
73, 1, 21
2, 269654, 57026833, 58030157
74, 1, 21
2, 111034, 58030157, 59033373
75, 1, 21
2, 113918, 59033373, 60042865
76, 1, 21
1, 1149274, 52580384, 62585473
