0, 2, 21
2, 72100, 5109385, 5854894
1, 72104, 6437185, 7185593
1, 2, 21
2, 144200, 5854894, 7152559
1, 144204, 7185593, 8483029
2, 2, 21
2, 144200, 7152559, 8438732
1, 144204, 8483029, 9769429
3, 2, 21
2, 217742, 8438732, 16499862
1, 217746, 9769429, 17830310
4, 2, 21
2, 85078, 16499862, 17158009
1, 72104, 17830310, 18488511
5, 2, 21
2, 82194, 17158009, 17468250
1, 36054, 18488511, 18798788
6, 2, 21
2, 43260, 17468250, 17628657
1, 18750, 18798788, 18959179
7, 2, 21
2, 23072, 17628657, 17717157
1, 10098, 18959179, 19046911
8, 2, 21
2, 331660, 17717157, 19119105
1, 144204, 19046911, 20449547
9, 2, 21
2, 269654, 19119105, 19784332
1, 171602, 20449547, 21114629
10, 2, 21
2, 135548, 19784332, 20105701
1, 86524, 21114629, 21436037
11, 2, 21
2, 69216, 20105701, 20274039
1, 43264, 21436037, 21604387
12, 2, 21
2, 497490, 20274039, 21721419
1, 321570, 21604387, 23052206
13, 2, 21
2, 217742, 21721419, 22363528
1, 164392, 23052206, 23694286
14, 2, 21
2, 90846, 22363528, 22807085
1, 90850, 23694286, 24135443
15, 2, 21
2, 43260, 22807085, 22979583
1, 43264, 24135443, 24307837
16, 2, 21
2, 17304, 22979583, 23076265
1, 17308, 24307837, 24403499
17, 2, 21
2, 334544, 23076265, 24559210
1, 334548, 24403499, 25887148
18, 2, 21
2, 330218, 24559210, 25778288
1, 330222, 25887148, 27108292
19, 2, 21
2, 162946, 25778288, 26395520
1, 162950, 27108292, 27725836
20, 2, 21
2, 328776, 26395520, 27640719
1, 328780, 27725836, 28969044
21, 2, 21
2, 448462, 27640719, 28945989
1, 323012, 28969044, 30275376
22, 2, 21
2, 255234, 28945989, 29581250
1, 161508, 30275376, 30911477
23, 2, 21
2, 122570, 29581250, 29890133
1, 80756, 30911477, 31219637
24, 2, 21
2, 361942, 29890133, 31106326
1, 181696, 31219637, 32436237
25, 2, 21
2, 162946, 31106326, 31718045
1, 72104, 32436237, 33047873
26, 2, 21
2, 80752, 31718045, 32023407
1, 36054, 33047873, 33353466
27, 2, 21
2, 245140, 32023407, 33882814
1, 144204, 33353466, 35213432
28, 2, 21
2, 72100, 33882814, 34831801
1, 72104, 35213432, 36161788
29, 2, 21
2, 98056, 34831801, 35138975
1, 36054, 36161788, 36468322
30, 2, 21
2, 77868, 35138975, 35308412
1, 18750, 36468322, 36638304
31, 2, 21
2, 40376, 35308412, 35393286
1, 10098, 36638304, 36723738
32, 2, 21
2, 15862, 35393286, 35441555
1, 5772, 36723738, 36772053
33, 2, 21
2, 549402, 35441555, 36926251
1, 144204, 36772053, 38256755
34, 2, 21
2, 263886, 36926251, 37577708
1, 72104, 38256755, 38908240
35, 2, 21
2, 139874, 37577708, 37905221
1, 36054, 38908240, 39235268
36, 2, 21
2, 161504, 37905221, 39354310
1, 144204, 39235268, 40684922
37, 2, 21
2, 72100, 39354310, 39975440
1, 72104, 40684922, 41306057
38, 2, 21
2, 520562, 39975440, 41419012
1, 144204, 41306057, 42749525
39, 2, 21
2, 262444, 41419012, 42088039
1, 72104, 42749525, 43417911
40, 2, 21
2, 135548, 42088039, 42399863
1, 36054, 43417911, 43730324
41, 2, 21
2, 72100, 42399863, 42560574
1, 18750, 43730324, 43891034
42, 2, 21
2, 338870, 42560574, 43959171
1, 144204, 43891034, 45289715
43, 2, 21
2, 72100, 43959171, 44910551
1, 72104, 45289715, 46240585
44, 2, 21
2, 36050, 44910551, 45362498
1, 36054, 46240585, 46692593
45, 2, 21
2, 144200, 45362498, 46622530
1, 144204, 46692593, 47952467
46, 2, 21
2, 72100, 46622530, 47225533
1, 72104, 47952467, 48555399
47, 2, 21
2, 144200, 47225533, 48814418
1, 144204, 48555399, 50144318
48, 2, 21
2, 144200, 48814418, 50478767
1, 144204, 50144318, 51808664
49, 2, 21
2, 144200, 50478767, 51697422
1, 144204, 51808664, 53028089
50, 2, 21
2, 72100, 51697422, 52307633
1, 72104, 53028089, 53638253
51, 2, 21
2, 343196, 52307633, 53544822
1, 144204, 53638253, 54875273
52, 2, 21
2, 294168, 53544822, 54149487
1, 72104, 54875273, 55479878
53, 2, 21
2, 148526, 54149487, 54455778
1, 36054, 55479878, 55786237
54, 2, 21
2, 568148, 54455778, 55688749
1, 144204, 55786237, 57019277
55, 2, 21
2, 555170, 55688749, 56900970
1, 144204, 57019277, 58230729
56, 2, 21
2, 501816, 56900970, 58125419
1, 144204, 58230729, 59455914
57, 2, 21
2, 144200, 58125419, 59432339
1, 144204, 59455914, 60763118
58, 2, 21
2, 72100, 59432339, 60076037
1, 72104, 60763118, 61406663
59, 2, 21
2, 144200, 60076037, 61327819
1, 144204, 61406663, 62658622
60, 2, 21
2, 144200, 61327819, 62689723
1, 144204, 62658622, 64020505
61, 2, 21
2, 144200, 62689723, 64018885
1, 144204, 64020505, 65349687
