0, 2, 21
2, 102382, 4623700, 5629381
1, 102382, 5203444, 6211723
1, 2, 21
2, 111034, 5629381, 6629609
1, 111034, 6211723, 7211986
2, 2, 21
2, 112476, 6629609, 7642979
1, 112476, 7211986, 8224922
3, 2, 21
2, 109592, 7642979, 14744395
1, 109592, 8224922, 15326589
4, 2, 21
2, 113918, 14744395, 15753673
1, 113918, 15326589, 16336015
5, 1, 21
2, 142758, 15753673, 16761782
6, 1, 21
1, 112476, 16336015, 17345947
7, 1, 21
3, 141316, 15982067, 16983897
8, 1, 21
2, 237980, 16761782, 17765280
9, 1, 21
1, 112476, 17345947, 18404947
10, 1, 21
3, 138432, 16983897, 17992142
11, 1, 21
2, 278356, 17765280, 18768541
12, 1, 21
1, 141316, 18404947, 19410020
13, 1, 21
3, 149968, 17992142, 18998645
14, 1, 21
2, 412462, 18768541, 19772587
15, 1, 21
1, 261002, 19410020, 20412023
16, 1, 21
3, 118244, 18998645, 20006480
17, 1, 21
2, 314406, 19772587, 20776933
18, 1, 21
1, 201880, 20412023, 21415943
19, 1, 21
2, 377829, 20776933, 21781700
20, 1, 21
1, 265328, 21415943, 22427878
21, 1, 21
2, 200463, 21781700, 22788467
22, 1, 21
1, 200438, 22427878, 23430710
23, 1, 21
2, 230745, 22788467, 23788934
24, 1, 21
1, 232162, 23430710, 24433775
25, 1, 21
2, 261027, 23788934, 24792807
26, 1, 21
1, 261002, 24433775, 25434253
27, 1, 21
2, 271121, 24792807, 25796206
28, 1, 21
1, 269654, 25434253, 26435234
29, 1, 21
2, 263911, 25796206, 26803499
30, 1, 21
1, 265328, 26435234, 27444765
31, 1, 21
3, 139874, 20006480, 26924768
32, 1, 21
2, 304312, 26803499, 27807204
33, 1, 21
1, 259560, 27444765, 28449330
34, 1, 21
3, 134106, 26924768, 27934620
35, 1, 21
2, 380738, 27807204, 28809828
36, 1, 21
1, 243698, 28449330, 29449740
37, 1, 21
3, 148526, 27934620, 28941365
38, 1, 21
2, 389390, 28809828, 29812564
39, 1, 21
1, 235046, 29449740, 30451359
40, 1, 21
3, 149968, 28941365, 29948599
41, 1, 21
2, 266820, 29812564, 30815748
42, 1, 21
1, 119686, 30451359, 31463175
43, 1, 21
3, 148526, 29948599, 30951010
44, 1, 21
2, 262494, 30815748, 31815758
45, 1, 21
1, 118244, 31463175, 32463349
46, 1, 21
2, 132689, 31815758, 32824963
47, 1, 21
1, 72100, 32463349, 33470244
48, 1, 21
2, 66357, 32824963, 33828201
49, 1, 21
1, 67774, 33470244, 34475775
50, 1, 21
3, 96614, 30951010, 33850430
51, 1, 21
2, 236538, 33828201, 34829362
52, 1, 21
1, 99498, 34475775, 35484324
53, 1, 21
3, 250908, 33850430, 34851627
54, 1, 21
2, 321616, 34829362, 35831464
55, 1, 21
1, 87962, 35484324, 36489247
56, 1, 21
3, 325892, 34851627, 35852657
57, 1, 21
2, 444186, 35831464, 36836015
58, 1, 21
1, 115360, 36489247, 37506097
59, 1, 21
3, 302820, 35852657, 36853749
60, 1, 21
2, 291334, 36836015, 37844283
61, 1, 21
1, 109592, 37506097, 38507604
62, 1, 21
2, 96639, 37844283, 38851437
63, 1, 21
1, 96614, 38507604, 39509293
64, 1, 21
3, 2884, 36853749, 39079135
65, 1, 21
2, 168764, 38851437, 39855795
66, 1, 21
1, 102382, 39509293, 40513168
67, 1, 21
3, 294168, 39079135, 40081692
68, 1, 21
2, 402368, 39855795, 40858371
69, 1, 21
1, 108150, 40513168, 41522077
70, 1, 21
3, 302820, 40081692, 41085340
71, 1, 21
2, 411020, 40858371, 41858802
72, 1, 21
1, 111034, 41522077, 42527653
73, 1, 21
3, 320124, 41085340, 42089019
74, 1, 21
2, 367760, 41858802, 42862412
75, 1, 21
1, 109592, 42527653, 43529645
76, 1, 21
2, 89429, 42862412, 43873632
77, 1, 21
1, 89404, 43529645, 44560132
78, 1, 21
2, 77893, 43873632, 44883982
79, 1, 21
1, 80752, 44560132, 45572705
80, 1, 21
2, 115385, 44883982, 45892454
81, 1, 21
1, 116802, 45572705, 46584258
82, 1, 21
2, 118269, 45892454, 46899047
83, 1, 21
1, 116802, 46584258, 47612595
84, 1, 21
2, 87987, 46899047, 47908638
85, 1, 21
1, 89404, 47612595, 48630031
86, 1, 21
2, 80777, 47908638, 48922141
87, 1, 21
1, 80752, 48630031, 49630314
88, 1, 21
2, 93755, 48922141, 49924481
89, 1, 21
1, 95172, 49630314, 50631770
90, 1, 21
2, 119711, 49924481, 50936082
91, 1, 21
1, 119686, 50631770, 51640193
92, 1, 21
2, 118269, 50936082, 51943986
93, 1, 21
1, 118244, 51640193, 52649794
94, 1, 21
3, 1442, 42089019, 51838989
95, 1, 21
2, 289892, 51943986, 52944317
96, 1, 21
1, 118244, 52649794, 53660961
97, 1, 21
3, 341754, 51838989, 52839265
98, 1, 21
2, 483120, 52944317, 53947448
99, 1, 21
1, 119686, 53660961, 54667599
100, 1, 21
3, 356174, 52839265, 53840979
101, 1, 21
2, 461490, 53947448, 54949435
102, 1, 21
1, 116802, 54667599, 55673504
103, 1, 21
3, 347522, 53840979, 54843014
104, 1, 21
2, 464374, 54949435, 55949594
105, 1, 21
1, 119686, 55673504, 56676931
106, 1, 21
3, 337428, 54843014, 55844747
107, 1, 21
2, 447070, 55949594, 56950016
108, 1, 21
1, 118244, 56676931, 57678805
109, 1, 21
3, 341754, 55844747, 56848213
110, 1, 21
2, 288450, 56950016, 57950948
111, 1, 21
1, 113918, 57678805, 58679494
112, 1, 21
2, 111059, 57950948, 58954018
113, 1, 21
1, 111034, 58679494, 59682165
114, 1, 21
2, 113943, 58954018, 59964155
115, 1, 21
1, 115360, 59682165, 60692893
116, 1, 21
2, 115385, 59964155, 60967431
117, 1, 21
1, 115360, 60692893, 61706133
118, 1, 21
2, 106733, 60967431, 61976565
119, 1, 21
1, 105266, 61706133, 62713329
120, 1, 21
2, 106733, 61976565, 62980308
121, 1, 21
1, 108150, 62713329, 63715567
122, 1, 21
2, 112501, 62980308, 63990805
123, 1, 21
1, 111034, 63715567, 64716625
