0, 2, 21
2, 27398, 5614550, 5869177
1, 27398, 6190727, 6445142
1, 2, 21
2, 34608, 5869177, 6257261
1, 34608, 6445142, 6833260
2, 2, 21
2, 27398, 6257261, 6510497
1, 27398, 6833260, 7087167
3, 2, 21
2, 28840, 6510497, 6768192
1, 28840, 7087167, 7344191
4, 2, 21
2, 43260, 6768192, 7145917
1, 43260, 7344191, 7721872
5, 2, 21
2, 33166, 7145917, 7452380
1, 33166, 7721872, 8027999
6, 1, 21
2, 28840, 7452380, 7713813
7, 1, 21
1, 40376, 8027999, 8406401
8, 1, 21
2, 27423, 7713813, 7966007
9, 1, 21
2, 41818, 7966007, 8343348
10, 2, 21
2, 142758, 8343348, 15741744
1, 200438, 8406401, 16316816
11, 2, 21
2, 27398, 15741744, 15998266
1, 27398, 16316816, 16573600
12, 2, 21
2, 43260, 15998266, 16385661
1, 43260, 16573600, 16958647
13, 2, 21
2, 30282, 16385661, 16641087
1, 30282, 16958647, 17217070
14, 2, 21
2, 64890, 16641087, 17213731
1, 64890, 17217070, 17789635
15, 1, 21
2, 87962, 17213731, 17787358
16, 1, 21
3, 40376, 17057532, 17315849
17, 1, 21
2, 67799, 17787358, 18042214
18, 1, 21
3, 38934, 17315849, 17572740
19, 1, 21
3, 36050, 17572740, 17830147
20, 1, 21
2, 98106, 18042214, 18418877
21, 1, 21
2, 53354, 18418877, 18678985
22, 1, 21
3, 27398, 17830147, 18126237
23, 1, 21
1, 173040, 17789635, 19398222
24, 1, 21
2, 44752, 18678985, 18936358
25, 1, 21
3, 30282, 18126237, 18382244
26, 1, 21
1, 24514, 19398222, 19653277
27, 1, 21
2, 67824, 18936358, 19192496
28, 1, 21
3, 40376, 18382244, 18637961
29, 1, 21
1, 27398, 19653277, 19907451
30, 1, 21
2, 67824, 19192496, 19451208
31, 1, 21
3, 59122, 18637961, 19015379
32, 1, 21
1, 43260, 19907451, 20296743
33, 1, 21
2, 132714, 19451208, 19817846
34, 1, 21
4, 40376, 18439200, 18693549
35, 1, 21
3, 59122, 19015379, 19405763
36, 1, 21
4, 36050, 18693549, 18947740
37, 1, 21
2, 148601, 19817846, 20193691
38, 1, 21
4, 40376, 18947740, 19201486
39, 1, 21
3, 53354, 19405763, 19788816
40, 1, 21
1, 70658, 20296743, 20944239
41, 1, 21
4, 38934, 19201486, 19453362
42, 1, 21
1, 28840, 20944239, 21201382
43, 1, 21
4, 37492, 19453362, 19706768
44, 1, 21
1, 43260, 21201382, 21583325
45, 1, 21
2, 352023, 20193691, 21076610
46, 1, 21
4, 25956, 19706768, 19958279
47, 1, 21
3, 121128, 19788816, 20690909
48, 1, 21
2, 66382, 21076610, 21341196
49, 1, 21
4, 18746, 19958279, 20222249
50, 1, 21
1, 36050, 21583325, 21966662
51, 1, 21
3, 20188, 20690909, 20950098
52, 1, 21
2, 76501, 21341196, 21591732
53, 1, 21
1, 18746, 21966662, 22218038
54, 1, 21
4, 30282, 20222249, 20484305
55, 1, 21
3, 30282, 20950098, 21203177
56, 1, 21
1, 24514, 22218038, 22472204
57, 1, 21
4, 38934, 20484305, 20737734
58, 1, 21
2, 135673, 21591732, 21970120
59, 1, 21
3, 37492, 21203177, 21461770
60, 1, 21
1, 30282, 22472204, 22730200
61, 1, 21
2, 106758, 21970120, 22226464
62, 1, 21
4, 56238, 20737734, 21116555
63, 1, 21
3, 53354, 21461770, 21841934
64, 1, 21
2, 95222, 22226464, 22477759
65, 1, 21
1, 41818, 22730200, 23105868
66, 1, 21
4, 53354, 21116555, 21511099
67, 1, 21
2, 125504, 22477759, 22852239
68, 1, 21
4, 28840, 21511099, 21804768
69, 1, 21
2, 37517, 22852239, 23106134
70, 1, 21
1, 62006, 23105868, 23771032
71, 1, 21
4, 50470, 21804768, 22185218
72, 1, 21
2, 62056, 23106134, 23362639
73, 1, 21
1, 25956, 23771032, 24025396
74, 1, 21
4, 33166, 22185218, 22437109
75, 1, 21
2, 76476, 23362639, 23745015
76, 1, 21
1, 31724, 24025396, 24409709
77, 1, 21
4, 17304, 22437109, 22694878
78, 1, 21
2, 43310, 23745015, 23996626
79, 1, 21
1, 23072, 24409709, 24668020
80, 1, 21
4, 27398, 22694878, 22957376
81, 1, 21
2, 47636, 23996626, 24256119
82, 1, 21
1, 21630, 24668020, 24919169
83, 1, 21
4, 33166, 22957376, 23212396
84, 1, 21
2, 66382, 24256119, 24514534
85, 1, 21
1, 30282, 24919169, 25177417
86, 1, 21
4, 33166, 23212396, 23470660
87, 1, 21
2, 142808, 24514534, 25085215
88, 1, 21
1, 63448, 25177417, 25747699
89, 1, 21
4, 82194, 23470660, 24036594
90, 1, 21
4, 119686, 24036594, 24876168
91, 1, 21
4, 54796, 24876168, 25257397
92, 1, 21
2, 674956, 25085215, 27691756
93, 1, 21
2, 100940, 27691756, 28072906
94, 1, 21
3, 40376, 21841934, 28073282
95, 1, 21
3, 36050, 28073282, 28335971
96, 1, 21
2, 271146, 28072906, 28953790
97, 1, 21
1, 454230, 25747699, 29689694
98, 1, 21
3, 27398, 28335971, 28588694
99, 1, 21
2, 76476, 28953790, 29204452
100, 1, 21
3, 38934, 28588694, 28840290
101, 1, 21
2, 103849, 29204452, 29459391
102, 1, 21
1, 41818, 29689694, 30077651
103, 1, 21
4, 448462, 25257397, 28453536
104, 1, 21
3, 33166, 28840290, 29092397
105, 1, 21
2, 145717, 29459391, 29834511
106, 1, 21
4, 33166, 28453536, 28703746
107, 1, 21
3, 40376, 29092397, 29351052
108, 1, 21
4, 37492, 28703746, 28957316
109, 1, 21
3, 54796, 29351052, 29732013
110, 1, 21
4, 54796, 28957316, 29339827
111, 1, 21
2, 522129, 29834511, 31220808
112, 1, 21
2, 100940, 31220808, 31597903
113, 1, 21
3, 386456, 29732013, 32408216
114, 1, 21
3, 47586, 32408216, 32785741
115, 1, 21
2, 468700, 31597903, 33508413
116, 2, 21
2, 11536, 33508413, 33852255
1, 464324, 30077651, 34428088
117, 1, 21
1, 18746, 34428088, 34688574
118, 1, 21
2, 25981, 33852255, 34248378
119, 1, 21
1, 14420, 34688574, 34951259
120, 2, 21
2, 28865, 34248378, 34630044
1, 21630, 34951259, 35205012
121, 2, 21
2, 14420, 34630044, 34881800
1, 14420, 35205012, 35457599
122, 1, 21
1, 18746, 35457599, 35718690
123, 1, 21
2, 27423, 34881800, 35260455
124, 1, 21
1, 23072, 35718690, 35968976
125, 1, 21
3, 12978, 32785741, 35032027
126, 1, 21
2, 59172, 35260455, 35646083
127, 1, 21
1, 30282, 35968976, 36225196
128, 1, 21
3, 82194, 35032027, 35282358
129, 1, 21
2, 111084, 35646083, 35898006
130, 1, 21
1, 43260, 36225196, 36604294
131, 1, 21
2, 96639, 35898006, 36152815
132, 1, 21
3, 106708, 35282358, 35692774
133, 1, 21
2, 83661, 36152815, 36404651
134, 1, 21
1, 41818, 36604294, 37064869
135, 1, 21
3, 56238, 35692774, 35948592
136, 1, 21
2, 46194, 36404651, 36660133
137, 1, 21
1, 12978, 37064869, 37319084
138, 1, 21
3, 44702, 35948592, 36200381
139, 1, 21
2, 100990, 36660133, 36913226
140, 1, 21
1, 28840, 37319084, 37574795
141, 1, 21
3, 87962, 36200381, 36450665
142, 1, 21
2, 119736, 36913226, 37165230
143, 1, 21
3, 87962, 36450665, 36702573
144, 1, 21
1, 44702, 37574795, 37958618
145, 1, 21
2, 115410, 37165230, 37417843
146, 1, 21
3, 85078, 36702573, 36956682
147, 1, 21
2, 109617, 37417843, 37669476
148, 1, 21
3, 82194, 36956682, 37209504
149, 1, 21
2, 102407, 37669476, 37924281
150, 1, 21
3, 73542, 37209504, 37461513
151, 1, 21
2, 148551, 37924281, 38301036
152, 1, 21
3, 108150, 37461513, 37837867
153, 1, 21
1, 128338, 37958618, 39115403
154, 1, 21
2, 148576, 38301036, 38687829
155, 1, 21
1, 40376, 39115403, 39500148
156, 1, 21
2, 25981, 38687829, 38948643
157, 1, 21
1, 24514, 39500148, 39759356
158, 1, 21
2, 36075, 38948643, 39325744
159, 1, 21
1, 51912, 39759356, 40332327
160, 1, 21
1, 37492, 40332327, 40657941
161, 1, 21
1, 44702, 40657941, 41041515
162, 1, 21
2, 148601, 39325744, 40754422
163, 1, 21
3, 67774, 37837867, 40269340
164, 1, 21
1, 36050, 41041515, 41477564
165, 1, 21
2, 73592, 40754422, 41004483
166, 1, 21
3, 77868, 40269340, 40583049
167, 1, 21
1, 28840, 41477564, 41805847
168, 1, 21
2, 125504, 41004483, 41383747
169, 1, 21
3, 115360, 40583049, 40960804
170, 1, 21
1, 43260, 41805847, 42189103
171, 1, 21
2, 111084, 41383747, 41636899
172, 1, 21
2, 108150, 41636899, 41887219
173, 1, 21
3, 278306, 40960804, 41868280
174, 1, 21
2, 233629, 41887219, 42450454
175, 1, 21
1, 100940, 42189103, 43098210
176, 1, 21
2, 99523, 42450454, 42707384
177, 1, 21
1, 28840, 43098210, 43355831
178, 1, 21
3, 116802, 41868280, 42243852
179, 1, 21
2, 111084, 42707384, 42960752
180, 1, 21
1, 43260, 43355831, 43731482
181, 1, 21
1, 43260, 43731482, 44118000
182, 1, 21
3, 271096, 42243852, 43132831
183, 1, 21
2, 340387, 42960752, 43774734
184, 1, 21
1, 40376, 44118000, 44502601
185, 1, 21
2, 60589, 43774734, 44025667
186, 1, 21
2, 20188, 44025667, 44279776
187, 1, 21
1, 33166, 44502601, 44885153
188, 1, 21
1, 27398, 44885153, 45135565
189, 1, 21
2, 37542, 44279776, 44656468
190, 1, 21
1, 23072, 45135565, 45450045
191, 1, 21
1, 20188, 45450045, 45702069
192, 1, 21
1, 23072, 45702069, 45974853
193, 1, 21
1, 17304, 45974853, 46234589
194, 1, 21
1, 33166, 46234589, 46621345
195, 1, 21
1, 30282, 46621345, 46882455
196, 1, 21
1, 64890, 46882455, 47454469
197, 1, 21
2, 346255, 44656468, 48118816
198, 1, 21
1, 152852, 47454469, 48800778
199, 1, 21
2, 37517, 48118816, 48505224
200, 1, 21
1, 33166, 48800778, 49193161
201, 1, 21
2, 15887, 48505224, 48756112
202, 1, 21
1, 17304, 49193161, 49447070
203, 1, 21
2, 24539, 48756112, 49010754
204, 1, 21
1, 25956, 49447070, 49699844
205, 1, 21
2, 24539, 49010754, 49276705
206, 1, 21
1, 34608, 49699844, 50079243
207, 1, 21
2, 27423, 49276705, 49652316
208, 1, 21
1, 14420, 50079243, 50341119
209, 2, 21
2, 28865, 49652316, 50029823
1, 21630, 50341119, 50605294
210, 1, 21
2, 25956, 50029823, 50343503
211, 1, 21
1, 30282, 50605294, 51007653
212, 1, 21
2, 23097, 50343503, 50602072
213, 1, 21
2, 24514, 50602072, 50860396
214, 2, 21
2, 30282, 50860396, 51119684
1, 72100, 51007653, 51693929
215, 1, 21
1, 44702, 51693929, 52071771
216, 1, 21
2, 67799, 51119684, 51689924
217, 1, 21
3, 59122, 43132831, 53044618
218, 1, 21
2, 297077, 51689924, 53775687
219, 1, 21
3, 85078, 53044618, 53299319
220, 1, 21
2, 111059, 53775687, 54025889
221, 1, 21
3, 119686, 53299319, 53674975
222, 1, 21
2, 171623, 54025889, 54404267
223, 1, 21
2, 118244, 54404267, 54655259
224, 1, 21
2, 180250, 54655259, 55032590
225, 1, 21
2, 116802, 55032590, 55288544
226, 1, 21
3, 399434, 53674975, 54811257
227, 1, 21
3, 90846, 54811257, 55067247
228, 1, 21
2, 175974, 55288544, 55664934
229, 1, 21
2, 112476, 55664934, 55918180
230, 1, 21
3, 126896, 55067247, 55445827
231, 1, 21
2, 173065, 55918180, 56293207
232, 1, 21
2, 1108898, 56293207, 58826201
233, 1, 21
2, 28840, 58826201, 59086062
234, 1, 21
2, 41818, 59086062, 59466939
235, 1, 21
1, 1160810, 52071771, 62077341
236, 1, 21
1, 100940, 62077341, 62988183
237, 1, 21
1, 41818, 62988183, 63376561
