0, 2, 21
2, 72100, 5557042, 6304629
1, 72104, 6115437, 6862463
1, 2, 21
2, 144200, 6304629, 7599539
1, 144204, 6862463, 8157846
2, 2, 21
2, 144200, 7599539, 8889751
1, 144204, 8157846, 9447980
3, 2, 21
2, 217742, 8889751, 16956810
1, 217746, 9447980, 17514718
4, 2, 21
2, 77868, 16956810, 17614452
1, 72104, 17514718, 18172854
5, 2, 21
2, 82194, 17614452, 17925494
1, 36054, 18172854, 18483739
6, 2, 21
2, 43260, 17925494, 18085983
1, 18750, 18483739, 18644435
7, 2, 21
2, 23072, 18085983, 18174202
1, 10098, 18644435, 18732202
8, 2, 21
2, 331660, 18174202, 19579815
1, 144204, 18732202, 20137759
9, 2, 21
2, 266770, 19579815, 20247443
1, 72104, 20137759, 20804696
10, 2, 21
2, 132664, 20247443, 20569510
1, 36054, 20804696, 21126618
11, 2, 21
2, 67774, 20569510, 20737544
1, 18750, 21126618, 21294935
12, 2, 21
2, 496048, 20737544, 22188288
1, 144204, 21294935, 22745420
13, 2, 21
2, 230720, 22188288, 22848713
1, 72104, 22745420, 23405317
14, 2, 21
2, 89404, 22848713, 23290445
1, 36054, 23405317, 23848163
15, 2, 21
2, 43260, 23290445, 23462785
1, 18750, 23848163, 24020777
16, 2, 21
2, 17304, 23462785, 23558593
1, 10098, 24020777, 24116622
17, 2, 21
2, 334544, 23558593, 25045105
1, 144204, 24116622, 25602247
18, 2, 21
2, 330218, 25045105, 26273536
1, 144204, 25602247, 26830319
19, 2, 21
2, 164388, 26273536, 26892148
1, 72104, 26830319, 27450050
20, 2, 21
2, 330218, 26892148, 28163175
1, 144204, 27450050, 28720196
21, 2, 21
2, 455672, 28163175, 29508443
1, 144204, 28720196, 30065481
22, 2, 21
2, 246582, 29508443, 30151179
1, 72104, 30065481, 30708614
23, 2, 21
2, 118244, 30151179, 30462293
1, 36054, 30708614, 31018102
24, 2, 21
2, 370594, 30462293, 31679167
1, 144204, 31018102, 32237148
25, 2, 21
2, 161504, 31679167, 32292008
1, 72104, 32237148, 32849628
26, 2, 21
2, 82194, 32292008, 32599223
1, 36054, 32849628, 33156066
27, 2, 21
2, 240814, 32599223, 34458813
1, 144204, 33156066, 35017018
28, 2, 21
2, 72100, 34458813, 35407505
1, 72104, 35017018, 35965786
29, 2, 21
2, 105266, 35407505, 35714626
1, 36054, 35965786, 36272776
30, 2, 21
2, 79310, 35714626, 35884888
1, 18750, 36272776, 36442637
31, 2, 21
2, 41818, 35884888, 35970773
1, 10098, 36442637, 36528034
32, 2, 21
2, 8652, 35970773, 36018728
1, 5772, 36528034, 36576954
33, 2, 21
2, 543634, 36018728, 37507136
1, 144204, 36576954, 38065365
34, 2, 21
2, 253792, 37507136, 38159925
1, 72104, 38065365, 38717404
35, 2, 21
2, 135548, 38159925, 38486227
1, 36054, 38717404, 39044474
36, 2, 21
2, 181692, 38486227, 39937288
1, 144204, 39044474, 40495247
37, 2, 21
2, 72100, 39937288, 40559951
1, 72104, 40495247, 41117939
38, 2, 21
2, 491722, 40559951, 42006416
1, 144204, 41117939, 42563635
39, 2, 21
2, 263886, 42006416, 42674713
1, 72104, 42563635, 43232724
40, 2, 21
2, 135548, 42674713, 42987558
1, 36054, 43232724, 43545567
41, 2, 21
2, 70658, 42987558, 43150834
1, 18750, 43545567, 43708961
42, 2, 21
2, 372036, 43150834, 44553646
1, 144204, 43708961, 45111218
43, 2, 21
2, 72100, 44553646, 45507720
1, 72104, 45111218, 46064867
44, 2, 21
2, 36050, 45507720, 45961634
1, 36054, 46064867, 46518002
45, 2, 21
2, 144200, 45961634, 47223460
1, 144204, 46518002, 47781062
46, 2, 21
2, 72100, 47223460, 47827165
1, 72104, 47781062, 48384268
47, 2, 21
2, 144200, 47827165, 49423004
1, 144204, 48384268, 49974771
48, 2, 21
2, 144200, 49423004, 51082471
1, 144204, 49974771, 51640349
49, 2, 21
2, 144200, 51082471, 52304265
1, 144204, 51640349, 52861685
50, 2, 21
2, 72100, 52304265, 52914962
1, 72104, 52861685, 53472798
51, 2, 21
2, 314356, 52914962, 54160264
1, 144204, 53472798, 54717320
52, 2, 21
2, 289842, 54160264, 54774355
1, 72104, 54717320, 55332115
53, 2, 21
2, 154294, 54774355, 55093261
1, 36054, 55332115, 55651201
54, 2, 21
2, 571032, 55093261, 56330908
1, 144204, 55651201, 56886966
55, 2, 21
2, 568148, 56330908, 57580970
1, 144204, 56886966, 58139066
56, 2, 21
2, 514794, 57580970, 58816447
1, 144204, 58139066, 59374280
57, 2, 21
2, 144200, 58816447, 60126977
1, 144204, 59374280, 60685202
58, 2, 21
2, 72100, 60126977, 60770794
1, 72104, 60685202, 61328943
59, 2, 21
2, 144200, 60770794, 62023327
1, 144204, 61328943, 62581601
60, 2, 21
2, 144200, 62023327, 63386085
1, 144204, 62581601, 63944410
61, 2, 21
2, 144200, 63386085, 64716514
1, 144204, 63944410, 65274290
