0, 2, 21
2, 27398, 5647828, 5902338
1, 27398, 6221764, 6476343
1, 2, 21
2, 27398, 5902338, 6209063
1, 27398, 6476343, 6782236
2, 2, 21
2, 25956, 6209063, 6470503
1, 25956, 6782236, 7043950
3, 2, 21
2, 28840, 6470503, 6723612
1, 28840, 7043950, 7297080
4, 2, 21
2, 28840, 6723612, 6979860
1, 28840, 7297080, 7553787
5, 2, 21
2, 28840, 6979860, 7237408
1, 28840, 7553787, 7810807
6, 2, 21
2, 27398, 7237408, 7487497
1, 27398, 7810807, 8061300
7, 1, 21
1, 27398, 8061300, 8311454
8, 1, 21
2, 28865, 7487497, 7749567
9, 1, 21
1, 27398, 8311454, 8564356
10, 1, 21
2, 27423, 7749567, 8002106
11, 1, 21
1, 28840, 8564356, 8822348
12, 1, 21
2, 28865, 8002106, 8262464
13, 1, 21
1, 28840, 8822348, 9081257
14, 1, 21
2, 28865, 8262464, 8522388
15, 1, 21
1, 28840, 9081257, 9333506
16, 1, 21
2, 30307, 8522388, 8783154
17, 1, 21
1, 28840, 9333506, 9593922
18, 1, 21
2, 28865, 8783154, 9044501
19, 1, 21
1, 28840, 9593922, 9853856
20, 1, 21
2, 28865, 9044501, 9309375
21, 1, 21
1, 27398, 9853856, 10108370
22, 1, 21
2, 28865, 9309375, 9570517
23, 2, 21
2, 10094, 9570517, 15778143
1, 14420, 10108370, 16351973
24, 2, 21
2, 27398, 15778143, 16035178
1, 27398, 16351973, 16608923
25, 2, 21
2, 27398, 16035178, 16285242
1, 27398, 16608923, 16859197
26, 2, 21
2, 30282, 16285242, 16541589
1, 30282, 16859197, 17115470
27, 2, 21
2, 30282, 16541589, 16803165
1, 30282, 17115470, 17376187
28, 2, 21
2, 28840, 16803165, 17054719
1, 28840, 17376187, 17628684
29, 2, 21
2, 28840, 17054719, 17319585
1, 28840, 17628684, 17893574
30, 2, 21
2, 27398, 17319585, 17576439
1, 27398, 17893574, 18150332
31, 2, 21
2, 63448, 17576439, 17827121
1, 28840, 18150332, 18401082
32, 1, 21
3, 40376, 17036302, 17295029
33, 2, 21
2, 66357, 17827121, 18077658
1, 28840, 18401082, 18651408
34, 1, 21
3, 38934, 17295029, 17552502
35, 2, 21
2, 66357, 18077658, 18337108
1, 30282, 18651408, 18910877
36, 1, 21
3, 36050, 17552502, 17809956
37, 2, 21
2, 62031, 18337108, 18597073
1, 30282, 18910877, 19170991
38, 1, 21
3, 27398, 17809956, 18106407
39, 1, 21
2, 40401, 18597073, 18856018
40, 1, 21
1, 20188, 19170991, 19441293
41, 1, 21
3, 30282, 18106407, 18363489
42, 1, 21
2, 62056, 18856018, 19108462
43, 1, 21
1, 24514, 19441293, 19701175
44, 1, 21
3, 40376, 18363489, 18621004
45, 1, 21
2, 66382, 19108462, 19361836
46, 1, 21
1, 27398, 19701175, 19964457
47, 1, 21
3, 38934, 18621004, 18871605
48, 1, 21
2, 69266, 19361836, 19612107
49, 1, 21
1, 28840, 19964457, 20223272
50, 1, 21
3, 40376, 18871605, 19128634
51, 1, 21
4, 37492, 18469908, 18720790
52, 1, 21
2, 102457, 19612107, 19863125
53, 1, 21
1, 28840, 20223272, 20480120
54, 1, 21
3, 38934, 19128634, 19387449
55, 1, 21
4, 36050, 18720790, 18977196
56, 1, 21
2, 101015, 19863125, 20118969
57, 1, 21
1, 30282, 20480120, 20745007
58, 1, 21
3, 36050, 19387449, 19641655
59, 1, 21
4, 40376, 18977196, 19234313
60, 1, 21
2, 103899, 20118969, 20372313
61, 1, 21
1, 25956, 20745007, 21004003
62, 1, 21
3, 37492, 19641655, 19896618
63, 1, 21
4, 38934, 19234313, 19490930
64, 1, 21
2, 106783, 20372313, 20624082
65, 1, 21
1, 28840, 21004003, 21261063
66, 1, 21
3, 38934, 19896618, 20151927
67, 2, 21
2, 100990, 20624082, 20875702
4, 37492, 19490930, 19749146
68, 1, 21
1, 28840, 21261063, 21519146
69, 1, 21
3, 38934, 20151927, 20412325
70, 2, 21
2, 83686, 20875702, 21130732
4, 27398, 19749146, 20005815
71, 1, 21
1, 28840, 21519146, 21772041
72, 1, 21
3, 23072, 20412325, 20667038
73, 1, 21
2, 62056, 21130732, 21381564
74, 1, 21
4, 18746, 20005815, 20270091
75, 1, 21
1, 21630, 21772041, 22028192
76, 1, 21
3, 18746, 20667038, 20917215
77, 1, 21
2, 80827, 21381564, 21634553
78, 1, 21
4, 31724, 20270091, 20546244
79, 1, 21
1, 18746, 22028192, 22279860
80, 1, 21
3, 31724, 20917215, 21176343
81, 1, 21
2, 88037, 21634553, 21891381
82, 1, 21
4, 38934, 20546244, 20803784
83, 1, 21
1, 24514, 22279860, 22534022
84, 1, 21
3, 38934, 21176343, 21435709
85, 1, 21
2, 105341, 21891381, 22144764
86, 1, 21
4, 36050, 20803784, 21056712
87, 1, 21
1, 30282, 22534022, 22792388
88, 1, 21
3, 37492, 21435709, 21693862
89, 1, 21
2, 101015, 22144764, 22395031
90, 1, 21
4, 36050, 21056712, 21307244
91, 1, 21
1, 28840, 22792388, 23051916
92, 1, 21
3, 37492, 21693862, 21947391
93, 1, 21
2, 99573, 22395031, 22650993
94, 1, 21
4, 37492, 21307244, 21566253
95, 1, 21
1, 28840, 23051916, 23316376
96, 1, 21
2, 62056, 22650993, 22903896
97, 1, 21
4, 28840, 21566253, 21838469
98, 1, 21
1, 30282, 23316376, 23577543
99, 1, 21
2, 44752, 22903896, 23155809
100, 1, 21
4, 33166, 21838469, 22091149
101, 1, 21
1, 17304, 23577543, 23837613
102, 1, 21
2, 63498, 23155809, 23412136
103, 1, 21
4, 37492, 22091149, 22345445
104, 1, 21
1, 27398, 23837613, 24099673
105, 1, 21
2, 50520, 23412136, 23672879
106, 1, 21
4, 21630, 22345445, 22596102
107, 1, 21
1, 25956, 24099673, 24380121
108, 1, 21
2, 47636, 23672879, 23924205
109, 1, 21
4, 28840, 22596102, 22852220
110, 1, 21
1, 18746, 24380121, 24636038
111, 1, 21
2, 47636, 23924205, 24184671
112, 1, 21
4, 27398, 22852220, 23107583
113, 1, 21
1, 20188, 24636038, 24893288
114, 1, 21
2, 62056, 24184671, 24440546
115, 1, 21
4, 37492, 23107583, 23358335
116, 1, 21
1, 30282, 24893288, 25149706
117, 1, 21
2, 64940, 24440546, 24692765
118, 1, 21
4, 36050, 23358335, 23612028
119, 1, 21
1, 27398, 25149706, 25408129
120, 1, 21
2, 64940, 24692765, 24946557
121, 1, 21
4, 37492, 23612028, 23864534
122, 1, 21
1, 28840, 25408129, 25669954
123, 1, 21
2, 66382, 24946557, 25205689
124, 1, 21
4, 36050, 23864534, 24115638
125, 1, 21
1, 30282, 25669954, 25923873
126, 1, 21
2, 67824, 25205689, 25460740
127, 1, 21
4, 37492, 24115638, 24370500
128, 1, 21
1, 30282, 25923873, 26181282
129, 1, 21
2, 67824, 25460740, 25716347
130, 1, 21
4, 37492, 24370500, 24620692
131, 1, 21
1, 30282, 26181282, 26443107
132, 1, 21
2, 67824, 25716347, 25967634
133, 1, 21
4, 38934, 24620692, 24870856
134, 1, 21
1, 30282, 26443107, 26699053
135, 1, 21
2, 69266, 25967634, 26220984
136, 1, 21
4, 40376, 24870856, 25125502
137, 1, 21
1, 25956, 26699053, 26952502
138, 1, 21
2, 66382, 26220984, 26476601
139, 1, 21
4, 38934, 25125502, 25383585
140, 1, 21
1, 28840, 26952502, 27208015
141, 1, 21
2, 64940, 26476601, 26727680
142, 1, 21
4, 37492, 25383585, 25635794
143, 1, 21
1, 28840, 27208015, 27461396
144, 1, 21
2, 67824, 26727680, 26984942
145, 1, 21
4, 37492, 25635794, 25893485
146, 1, 21
1, 28840, 27461396, 27711960
147, 1, 21
2, 63498, 26984942, 27235408
148, 1, 21
4, 36050, 25893485, 26150392
149, 1, 21
1, 27398, 27711960, 27963153
150, 1, 21
2, 66382, 27235408, 27489751
151, 1, 21
4, 38934, 26150392, 26402372
152, 1, 21
1, 30282, 27963153, 28223571
153, 1, 21
2, 67824, 27489751, 27741385
154, 1, 21
4, 37492, 26402372, 26654760
155, 1, 21
1, 28840, 28223571, 28478399
156, 1, 21
2, 64940, 27741385, 27993445
157, 1, 21
4, 36050, 26654760, 26905578
158, 1, 21
1, 30282, 28478399, 28740608
159, 1, 21
2, 67824, 27993445, 28253283
160, 1, 21
4, 37492, 26905578, 27156759
161, 1, 21
1, 30282, 28740608, 28998601
162, 1, 21
2, 66382, 28253283, 28510893
163, 1, 21
4, 34608, 27156759, 27412153
164, 1, 21
3, 17304, 21947391, 27988530
165, 1, 21
1, 30282, 28998601, 29256154
166, 1, 21
2, 96689, 28510893, 28763084
167, 1, 21
4, 36050, 27412153, 27664920
168, 1, 21
3, 36050, 27988530, 28251400
169, 1, 21
1, 30282, 29256154, 29514646
170, 1, 21
2, 79385, 28763084, 29014652
171, 1, 21
4, 25956, 27664920, 27920847
172, 1, 21
3, 27398, 28251400, 28504307
173, 1, 21
1, 25956, 29514646, 29772689
174, 1, 21
2, 101015, 29014652, 29266681
175, 1, 21
4, 40376, 27920847, 28179689
176, 1, 21
3, 38934, 28504307, 28755918
177, 1, 21
1, 25956, 29772689, 30024755
178, 1, 21
2, 101015, 29266681, 29517427
179, 1, 21
4, 36050, 28179689, 28430470
180, 1, 21
3, 33166, 28755918, 29008840
181, 1, 21
1, 27398, 30024755, 30276427
182, 1, 21
2, 96689, 29517427, 29768255
183, 1, 21
4, 34608, 28430470, 28688397
184, 1, 21
3, 38934, 29008840, 29259054
185, 1, 21
1, 27398, 30276427, 30534540
186, 1, 21
2, 96689, 29768255, 30022465
187, 1, 21
4, 33166, 28688397, 28943183
188, 1, 21
3, 37492, 29259054, 29516600
189, 1, 21
1, 30282, 30534540, 30795450
190, 1, 21
2, 101015, 30022465, 30276883
191, 1, 21
4, 34608, 28943183, 29203773
192, 1, 21
3, 37492, 29516600, 29772778
193, 1, 21
1, 28840, 30795450, 31045591
194, 1, 21
2, 99573, 30276883, 30531589
195, 1, 21
4, 36050, 29203773, 29456628
196, 1, 21
3, 36050, 29772778, 30030169
197, 1, 21
1, 30282, 31045591, 31303921
198, 1, 21
2, 102457, 30531589, 30782843
199, 1, 21
3, 37492, 30030169, 30281146
200, 1, 21
1, 28840, 31303921, 31554387
201, 1, 21
2, 67824, 30782843, 31040039
202, 1, 21
3, 37492, 30281146, 30531955
203, 1, 21
1, 28840, 31554387, 31806299
204, 1, 21
2, 66382, 31040039, 31294340
205, 1, 21
3, 37492, 30531955, 30788059
206, 1, 21
1, 30282, 31806299, 32061274
207, 1, 21
2, 67824, 31294340, 31548813
208, 1, 21
3, 37492, 30788059, 31038274
209, 1, 21
1, 28840, 32061274, 32311443
210, 1, 21
2, 64940, 31548813, 31799726
211, 1, 21
3, 36050, 31038274, 31290310
212, 1, 21
1, 30282, 32311443, 32569042
213, 1, 21
2, 69266, 31799726, 32055335
214, 1, 21
3, 38934, 31290310, 31541396
215, 1, 21
1, 30282, 32569042, 32830184
216, 1, 21
2, 67824, 32055335, 32312246
217, 1, 21
3, 36050, 31541396, 31796965
218, 1, 21
1, 30282, 32830184, 33090002
219, 1, 21
2, 66382, 32312246, 32567655
220, 1, 21
3, 38934, 31796965, 32052077
221, 1, 21
1, 30282, 33090002, 33348537
222, 1, 21
2, 66382, 32567655, 32822991
223, 1, 21
3, 31724, 32052077, 32303854
224, 1, 21
1, 30282, 33348537, 33605486
225, 1, 21
2, 59172, 32822991, 33081098
226, 1, 21
3, 31724, 32303854, 32556991
227, 1, 21
1, 25956, 33605486, 33859541
228, 1, 21
2, 54846, 33081098, 33338603
229, 1, 21
3, 23072, 32556991, 32841023
230, 1, 21
1, 27398, 33859541, 34113294
231, 1, 21
2, 31774, 33338603, 33600005
232, 1, 21
1, 14420, 34113294, 34396200
233, 1, 21
2, 11561, 33600005, 34014056
234, 1, 21
1, 8652, 34396200, 34650240
235, 1, 21
2, 18771, 34014056, 34274920
236, 1, 21
1, 18746, 34650240, 34916298
237, 1, 21
2, 14445, 34274920, 34537456
238, 1, 21
1, 12978, 34916298, 35166402
239, 1, 21
2, 21655, 34537456, 34790376
240, 1, 21
1, 23072, 35166402, 35420621
241, 1, 21
2, 14445, 34790376, 35043186
242, 1, 21
1, 14420, 35420621, 35688567
243, 1, 21
2, 18771, 35043186, 35304290
244, 1, 21
1, 18746, 35688567, 35945369
245, 1, 21
3, 5768, 32841023, 34938430
246, 1, 21
2, 40426, 35304290, 35555308
247, 1, 21
1, 25956, 35945369, 36201880
248, 1, 21
3, 82194, 34938430, 35188924
249, 1, 21
2, 112526, 35555308, 35805329
250, 1, 21
1, 30282, 36201880, 36465121
251, 1, 21
2, 92313, 35805329, 36056813
252, 1, 21
3, 82194, 35188924, 35497613
253, 1, 21
1, 28840, 36465121, 36716047
254, 1, 21
2, 95222, 36056813, 36310146
255, 1, 21
3, 67774, 35497613, 35751156
256, 1, 21
1, 21630, 36716047, 36967844
257, 1, 21
2, 50520, 36310146, 36566518
258, 1, 21
3, 28840, 35751156, 36009199
259, 1, 21
1, 25956, 36967844, 37224685
260, 1, 21
2, 92338, 36566518, 36816949
261, 1, 21
3, 82194, 36009199, 36263252
262, 1, 21
1, 12978, 37224685, 37478572
263, 1, 21
2, 115410, 36816949, 37069564
264, 1, 21
3, 90846, 36263252, 36517741
265, 1, 21
1, 28840, 37478572, 37734346
266, 1, 21
2, 116852, 37069564, 37321474
267, 1, 21
3, 86520, 36517741, 36770078
268, 1, 21
1, 30282, 37734346, 37994537
269, 1, 21
2, 108200, 37321474, 37571518
270, 1, 21
3, 80752, 36770078, 37021311
271, 1, 21
1, 28840, 37994537, 38245886
272, 1, 21
2, 103874, 37571518, 37827796
273, 1, 21
3, 74984, 37021311, 37275268
274, 1, 21
1, 28840, 38245886, 38506361
275, 1, 21
2, 103874, 37827796, 38091605
276, 1, 21
3, 70658, 37275268, 37528932
277, 1, 21
1, 27398, 38506361, 38758576
278, 1, 21
2, 106758, 38091605, 38342507
279, 1, 21
3, 79310, 37528932, 37781056
280, 1, 21
1, 27398, 38758576, 39014036
281, 1, 21
2, 86570, 38342507, 38600651
282, 1, 21
1, 30282, 39014036, 39276735
283, 1, 21
2, 30307, 38600651, 38865511
284, 1, 21
1, 28840, 39276735, 39530787
285, 1, 21
2, 25981, 38865511, 39125033
286, 1, 21
1, 25956, 39530787, 39794186
287, 1, 21
2, 24539, 39125033, 39388001
288, 1, 21
1, 23072, 39794186, 40046689
289, 1, 21
2, 24539, 39388001, 39643388
290, 1, 21
1, 21630, 40046689, 40306032
291, 1, 21
2, 21655, 39643388, 39901617
292, 1, 21
1, 24514, 40306032, 40556545
293, 1, 21
2, 28865, 39901617, 40157517
294, 1, 21
1, 30282, 40556545, 40816463
295, 1, 21
2, 30307, 40157517, 40415755
296, 1, 21
1, 30282, 40816463, 41074201
297, 1, 21
2, 30307, 40415755, 40675763
298, 1, 21
3, 56238, 37781056, 40176897
299, 1, 21
1, 28840, 41074201, 41339242
300, 1, 21
2, 85128, 40675763, 40927112
301, 1, 21
3, 77868, 40176897, 40492410
302, 1, 21
1, 21630, 41339242, 41636476
303, 1, 21
2, 69266, 40927112, 41178632
304, 1, 21
3, 73542, 40492410, 40745090
305, 1, 21
1, 28840, 41636476, 41964397
306, 1, 21
2, 99548, 41178632, 41430674
307, 1, 21
3, 82194, 40745090, 40995481
308, 1, 21
1, 28840, 41964397, 42214556
309, 1, 21
2, 111084, 41430674, 41685279
310, 1, 21
3, 80752, 40995481, 41246653
311, 1, 21
1, 30282, 42214556, 42471843
312, 1, 21
2, 112526, 41685279, 41935448
313, 1, 21
3, 82194, 41246653, 41500170
314, 1, 21
1, 30282, 42471843, 42734322
315, 1, 21
2, 109642, 41935448, 42188013
316, 1, 21
3, 73542, 41500170, 41751632
317, 1, 21
1, 30282, 42734322, 42993192
318, 1, 21
2, 92338, 42188013, 42439571
319, 1, 21
3, 66332, 41751632, 42005146
320, 1, 21
1, 24514, 42993192, 43244922
321, 1, 21
2, 102432, 42439571, 42692686
322, 1, 21
3, 77868, 42005146, 42255422
323, 1, 21
1, 28840, 43244922, 43502395
324, 1, 21
2, 109642, 42692686, 42945766
325, 1, 21
3, 85078, 42255422, 42505623
326, 1, 21
1, 28840, 43502395, 43752930
327, 1, 21
2, 111084, 42945766, 43197764
328, 1, 21
3, 82194, 42505623, 42756968
329, 1, 21
1, 30282, 43752930, 44011698
330, 1, 21
2, 108200, 43197764, 43449075
331, 1, 21
3, 67774, 42756968, 43010495
332, 1, 21
1, 27398, 44011698, 44263288
333, 1, 21
2, 100990, 43449075, 43699552
334, 1, 21
1, 25956, 44263288, 44516639
335, 1, 21
2, 53379, 43699552, 43956149
336, 1, 21
1, 27398, 44516639, 44774113
337, 1, 21
2, 27423, 43956149, 44235335
338, 1, 21
1, 20188, 44774113, 45030003
339, 1, 21
2, 23097, 44235335, 44493551
340, 1, 21
1, 28840, 45030003, 45292521
341, 1, 21
2, 27423, 44493551, 44746443
342, 2, 21
2, 18746, 44746443, 45020637
1, 21630, 45292521, 45593826
343, 2, 21
2, 20188, 45020637, 45271056
1, 20188, 45593826, 45844859
344, 2, 21
2, 23072, 45271056, 45543767
1, 23072, 45844859, 46116728
345, 2, 21
2, 17304, 45543767, 45803247
1, 17304, 46116728, 46376405
346, 2, 21
2, 18746, 45803247, 46059077
1, 18746, 46376405, 46632712
347, 2, 21
2, 28840, 46059077, 46315515
1, 28840, 46632712, 46889363
348, 2, 21
2, 28840, 46315515, 46565710
1, 28840, 46889363, 47139594
349, 2, 21
2, 28840, 46565710, 46822527
1, 28840, 47139594, 47396440
350, 2, 21
2, 30282, 46822527, 47082777
1, 30282, 47396440, 47656566
351, 2, 21
2, 30282, 47082777, 47343231
1, 30282, 47656566, 47916560
352, 2, 21
2, 30282, 47343231, 47603177
1, 30282, 47916560, 48176142
353, 2, 21
2, 30282, 47603177, 47854613
1, 30282, 48176142, 48428540
354, 2, 21
2, 30282, 47854613, 48113721
1, 30282, 48428540, 48687672
355, 2, 21
2, 24514, 48113721, 48365783
1, 24514, 48687672, 48939634
356, 2, 21
2, 23072, 48365783, 48618038
1, 23072, 48939634, 49192047
357, 2, 21
2, 18746, 48618038, 48896486
1, 18746, 49192047, 49470436
358, 2, 21
2, 24514, 48896486, 49150276
1, 24514, 49470436, 49724003
359, 2, 21
2, 24514, 49150276, 49416546
1, 24514, 49724003, 49989451
360, 2, 21
2, 21630, 49416546, 49683285
1, 21630, 49989451, 50256884
361, 2, 21
2, 15862, 49683285, 49936980
1, 15862, 50256884, 50510853
362, 2, 21
2, 21630, 49936980, 50195785
1, 21630, 50510853, 50769608
363, 2, 21
2, 23072, 50195785, 50479804
1, 23072, 50769608, 51052923
364, 2, 21
2, 23072, 50479804, 50741395
1, 23072, 51052923, 51313620
365, 2, 21
2, 24514, 50741395, 50998702
1, 24514, 51313620, 51572512
366, 2, 21
2, 30282, 50998702, 51256467
1, 30282, 51572512, 51830261
367, 2, 21
2, 30282, 51256467, 51511732
1, 30282, 51830261, 52085463
368, 2, 21
2, 30282, 51511732, 51766494
1, 30282, 52085463, 52339713
369, 2, 21
2, 30282, 51766494, 52020976
1, 30282, 52339713, 52594320
370, 2, 21
2, 30282, 52020976, 52279339
1, 30282, 52594320, 52852862
371, 2, 21
2, 30282, 52279339, 52538574
1, 30282, 52852862, 53112353
372, 2, 21
2, 30282, 52538574, 52795191
1, 30282, 53112353, 53368340
373, 2, 21
2, 30282, 52795191, 53050235
1, 30282, 53368340, 53623301
374, 2, 21
2, 28840, 53050235, 53303935
1, 28840, 53623301, 53877091
375, 1, 21
3, 69216, 43010495, 52954376
376, 1, 21
2, 41843, 53303935, 53557918
377, 1, 21
1, 30282, 53877091, 54135282
378, 1, 21
3, 85078, 52954376, 53207050
379, 1, 21
2, 111084, 53557918, 53807983
380, 1, 21
1, 30282, 54135282, 54395830
381, 1, 21
3, 82194, 53207050, 53460895
382, 1, 21
2, 112526, 53807983, 54061228
383, 1, 21
1, 30282, 54395830, 54652785
384, 1, 21
3, 83636, 53460895, 53711220
385, 1, 21
2, 115410, 54061228, 54312360
386, 1, 21
1, 30282, 54652785, 54912975
387, 1, 21
3, 93730, 53711220, 53965257
388, 1, 21
2, 124062, 54312360, 54564115
389, 1, 21
1, 30282, 54912975, 55168729
390, 1, 21
3, 93730, 53965257, 54218526
391, 1, 21
2, 122620, 54564115, 54815839
392, 1, 21
1, 30282, 55168729, 55422192
393, 1, 21
3, 92288, 54218526, 54469914
394, 1, 21
2, 121178, 54815839, 55067663
395, 1, 21
1, 30282, 55422192, 55678012
396, 1, 21
3, 82194, 54469914, 54722371
397, 1, 21
2, 112526, 55067663, 55318125
398, 1, 21
1, 30282, 55678012, 55931628
399, 1, 21
3, 89404, 54722371, 54972463
400, 1, 21
2, 118294, 55318125, 55568717
401, 1, 21
1, 30282, 55931628, 56189849
402, 1, 21
3, 85078, 54972463, 55225017
403, 1, 21
2, 113968, 55568717, 55819307
404, 1, 21
1, 30282, 56189849, 56451457
405, 1, 21
3, 89404, 55225017, 55476831
406, 1, 21
2, 118294, 55819307, 56070267
407, 1, 21
1, 28840, 56451457, 56709665
408, 1, 21
3, 87962, 55476831, 55728294
409, 1, 21
2, 116852, 56070267, 56322083
410, 1, 21
1, 30282, 56709665, 56961633
411, 1, 21
3, 86520, 55728294, 55978872
412, 1, 21
2, 116852, 56322083, 56574218
413, 1, 21
1, 30282, 56961633, 57215708
414, 1, 21
3, 85078, 55978872, 56232502
415, 1, 21
2, 115410, 56574218, 56828015
416, 1, 21
1, 30282, 57215708, 57467850
417, 1, 21
3, 87962, 56232502, 56486272
418, 1, 21
2, 118294, 56828015, 57079961
419, 1, 21
1, 30282, 57467850, 57723960
420, 1, 21
3, 82194, 56486272, 56736858
421, 1, 21
2, 111084, 57079961, 57331962
422, 1, 21
1, 30282, 57723960, 57978466
423, 1, 21
3, 83636, 56736858, 56991579
424, 1, 21
2, 112526, 57331962, 57584764
425, 1, 21
1, 30282, 57978466, 58234040
426, 1, 21
3, 79310, 56991579, 57245197
427, 1, 21
2, 108200, 57584764, 57834990
428, 1, 21
1, 30282, 58234040, 58494696
429, 1, 21
3, 87962, 57245197, 57498375
430, 1, 21
2, 116852, 57834990, 58087346
431, 1, 21
1, 30282, 58494696, 58751486
432, 1, 21
3, 89404, 57498375, 57750128
433, 1, 21
2, 119736, 58087346, 58339500
434, 1, 21
1, 30282, 58751486, 59002489
435, 1, 21
2, 105291, 58339500, 58597180
436, 1, 21
1, 30282, 59002489, 59255603
437, 1, 21
2, 30307, 58597180, 58856221
438, 1, 21
1, 28840, 59255603, 59515576
439, 1, 21
2, 27423, 58856221, 59113604
440, 1, 21
1, 28840, 59515576, 59776344
441, 1, 21
2, 28865, 59113604, 59372854
442, 1, 21
1, 28840, 59776344, 60036817
443, 1, 21
2, 28865, 59372854, 59633789
444, 1, 21
1, 27398, 60036817, 60290987
445, 1, 21
2, 27423, 59633789, 59887541
446, 1, 21
1, 28840, 60290987, 60552765
447, 1, 21
2, 28865, 59887541, 60142045
448, 1, 21
1, 28840, 60552765, 60809216
449, 1, 21
2, 28865, 60142045, 60403790
450, 1, 21
1, 28840, 60809216, 61069875
451, 1, 21
2, 28865, 60403790, 60657771
452, 1, 21
1, 28840, 61069875, 61322121
453, 1, 21
2, 28865, 60657771, 60911806
454, 1, 21
1, 28840, 61322121, 61574400
455, 1, 21
2, 28865, 60911806, 61165421
456, 1, 21
1, 28840, 61574400, 61824913
457, 1, 21
2, 30307, 61165421, 61425452
458, 1, 21
1, 28840, 61824913, 62078237
459, 1, 21
2, 28865, 61425452, 61677376
460, 1, 21
1, 30282, 62078237, 62336259
461, 1, 21
2, 30307, 61677376, 61934413
462, 1, 21
1, 30282, 62336259, 62598914
463, 1, 21
2, 28865, 61934413, 62193530
464, 1, 21
1, 28840, 62598914, 62855369
465, 1, 21
2, 27423, 62193530, 62449579
466, 1, 21
1, 25956, 62855369, 63110119
467, 1, 21
2, 27423, 62449579, 62709249
468, 1, 21
1, 27398, 63110119, 63368564
469, 1, 21
2, 27423, 62709249, 62970332
470, 1, 21
1, 27398, 63368564, 63627633
471, 1, 21
2, 27423, 62970332, 63226588
472, 1, 21
1, 27398, 63627633, 63889273
473, 1, 21
2, 25981, 63226588, 63479235
474, 1, 21
1, 27398, 63889273, 64149463
475, 1, 21
2, 27423, 63479235, 63735468
476, 1, 21
1, 27398, 64149463, 64405449
477, 1, 21
2, 27423, 63735468, 63987619
478, 1, 21
1, 28840, 64405449, 64666397
479, 1, 21
2, 27423, 63987619, 64242976
480, 1, 21
1, 27398, 64666397, 64919906
481, 1, 21
2, 28865, 64242976, 64501714
482, 1, 21
1, 27398, 64919906, 65171670
483, 1, 21
2, 27423, 64501714, 64757224
484, 1, 21
1, 28840, 65171670, 65428721
485, 1, 21
2, 30307, 64757224, 65017644
486, 1, 21
1, 28840, 65428721, 65684603
487, 1, 21
2, 27423, 65017644, 65269975
488, 1, 21
1, 28840, 65684603, 65945605
489, 1, 21
2, 28865, 65269975, 65525387
490, 1, 21
1, 28840, 65945605, 66204520
491, 1, 21
2, 28865, 65525387, 65787234
492, 1, 21
1, 28840, 66204520, 66469281
493, 1, 21
2, 27423, 65787234, 66037779
