0, 2, 21
2, 752, 1456445, 4581140, 7584125
1, 752, 1456420, 5115060, 8118565
1, 2, 21
2, 752, 957513, 7584125, 9584327
1, 752, 957488, 8118565, 10118653
2, 2, 21
2, 752, 940209, 9584327, 11587976
1, 752, 940184, 10118653, 12121776
3, 2, 21
2, 752, 882529, 11587976, 13589380
1, 752, 882504, 12121776, 14122974
4, 2, 21
2, 752, 4507717, 13589380, 23590536
1, 752, 4507692, 14122974, 24124714
5, 2, 21
2, 752, 1397323, 23590536, 26614527
1, 752, 1397298, 24124714, 27148536
6, 2, 21
2, 752, 869551, 26614527, 28619231
1, 752, 869526, 27148536, 29153523
7, 2, 21
2, 752, 4702387, 28619231, 38620115
1, 752, 4702362, 29153523, 39154213
8, 2, 21
2, 752, 1467, 41639398, 41645676
1, 752, 1322314, 39154213, 42179729
9, 2, 21
2, 752, 4134239, 41645676, 50656548
1, 752, 4134214, 42179729, 51189725
10, 2, 21
2, 752, 4657685, 50656548, 60658354
1, 752, 4657660, 51189725, 61192658
