0, 2, 21
2, 213416, 5622721, 7633684
1, 213416, 6209916, 8220722
1, 2, 21
2, 222068, 7633684, 15749076
1, 222068, 8220722, 16335073
2, 1, 21
2, 245140, 15749076, 17754022
3, 1, 21
3, 279748, 17044127, 19049284
4, 1, 21
2, 509051, 17754022, 19758366
5, 1, 21
1, 438368, 16335073, 20360749
6, 1, 21
3, 266770, 19049284, 21057374
7, 1, 21
4, 261002, 18484882, 20489026
8, 1, 21
2, 718191, 19758366, 21761004
9, 1, 21
1, 207648, 20360749, 22362974
10, 1, 21
4, 269654, 20489026, 22524051
11, 1, 21
2, 595596, 21761004, 23766997
12, 1, 21
1, 200438, 22362974, 24401143
13, 1, 21
4, 266770, 22524051, 24530191
14, 1, 21
2, 491772, 23766997, 25789417
15, 1, 21
1, 217742, 24401143, 26413058
16, 1, 21
4, 301378, 24530191, 26531569
17, 1, 21
3, 141316, 21057374, 27988626
18, 1, 21
2, 834993, 25789417, 28803791
19, 1, 21
4, 279748, 26531569, 28538807
20, 1, 21
1, 459998, 26413058, 30444539
21, 1, 21
3, 278306, 27988626, 29994311
22, 1, 21
2, 1039757, 28803791, 31809848
23, 1, 21
3, 295610, 29994311, 31998491
24, 1, 21
2, 409553, 31809848, 33833269
25, 1, 21
1, 425390, 30444539, 34458699
26, 1, 21
3, 103824, 31998491, 34943390
27, 1, 21
2, 269704, 33833269, 35834532
28, 1, 21
1, 167272, 34458699, 36472969
29, 1, 21
3, 575358, 34943390, 36943571
30, 1, 21
2, 767194, 35834532, 37835910
31, 1, 21
1, 201880, 36472969, 38475734
32, 1, 21
2, 416763, 37835910, 39837237
33, 1, 21
1, 207648, 38475734, 40499406
34, 1, 21
3, 307146, 36943571, 40176455
35, 1, 21
2, 530706, 39837237, 41838645
36, 1, 21
3, 594104, 40176455, 42176520
37, 1, 21
2, 909927, 41838645, 44889202
38, 1, 21
1, 522004, 40499406, 45545962
39, 1, 21
2, 190369, 44889202, 46891446
40, 1, 21
1, 191786, 45545962, 47550176
41, 1, 21
1, 207648, 47550176, 49590939
42, 1, 21
1, 175924, 49590939, 51611959
43, 1, 21
1, 236488, 51611959, 53617626
44, 1, 21
3, 324450, 42176520, 52939168
45, 1, 21
2, 871093, 46891446, 53947184
46, 1, 21
2, 907018, 53947184, 55949547
47, 1, 21
2, 915670, 55949547, 57952409
48, 1, 21
2, 468650, 57952409, 59961792
49, 1, 21
1, 1147832, 53617626, 63622985
