0, 2, 21
2, 72100, 5629537, 6388057
1, 72104, 6197345, 6955742
1, 2, 21
2, 144200, 6388057, 7681481
1, 144204, 6955742, 8249019
2, 2, 21
2, 144200, 7681481, 8970547
1, 144204, 8249019, 9538272
3, 2, 21
2, 217742, 8970547, 17031659
1, 217746, 9538272, 17598792
4, 2, 21
2, 85078, 17031659, 17689682
1, 72104, 17598792, 18256097
5, 2, 21
2, 80752, 17689682, 17998681
1, 36054, 18256097, 18566447
6, 2, 21
2, 43260, 17998681, 18159220
1, 18750, 18566447, 18726980
7, 2, 21
2, 23072, 18159220, 18249916
1, 10098, 18726980, 18817695
8, 2, 21
2, 344638, 18249916, 19664861
1, 144204, 18817695, 20232493
9, 2, 21
2, 271096, 19664861, 20331160
1, 72104, 20232493, 20898818
10, 2, 21
2, 136990, 20331160, 20667262
1, 36054, 20898818, 21234586
11, 2, 21
2, 73542, 20667262, 20841520
1, 18750, 21234586, 21408966
12, 2, 21
2, 497490, 20841520, 22295686
1, 144204, 21408966, 22862791
13, 2, 21
2, 207648, 22295686, 22948796
1, 72104, 22862791, 23515975
14, 2, 21
2, 96614, 22948796, 23392713
1, 36054, 23515975, 23959748
15, 2, 21
2, 36050, 23392713, 23565898
1, 18750, 23959748, 24133416
16, 2, 21
2, 17304, 23565898, 23661570
1, 10098, 24133416, 24229034
17, 2, 21
2, 343196, 23661570, 25145962
1, 144204, 24229034, 25713270
18, 2, 21
2, 330218, 25145962, 26366298
1, 144204, 25713270, 26933722
19, 2, 21
2, 164388, 26366298, 26984575
1, 72104, 26933722, 27551931
20, 2, 21
2, 327334, 26984575, 28228107
1, 144204, 27551931, 28795122
21, 2, 21
2, 451346, 28228107, 29532001
1, 144204, 28795122, 30099433
22, 2, 21
2, 259560, 29532001, 30172290
1, 72104, 30099433, 30738022
23, 2, 21
2, 121128, 30172290, 30479699
1, 36054, 30738022, 31046071
24, 2, 21
2, 344638, 30479699, 31696089
1, 144204, 31046071, 32263617
25, 2, 21
2, 162946, 31696089, 32309192
1, 72104, 32263617, 32876489
26, 2, 21
2, 80752, 32309192, 32614892
1, 36054, 32876489, 33182382
27, 2, 21
2, 240814, 32614892, 34474935
1, 144204, 33182382, 35042491
28, 2, 21
2, 72100, 34474935, 35423382
1, 72104, 35042491, 35991008
29, 2, 21
2, 106708, 35423382, 35730093
1, 36054, 35991008, 36297653
30, 2, 21
2, 80752, 35730093, 35900673
1, 18750, 36297653, 36467644
31, 2, 21
2, 38934, 35900673, 35985761
1, 10098, 36467644, 36553151
32, 2, 21
2, 8652, 35985761, 36033945
1, 5772, 36553151, 36601448
33, 2, 21
2, 558054, 36033945, 37521092
1, 144204, 36601448, 38087712
34, 2, 21
2, 262444, 37521092, 38172433
1, 72104, 38087712, 38739215
35, 2, 21
2, 138432, 38172433, 38499583
1, 36054, 38739215, 39066463
36, 2, 21
2, 152852, 38499583, 39949208
1, 144204, 39066463, 40516605
37, 2, 21
2, 72100, 39949208, 40570650
1, 72104, 40516605, 41138021
38, 2, 21
2, 529214, 40570650, 42015913
1, 144204, 41138021, 42582724
39, 2, 21
2, 263886, 42015913, 42684887
1, 72104, 42582724, 43251472
40, 2, 21
2, 135548, 42684887, 42996819
1, 36054, 43251472, 43564020
41, 2, 21
2, 73542, 42996819, 43157672
1, 18750, 43564020, 43724657
42, 2, 21
2, 331660, 43157672, 44558169
1, 144204, 43724657, 45125121
43, 2, 21
2, 72100, 44558169, 45510053
1, 72104, 45125121, 46077369
44, 2, 21
2, 36050, 45510053, 45962016
1, 36054, 46077369, 46529586
45, 2, 21
2, 144200, 45962016, 47221962
1, 144204, 46529586, 47789549
46, 2, 21
2, 72100, 47221962, 47824881
1, 72104, 47789549, 48392343
47, 2, 21
2, 144200, 47824881, 49414648
1, 144204, 48392343, 49981115
48, 2, 21
2, 144200, 49414648, 51080291
1, 144204, 49981115, 51646911
49, 2, 21
2, 144200, 51080291, 52298997
1, 144204, 51646911, 52866350
50, 2, 21
2, 72100, 52298997, 52910064
1, 72104, 52866350, 53476579
51, 2, 21
2, 351848, 52910064, 54146657
1, 144204, 53476579, 54714055
52, 2, 21
2, 295610, 54146657, 54751414
1, 72104, 54714055, 55318690
53, 2, 21
2, 147084, 54751414, 55057702
1, 36054, 55318690, 55625143
54, 2, 21
2, 571032, 55057702, 56290605
1, 144204, 55625143, 56858084
55, 2, 21
2, 553728, 56290605, 57502679
1, 144204, 56858084, 58069917
56, 2, 21
2, 494606, 57502679, 58727600
1, 144204, 58069917, 59295207
57, 2, 21
2, 144200, 58727600, 60035485
1, 144204, 59295207, 60602651
58, 2, 21
2, 72100, 60035485, 60678792
1, 72104, 60602651, 61246084
59, 2, 21
2, 144200, 60678792, 61930257
1, 144204, 61246084, 62498026
60, 2, 21
2, 144200, 61930257, 63292749
1, 144204, 62498026, 63860434
61, 2, 21
2, 144200, 63292749, 64622234
1, 144204, 63860434, 65189900
