0, 2, 21
2, 752, 1442025, 4546747, 7767708
1, 752, 1442004, 5097612, 8318232
1, 2, 21
2, 752, 1442025, 7767708, 10975446
1, 752, 1442004, 8318232, 11526179
2, 2, 21
2, 752, 1442025, 10975446, 14147071
1, 752, 1442004, 11526179, 14697668
3, 2, 21
2, 752, 1442025, 14147071, 17525109
1, 752, 1442004, 14697668, 18075571
4, 2, 21
2, 752, 1442025, 17525109, 20791647
1, 752, 1442004, 18075571, 21342208
5, 2, 21
2, 752, 1442025, 20791647, 23953665
1, 752, 1442004, 21342208, 24503816
6, 2, 21
2, 752, 1442025, 23953665, 27050219
1, 752, 1442004, 24503816, 27597232
7, 2, 21
2, 752, 1442025, 27050219, 30308178
1, 752, 1442004, 27597232, 30858307
8, 2, 21
2, 752, 1442025, 30308178, 33518528
1, 752, 1442004, 30858307, 34068821
9, 2, 21
2, 752, 1442025, 33518528, 36867633
1, 752, 1442004, 34068821, 37417946
10, 2, 21
2, 752, 1442025, 36867633, 40071777
1, 752, 1442004, 37417946, 40621696
11, 2, 21
2, 752, 1442025, 40071777, 43266169
1, 752, 1442004, 40621696, 43816823
12, 2, 21
2, 752, 1442025, 43266169, 46406807
1, 752, 1442004, 43816823, 46956331
13, 2, 21
2, 752, 1442025, 46406807, 49595648
1, 752, 1442004, 46956331, 50146041
14, 2, 21
2, 752, 1442025, 49595648, 52761453
1, 752, 1442004, 50146041, 53311775
15, 2, 21
2, 752, 1442025, 52761453, 55855371
1, 752, 1442004, 53311775, 56405680
16, 2, 21
2, 752, 1442025, 55855371, 59248540
1, 752, 1442004, 56405680, 59798758
17, 2, 21
2, 752, 1442025, 59248540, 62564684
1, 752, 1442004, 59798758, 63114835
