0, 2, 21
2, 752, 504725, 4421325, 5421363
1, 752, 504700, 4968850, 5969178
1, 2, 21
2, 752, 507609, 5421363, 6423333
1, 752, 507584, 5969178, 6971120
2, 2, 21
2, 752, 510493, 6423333, 7424989
1, 752, 510468, 6971120, 7972719
3, 2, 21
2, 752, 485979, 7424989, 8426449
1, 752, 485954, 7972719, 8974179
4, 2, 21
2, 752, 511935, 8426449, 9427653
1, 752, 511910, 8974179, 9975474
5, 2, 21
2, 752, 516261, 9427653, 10428004
1, 752, 516236, 9975474, 10975838
6, 2, 21
2, 752, 507609, 10428004, 11428747
1, 752, 507584, 10975838, 11976487
7, 2, 21
2, 752, 532123, 11428747, 12430216
1, 752, 532098, 11976487, 12977994
8, 2, 21
2, 752, 1467, 13431411, 13434899
1, 752, 514794, 12977994, 13981913
9, 2, 21
2, 752, 473001, 13434899, 14435866
1, 752, 472976, 13981913, 14983667
10, 2, 21
2, 752, 522029, 14435866, 15438054
1, 752, 522004, 14983667, 15985968
11, 2, 21
2, 752, 529239, 15438054, 16440381
1, 752, 529214, 15985968, 16988090
12, 2, 21
2, 752, 523471, 16440381, 17440884
1, 752, 523446, 16988090, 17988629
13, 2, 21
2, 752, 510493, 17440884, 18443086
1, 752, 510468, 17988629, 18990355
14, 2, 21
2, 752, 501841, 18443086, 19445718
1, 752, 501816, 18990355, 19992857
15, 2, 21
2, 752, 520587, 19445718, 20446688
1, 752, 520562, 19992857, 20994430
16, 2, 21
2, 752, 510493, 20446688, 21447655
1, 752, 510468, 20994430, 21994994
17, 2, 21
2, 752, 460023, 21447655, 22448242
1, 752, 459998, 21994994, 22996063
18, 2, 21
2, 752, 519145, 22448242, 23450134
1, 752, 519120, 22996063, 23997765
19, 2, 21
2, 752, 419647, 23450134, 24467497
1, 752, 419622, 23997765, 25007542
20, 2, 21
2, 752, 493189, 24467497, 25469640
1, 752, 493164, 25007542, 26009408
21, 2, 21
2, 752, 458581, 25469640, 26465100
1, 752, 458556, 26009408, 27012221
22, 2, 21
2, 752, 497515, 26465100, 27466916
1, 752, 497490, 27012221, 28014608
23, 2, 21
2, 752, 523471, 27466916, 28468652
1, 752, 523446, 28014608, 29016572
24, 2, 21
2, 752, 498957, 28468652, 29470081
1, 752, 498932, 29016572, 30017493
25, 2, 21
2, 752, 511935, 29470081, 30473379
1, 752, 511910, 30017493, 31021097
26, 2, 21
2, 752, 478769, 30473379, 31475161
1, 752, 478744, 31021097, 32022958
27, 2, 21
2, 752, 500399, 31475161, 32476237
1, 752, 500374, 32022958, 33023908
28, 2, 21
2, 752, 487421, 32476237, 33477999
1, 752, 487396, 33023908, 34025765
29, 2, 21
2, 752, 509051, 33477999, 34480682
1, 752, 509026, 34025765, 35028228
30, 2, 21
2, 752, 498957, 34480682, 35482004
1, 752, 498932, 35028228, 36029136
31, 2, 21
2, 752, 485979, 35482004, 36483144
1, 752, 485954, 36029136, 37030527
32, 2, 21
2, 752, 507609, 36483144, 37484133
1, 752, 507584, 37030527, 38031697
33, 2, 21
2, 752, 493189, 37484133, 38484105
1, 752, 493164, 38031697, 39031705
34, 2, 21
2, 752, 498957, 38484105, 39484622
1, 752, 498932, 39031705, 40032071
35, 2, 21
2, 752, 458581, 39484622, 40488152
1, 752, 458556, 40032071, 41034950
36, 2, 21
2, 752, 438393, 40488152, 41490578
1, 752, 438368, 41034950, 42037572
37, 2, 21
2, 752, 471559, 41490578, 42492569
1, 752, 471534, 42037572, 43039938
38, 2, 21
2, 752, 451371, 42492569, 43493711
1, 752, 451346, 43039938, 44041265
39, 2, 21
2, 752, 439835, 43493711, 44493783
1, 752, 439810, 44041265, 45041316
40, 2, 21
2, 752, 468675, 44493783, 45494565
1, 752, 468650, 45041316, 46042002
41, 2, 21
2, 752, 497515, 45494565, 46494670
1, 752, 497490, 46042002, 47042160
42, 2, 21
2, 752, 488863, 46494670, 47495084
1, 752, 488838, 47042160, 48042162
43, 2, 21
2, 752, 485979, 47495084, 48498333
1, 752, 485954, 48042162, 49044998
44, 2, 21
2, 752, 468675, 48498333, 49500913
1, 752, 468650, 49044998, 50047871
45, 2, 21
2, 752, 488863, 49500913, 50500660
1, 752, 488838, 50047871, 51048241
46, 2, 21
2, 752, 477327, 50500660, 51501507
1, 752, 477302, 51048241, 52049066
47, 2, 21
2, 752, 483095, 51501507, 52503918
1, 752, 483070, 52049066, 53051549
48, 2, 21
2, 752, 462907, 52503918, 53504959
1, 752, 462882, 53051549, 54051900
49, 2, 21
2, 752, 484537, 53504959, 54504802
1, 752, 484512, 54051900, 55052480
50, 2, 21
2, 752, 462907, 54504802, 55509819
1, 752, 462882, 55052480, 56057559
51, 2, 21
2, 752, 1467, 56510102, 56512639
1, 752, 503258, 56057559, 57060182
52, 2, 21
2, 752, 464349, 56512639, 57514337
1, 752, 464324, 57060182, 58061930
53, 2, 21
2, 752, 474443, 57514337, 58514899
1, 752, 474418, 58061930, 59062426
54, 2, 21
2, 752, 468675, 58514899, 59521446
1, 752, 468650, 59062426, 60068438
55, 2, 21
2, 752, 483095, 59521446, 60523055
1, 752, 483070, 60068438, 61070551
56, 2, 21
2, 752, 480211, 60523055, 61524827
1, 752, 480186, 61070551, 62072392
57, 2, 21
2, 752, 477327, 61524827, 62527505
1, 752, 477302, 62072392, 63074963
58, 2, 21
2, 752, 496073, 62527505, 63529266
1, 752, 496048, 63074963, 64076869
