0, 2, 21
2, 213416, 5639918, 7652192
1, 213416, 6189396, 8201423
1, 2, 21
2, 222068, 7652192, 15767112
1, 222068, 8201423, 16316299
2, 1, 21
2, 252350, 15767112, 17774168
3, 1, 21
1, 224952, 16316299, 18325053
4, 1, 21
3, 278306, 17006062, 19007593
5, 1, 21
2, 516286, 17774168, 19774595
6, 1, 21
1, 213416, 18325053, 20336184
7, 1, 21
3, 266770, 19007593, 21012637
8, 1, 21
4, 268212, 18441407, 20474449
9, 1, 21
2, 728285, 19774595, 21778350
10, 1, 21
1, 207648, 20336184, 22344882
11, 1, 21
4, 268212, 20474449, 22478361
12, 1, 21
2, 584060, 21778350, 23783588
13, 1, 21
1, 200438, 22344882, 24406461
14, 1, 21
4, 275422, 22478361, 24484185
15, 1, 21
2, 493214, 23783588, 25789010
16, 1, 21
1, 216300, 24406461, 26407227
17, 1, 21
4, 301378, 24484185, 26486819
18, 1, 21
2, 535032, 25789010, 27798017
19, 1, 21
1, 233604, 26407227, 28411273
20, 1, 21
3, 142758, 21012637, 27949051
21, 1, 21
4, 275422, 26486819, 28490312
22, 1, 21
2, 667721, 27798017, 29798259
23, 1, 21
1, 220626, 28411273, 30423326
24, 1, 21
3, 278306, 27949051, 29954932
25, 1, 21
2, 651834, 29798259, 31804031
26, 1, 21
1, 236488, 30423326, 32429370
27, 1, 21
3, 295610, 29954932, 31956457
28, 2, 21
2, 415346, 31804031, 33896515
1, 193228, 32429370, 34445573
29, 1, 21
3, 103824, 31956457, 34900638
30, 1, 21
2, 305729, 33896515, 35897509
31, 1, 21
1, 164388, 34445573, 36449045
32, 1, 21
3, 573916, 34900638, 36902868
33, 1, 21
2, 759984, 35897509, 37900975
34, 1, 21
1, 200438, 36449045, 38456858
35, 1, 21
2, 385039, 37900975, 39905495
36, 1, 21
1, 204764, 38456858, 40466819
37, 1, 21
3, 308588, 36902868, 40138106
38, 1, 21
2, 565314, 39905495, 41906840
39, 1, 21
1, 209090, 40466819, 42467340
40, 1, 21
3, 595546, 40138106, 42140757
41, 1, 21
2, 783056, 41906840, 43909994
42, 1, 21
1, 220626, 42467340, 44472512
43, 2, 21
2, 167297, 43909994, 45941661
1, 165830, 44472512, 46490615
44, 2, 21
2, 230720, 45941661, 47952721
1, 230720, 46490615, 48501882
45, 2, 21
2, 170156, 47952721, 49968086
1, 170156, 48501882, 50517211
46, 2, 21
2, 209090, 49968086, 51977033
1, 209090, 50517211, 52522867
47, 1, 21
3, 323008, 42140757, 52898432
48, 1, 21
2, 395133, 51977033, 53979766
49, 1, 21
1, 235046, 52522867, 54529374
50, 1, 21
3, 692160, 52898432, 54898977
51, 1, 21
2, 937350, 53979766, 55980472
52, 1, 21
1, 235046, 54529374, 56542405
53, 1, 21
3, 682066, 54898977, 56902377
54, 1, 21
2, 909952, 55980472, 57983073
55, 1, 21
1, 237930, 56542405, 58554412
56, 1, 21
2, 419647, 57983073, 59988257
57, 1, 21
1, 227836, 58554412, 60562364
58, 1, 21
2, 227861, 59988257, 61989519
59, 1, 21
1, 227836, 60562364, 62562391
60, 1, 21
2, 213441, 61989519, 63992385
61, 1, 21
1, 213416, 62562391, 64565891
