0, 2, 21
2, 102382, 5610951, 6622791
1, 102382, 6182385, 7193829
1, 2, 21
2, 111034, 6622791, 7625767
1, 111034, 7193829, 8196797
2, 1, 21
2, 112476, 7625767, 8638539
3, 1, 21
1, 167272, 8196797, 9697204
4, 2, 21
2, 109617, 8638539, 15741055
1, 54796, 9697204, 16312227
5, 2, 21
2, 113918, 15741055, 16751475
1, 113918, 16312227, 17322686
6, 1, 21
2, 129780, 16751475, 17751761
7, 1, 21
1, 111034, 17322686, 18323486
8, 1, 21
3, 141316, 17030496, 18033162
9, 1, 21
2, 240864, 17751761, 18757736
10, 1, 21
1, 112476, 18323486, 19330250
11, 1, 21
3, 138432, 18033162, 19040564
12, 1, 21
2, 271146, 18757736, 19758417
13, 1, 21
1, 99498, 19330250, 20333810
14, 1, 21
4, 154294, 18472556, 19479211
15, 1, 21
3, 149968, 19040564, 20049222
16, 1, 21
2, 406719, 19758417, 20759264
17, 1, 21
1, 108150, 20333810, 21336107
18, 1, 21
3, 118244, 20049222, 21057370
19, 1, 21
4, 113918, 19479211, 20516685
20, 1, 21
2, 314431, 20759264, 21761178
21, 1, 21
1, 95172, 21336107, 22341104
22, 1, 21
4, 149968, 20516685, 21518469
23, 1, 21
2, 386506, 21761178, 22768453
24, 1, 21
1, 149968, 22341104, 23845329
25, 1, 21
4, 118244, 21518469, 22529004
26, 1, 21
2, 207698, 22768453, 23778588
27, 1, 21
4, 126896, 22529004, 23530135
28, 1, 21
2, 222093, 23778588, 24782656
29, 1, 21
4, 147084, 23530135, 24531567
30, 1, 21
2, 263911, 24782656, 25784820
31, 1, 21
1, 258118, 23845329, 26368225
32, 1, 21
4, 152852, 24531567, 25539576
33, 1, 21
2, 398042, 25784820, 27290990
34, 1, 21
1, 177366, 26368225, 27886832
35, 1, 21
4, 144200, 25539576, 26541383
36, 1, 21
3, 139874, 21057370, 27979240
37, 1, 21
2, 429791, 27290990, 28805625
38, 1, 21
4, 207648, 26541383, 28050288
39, 1, 21
3, 131222, 27979240, 28983647
40, 1, 21
2, 372086, 28805625, 29806430
41, 1, 21
1, 282632, 27886832, 30403871
42, 1, 21
3, 144200, 28983647, 29987526
43, 1, 21
2, 526380, 29806430, 31308086
44, 1, 21
1, 175924, 30403871, 31910980
45, 1, 21
3, 149968, 29987526, 30994495
46, 1, 21
2, 266820, 31308086, 32308977
47, 1, 21
3, 147084, 30994495, 31995509
48, 2, 21
2, 292751, 32308977, 33942981
1, 262444, 31910980, 34513624
49, 2, 21
2, 66332, 33942981, 34946242
1, 66332, 34513624, 35516978
50, 1, 21
3, 105266, 31995509, 34949412
51, 2, 21
2, 236513, 34946242, 35948685
1, 98056, 35516978, 36518272
52, 1, 21
3, 250908, 34949412, 35953314
53, 1, 21
2, 321591, 35948685, 36952921
54, 1, 21
1, 147084, 36518272, 38029842
55, 1, 21
3, 325892, 35953314, 36956011
56, 1, 21
2, 441302, 36952921, 37956175
57, 1, 21
1, 109592, 38029842, 39030330
58, 1, 21
3, 302820, 36956011, 37959372
59, 1, 21
2, 289892, 37956175, 38961635
60, 1, 21
1, 149968, 39030330, 40530968
61, 1, 21
2, 96639, 38961635, 39971733
62, 1, 21
3, 2884, 37959372, 40184848
63, 1, 21
2, 168739, 39971733, 40972404
64, 1, 21
1, 151410, 40530968, 42037318
65, 1, 21
3, 292726, 40184848, 41187228
66, 1, 21
2, 398042, 40972404, 41974682
67, 1, 21
3, 465766, 41187228, 42689619
68, 1, 21
2, 630179, 41974682, 43477883
69, 1, 21
2, 198996, 43477883, 44488593
70, 1, 21
1, 373478, 42037318, 45593455
71, 1, 21
2, 85103, 44488593, 45537976
72, 1, 21
1, 77868, 45593455, 46604545
73, 1, 21
2, 151435, 45537976, 47020076
74, 1, 21
1, 115360, 46604545, 47614092
75, 1, 21
2, 165855, 47020076, 48532012
76, 1, 21
1, 164388, 47614092, 49114692
77, 1, 21
1, 85078, 49114692, 50114895
78, 1, 21
1, 126896, 50114895, 51615097
79, 1, 21
1, 119686, 51615097, 52626641
80, 1, 21
1, 118244, 52626641, 53634770
81, 1, 21
3, 160062, 42689619, 52954375
82, 1, 21
2, 745664, 48532012, 54082860
83, 1, 21
3, 341754, 52954375, 53956074
84, 1, 21
2, 477327, 54082860, 55084209
85, 1, 21
3, 523446, 53956074, 55458922
86, 1, 21
2, 458581, 55084209, 56086030
87, 1, 21
2, 690718, 56086030, 57590071
88, 1, 21
2, 458556, 57590071, 58591584
89, 1, 21
2, 112476, 58591584, 59602184
90, 1, 21
2, 112476, 59602184, 60612274
91, 1, 21
2, 252350, 60612274, 62869185
92, 1, 21
1, 1147832, 53634770, 63638953
