0, 2, 21
2, 752, 481653, 4456518, 5451368
1, 752, 481628, 5109900, 6109987
1, 2, 21
2, 752, 529239, 5451368, 6452159
1, 752, 529214, 6109987, 7110793
2, 2, 21
2, 752, 529239, 6452159, 7454197
1, 752, 529214, 7110793, 8112639
3, 2, 21
2, 752, 520587, 7454197, 8456576
1, 752, 520562, 8112639, 9115156
4, 2, 21
2, 752, 510493, 8456576, 9459543
1, 752, 510468, 9115156, 10117973
5, 2, 21
2, 752, 535007, 9459543, 10462167
1, 752, 534982, 10117973, 11120415
6, 2, 21
2, 752, 519145, 10462167, 11464257
1, 752, 519120, 11120415, 12122647
7, 2, 21
2, 752, 501841, 11464257, 12467135
1, 752, 501816, 12122647, 13125140
8, 2, 21
2, 752, 497515, 12467135, 13467865
1, 752, 497490, 13125140, 14125299
9, 2, 21
2, 752, 4398125, 14468934, 23467840
1, 752, 4886938, 14125299, 24125882
10, 2, 21
2, 752, 4839377, 23467840, 33469191
1, 752, 4837910, 24125882, 34126443
11, 2, 21
2, 752, 4935991, 33469191, 43469434
1, 752, 4937408, 34126443, 44127424
12, 2, 21
2, 752, 4748531, 43469434, 53471935
1, 752, 4747064, 44127424, 54129369
13, 2, 21
2, 752, 4820631, 53471935, 63473763
1, 752, 4822048, 54129369, 64130365
