0, 2, 21
2, 752, 1442025, 4496533, 7320886
1, 752, 1442004, 5054578, 7878613
1, 2, 21
2, 752, 1442025, 7320886, 10250964
1, 752, 1442004, 7878613, 10808805
2, 2, 21
2, 752, 1442025, 10250964, 13197519
1, 752, 1442004, 10808805, 13755597
3, 2, 21
2, 752, 1442025, 13197519, 16161517
1, 752, 1442004, 13755597, 16719175
4, 2, 21
2, 752, 1442025, 16161517, 19331402
1, 752, 1442004, 16719175, 19889395
5, 2, 21
2, 752, 1442025, 19331402, 22343531
1, 752, 1442004, 19889395, 22901314
6, 2, 21
2, 752, 1442025, 22343531, 25425258
1, 752, 1442004, 22901314, 25982793
7, 2, 21
2, 752, 1442025, 25425258, 28481871
1, 752, 1442004, 25982793, 29039812
8, 2, 21
2, 752, 1442025, 28481871, 31584481
1, 752, 1442004, 29039812, 32142448
9, 2, 21
2, 752, 1442025, 31584481, 34735761
1, 752, 1442004, 32142448, 35293278
10, 2, 21
2, 752, 1442025, 34735761, 37791302
1, 752, 1442004, 35293278, 38349175
11, 2, 21
2, 752, 1442025, 37791302, 40842445
1, 752, 1442004, 38349175, 41399918
12, 2, 21
2, 752, 1442025, 40842445, 43911607
1, 752, 1442004, 41399918, 44469055
13, 2, 21
2, 752, 1442025, 43911607, 46842519
1, 752, 1442004, 44469055, 47400346
14, 2, 21
2, 752, 1442025, 46842519, 49993440
1, 752, 1442004, 47400346, 50551417
15, 2, 21
2, 752, 1442025, 49993440, 52999837
1, 752, 1442004, 50551417, 53557611
16, 2, 21
2, 752, 1442025, 52999837, 56065300
1, 752, 1442004, 53557611, 56623190
17, 2, 21
2, 752, 1442025, 56065300, 59137054
1, 752, 1442004, 56623190, 59694847
18, 2, 21
2, 752, 1442025, 59137054, 62261606
1, 752, 1442004, 59694847, 62819045
