0, 2, 21
2, 72100, 5620079, 6369176
1, 72104, 6818482, 7568068
1, 2, 21
2, 144200, 6369176, 7662744
1, 144204, 7568068, 8862074
2, 2, 21
2, 144200, 7662744, 8951309
1, 144204, 8862074, 10150025
3, 2, 21
2, 217742, 8951309, 17013777
1, 217746, 10150025, 18213164
4, 2, 21
2, 83636, 17013777, 17673727
1, 72104, 18213164, 18872569
5, 2, 21
2, 82194, 17673727, 17984122
1, 36054, 18872569, 19183301
6, 2, 21
2, 43260, 17984122, 18144594
1, 18750, 19183301, 19343993
7, 2, 21
2, 21630, 18144594, 18233033
1, 10098, 19343993, 19432124
8, 2, 21
2, 344638, 18233033, 19637067
1, 144204, 19432124, 20836018
9, 2, 21
2, 271096, 19637067, 20301948
1, 72104, 20836018, 21501286
10, 2, 21
2, 134106, 20301948, 20623462
1, 36054, 21501286, 21822493
11, 2, 21
2, 70658, 20623462, 20791963
1, 18750, 21822493, 21990967
12, 2, 21
2, 494606, 20791963, 22246316
1, 144204, 21990967, 23440592
13, 2, 21
2, 211974, 22246316, 22885034
1, 72104, 23440592, 24083554
14, 2, 21
2, 98056, 22885034, 23327021
1, 36054, 24083554, 24524835
15, 2, 21
2, 38934, 23327021, 23499948
1, 18750, 24524835, 24697552
16, 2, 21
2, 12978, 23499948, 23594176
1, 10098, 24697552, 24793377
17, 2, 21
2, 341754, 23594176, 25082304
1, 144204, 24793377, 26281394
18, 2, 21
2, 335986, 25082304, 26338676
1, 144204, 26281394, 27537348
19, 2, 21
2, 165830, 26338676, 26974806
1, 72104, 27537348, 28173859
20, 2, 21
2, 325892, 26974806, 28229507
1, 144204, 28173859, 29428420
21, 2, 21
2, 447020, 28229507, 29540397
1, 144204, 29428420, 30738498
22, 2, 21
2, 252350, 29540397, 30180906
1, 72104, 30738498, 31379861
23, 2, 21
2, 118244, 30180906, 30489255
1, 36054, 31379861, 31688317
24, 2, 21
2, 361942, 30489255, 31709130
1, 144204, 31688317, 32907598
25, 2, 21
2, 161504, 31709130, 32320590
1, 72104, 32907598, 33519877
26, 2, 21
2, 77868, 32320590, 32626601
1, 36054, 33519877, 33825768
27, 2, 21
2, 243698, 32626601, 34488423
1, 144204, 33825768, 35686894
28, 2, 21
2, 72100, 34488423, 35437717
1, 72104, 35686894, 36636245
29, 2, 21
2, 98056, 35437717, 35745040
1, 36054, 36636245, 36943549
30, 2, 21
2, 77868, 35745040, 35914715
1, 18750, 36943549, 37113239
31, 2, 21
2, 41818, 35914715, 35999545
1, 10098, 37113239, 37198666
32, 2, 21
2, 17304, 35999545, 36050699
1, 5772, 37198666, 37249138
33, 2, 21
2, 543634, 36050699, 37533686
1, 144204, 37249138, 38732473
34, 2, 21
2, 258118, 37533686, 38186036
1, 72104, 38732473, 39384542
35, 2, 21
2, 142758, 38186036, 38512775
1, 36054, 39384542, 39711762
36, 2, 21
2, 168714, 38512775, 39963915
1, 144204, 39711762, 41162678
37, 2, 21
2, 72100, 39963915, 40585763
1, 72104, 41162678, 41784486
38, 2, 21
2, 514794, 40585763, 42030904
1, 144204, 41784486, 43229039
39, 2, 21
2, 262444, 42030904, 42699227
1, 72104, 43229039, 43898041
40, 2, 21
2, 138432, 42699227, 43011694
1, 36054, 43898041, 44210797
41, 2, 21
2, 73542, 43011694, 43173233
1, 18750, 44210797, 44371631
42, 2, 21
2, 344638, 43173233, 44572695
1, 144204, 44371631, 45771742
43, 2, 21
2, 72100, 44572695, 45524549
1, 72104, 45771742, 46723630
44, 2, 21
2, 36050, 45524549, 45977227
1, 36054, 46723630, 47176149
45, 2, 21
2, 144200, 45977227, 47239977
1, 144204, 47176149, 48438520
46, 2, 21
2, 72100, 47239977, 47843006
1, 72104, 48438520, 49041944
47, 2, 21
2, 144200, 47843006, 49441062
1, 144204, 49041944, 50635966
48, 2, 21
2, 144200, 49441062, 51100360
1, 144204, 50635966, 52299189
49, 2, 21
2, 144200, 51100360, 52322275
1, 144204, 52299189, 53520614
50, 2, 21
2, 72100, 52322275, 52933569
1, 72104, 53520614, 54131829
51, 2, 21
2, 327334, 52933569, 54196512
1, 144204, 54131829, 55394956
52, 2, 21
2, 281190, 54196512, 54854133
1, 72104, 55394956, 56052648
53, 2, 21
2, 149968, 54854133, 55180615
1, 36054, 56052648, 56377895
54, 2, 21
2, 552286, 55180615, 56514481
1, 144204, 56377895, 57712916
55, 2, 21
2, 558054, 56514481, 57801056
1, 144204, 57712916, 58998929
56, 2, 21
2, 545076, 57801056, 59065326
1, 144204, 58998929, 60264040
57, 2, 21
2, 144200, 59065326, 60385944
1, 144204, 60264040, 61585223
58, 2, 21
2, 72100, 60385944, 61030430
1, 72104, 61585223, 62229760
59, 2, 21
2, 144200, 61030430, 62288425
1, 144204, 62229760, 63487294
60, 2, 21
2, 144200, 62288425, 63651509
1, 144204, 63487294, 64850834
61, 2, 21
2, 144200, 63651509, 64983075
1, 144204, 64850834, 66182452
