0, 2, 21
2, 100940, 5577321, 6583819
1, 100940, 6146250, 7152242
1, 2, 21
2, 111034, 6583819, 7595077
1, 111034, 7152242, 8163699
2, 2, 21
2, 111034, 7595077, 8596301
1, 111034, 8163699, 9165105
3, 2, 21
2, 112476, 8596301, 15724428
1, 112476, 9165105, 16293055
4, 2, 21
2, 113918, 15724428, 16734896
1, 113918, 16293055, 17303350
5, 1, 21
2, 138432, 16734896, 17738164
6, 1, 21
1, 112476, 17303350, 18313761
7, 1, 21
3, 141316, 16994956, 18000694
8, 1, 21
2, 239422, 17738164, 18747021
9, 1, 21
1, 112476, 18313761, 19372663
10, 1, 21
3, 136990, 18000694, 19002248
11, 1, 21
2, 279798, 18747021, 19752025
12, 1, 21
1, 108150, 19372663, 20384034
13, 1, 21
4, 154294, 18442528, 19444208
14, 1, 21
3, 149968, 19002248, 20010957
15, 1, 21
2, 413929, 19752025, 20757779
16, 1, 21
1, 109592, 20384034, 21385916
17, 1, 21
3, 118244, 20010957, 21019658
18, 1, 21
4, 113918, 19444208, 20477744
19, 1, 21
2, 315873, 20757779, 21761335
20, 1, 21
1, 92288, 21385916, 22389008
21, 1, 21
4, 148526, 20477744, 21478814
22, 1, 21
2, 382180, 21761335, 22770307
23, 1, 21
1, 115360, 22389008, 23399885
24, 1, 21
4, 118244, 21478814, 22486757
25, 1, 21
2, 199046, 22770307, 23771092
26, 1, 21
1, 86520, 23399885, 24403310
27, 1, 21
4, 128338, 22486757, 23493373
28, 1, 21
2, 232212, 23771092, 24775301
29, 1, 21
1, 100940, 24403310, 25407443
30, 1, 21
4, 148526, 23493373, 24501748
31, 1, 21
2, 265378, 24775301, 25776289
32, 1, 21
1, 116802, 25407443, 26412143
33, 1, 21
4, 154294, 24501748, 25508271
34, 1, 21
2, 269704, 25776289, 26777903
35, 1, 21
1, 118244, 26412143, 27418749
36, 1, 21
4, 148526, 25508271, 26516636
37, 1, 21
2, 261052, 26777903, 27788425
38, 1, 21
1, 112476, 27418749, 28430851
39, 1, 21
3, 141316, 21019658, 27947890
40, 1, 21
4, 144200, 26516636, 27519459
41, 1, 21
2, 295685, 27788425, 28792800
42, 1, 21
1, 116802, 28430851, 29434502
43, 1, 21
3, 134106, 27947890, 28962025
44, 1, 21
4, 135548, 27519459, 28526373
45, 1, 21
2, 382205, 28792800, 29798546
46, 1, 21
1, 105266, 29434502, 30442978
47, 1, 21
3, 148526, 28962025, 29970463
48, 1, 21
2, 382180, 29798546, 30799417
49, 1, 21
1, 118244, 30442978, 31452605
50, 1, 21
3, 148526, 29970463, 30973973
51, 1, 21
2, 266820, 30799417, 31804880
52, 1, 21
1, 118244, 31452605, 32453758
53, 1, 21
3, 148526, 30973973, 31978218
54, 1, 21
2, 262494, 31804880, 32808523
55, 1, 21
1, 118244, 32453758, 33465202
56, 1, 21
2, 144225, 32808523, 33876296
57, 1, 21
1, 73542, 33465202, 34484222
58, 1, 21
2, 66357, 33876296, 34879966
59, 1, 21
1, 67774, 34484222, 35486374
60, 1, 21
3, 98056, 31978218, 34888862
61, 1, 21
2, 243748, 34879966, 35881835
62, 1, 21
1, 98056, 35486374, 36487566
63, 1, 21
3, 250908, 34888862, 35892062
64, 1, 21
2, 320174, 35881835, 36882613
65, 1, 21
1, 86520, 36487566, 37490893
66, 1, 21
3, 325892, 35892062, 36894846
67, 1, 21
2, 438418, 36882613, 37884060
68, 1, 21
1, 112476, 37490893, 38499104
69, 1, 21
3, 302820, 36894846, 37897649
70, 1, 21
2, 288450, 37884060, 38902320
71, 1, 21
1, 109592, 38499104, 39510207
72, 1, 21
2, 95197, 38902320, 39913923
73, 1, 21
1, 96614, 39510207, 40517975
74, 1, 21
3, 2884, 37897649, 40123253
75, 1, 21
2, 180300, 39913923, 40914548
76, 1, 21
1, 102382, 40517975, 41525183
77, 1, 21
3, 284074, 40123253, 41123500
78, 1, 21
2, 386506, 40914548, 41916143
79, 1, 21
1, 108150, 41525183, 42535438
80, 1, 21
3, 299936, 41123500, 42126224
81, 1, 21
2, 406694, 41916143, 42918667
82, 1, 21
1, 111034, 42535438, 43541365
83, 1, 21
3, 311472, 42126224, 43128335
84, 1, 21
2, 376412, 42918667, 43926105
85, 1, 21
1, 111034, 43541365, 44546163
86, 1, 21
2, 90871, 43926105, 44936853
87, 1, 21
1, 87962, 44546163, 45546310
88, 1, 21
2, 76451, 44936853, 45949122
89, 1, 21
1, 77868, 45546310, 46557070
90, 1, 21
2, 115385, 45949122, 46960636
91, 1, 21
1, 115360, 46557070, 47566692
92, 1, 21
2, 118269, 46960636, 47967444
93, 1, 21
1, 118244, 47566692, 48572992
94, 1, 21
2, 87987, 47967444, 48978375
95, 1, 21
1, 87962, 48572992, 49584515
96, 1, 21
2, 80777, 48978375, 49991316
97, 1, 21
1, 79310, 49584515, 50585448
98, 1, 21
2, 93755, 49991316, 50998715
99, 1, 21
1, 93730, 50585448, 51591020
100, 1, 21
2, 119711, 50998715, 52007625
101, 1, 21
1, 119686, 51591020, 52602729
102, 1, 21
2, 118269, 52007625, 53017036
103, 1, 21
1, 118244, 52602729, 53610511
104, 1, 21
3, 23072, 43128335, 52940825
105, 1, 21
2, 284124, 53017036, 54018922
106, 1, 21
1, 115360, 53610511, 54612832
107, 1, 21
3, 341754, 52940825, 53943512
108, 1, 21
2, 475910, 54018922, 55019759
109, 1, 21
1, 119686, 54612832, 55623758
110, 1, 21
3, 351848, 53943512, 54943558
111, 1, 21
2, 458606, 55019759, 56022002
112, 1, 21
1, 116802, 55623758, 56630843
113, 1, 21
3, 346080, 54943558, 55945761
114, 1, 21
2, 464374, 56022002, 57026406
115, 1, 21
1, 119686, 56630843, 57634319
116, 1, 21
3, 337428, 55945761, 56949598
117, 1, 21
2, 448512, 57026406, 58027841
118, 1, 21
1, 118244, 57634319, 58640261
119, 1, 21
3, 341754, 56949598, 57950728
120, 1, 21
2, 301428, 58027841, 59032797
121, 1, 21
1, 116802, 58640261, 59652308
122, 1, 21
2, 111059, 59032797, 60037923
123, 1, 21
1, 111034, 59652308, 60656654
124, 1, 21
2, 112501, 60037923, 61038009
125, 1, 21
1, 113918, 60656654, 61668111
126, 1, 21
2, 113943, 61038009, 62046252
127, 1, 21
1, 112476, 61668111, 62673672
128, 1, 21
2, 106733, 62046252, 63057660
129, 1, 21
1, 106708, 62673672, 63680377
130, 1, 21
2, 108175, 63057660, 64070353
131, 1, 21
1, 106708, 63680377, 64682671
132, 1, 21
2, 111059, 64070353, 65075272
133, 1, 21
1, 111034, 64682671, 65684229
