0, 2, 21
2, 752, 513377, 4434710, 5436018
1, 752, 513352, 4999580, 6000944
1, 2, 21
2, 752, 520587, 5436018, 6436538
1, 752, 520562, 6000944, 7001439
2, 2, 21
2, 752, 529239, 6436538, 7436672
1, 752, 529214, 7001439, 8001749
3, 2, 21
2, 752, 527797, 7436672, 8438072
1, 752, 527772, 8001749, 9003057
4, 2, 21
2, 752, 510493, 8438072, 9439835
1, 752, 510468, 9003057, 10004565
5, 2, 21
2, 752, 516261, 9439835, 10440985
1, 752, 516236, 10004565, 11005969
6, 2, 21
2, 752, 503283, 10440985, 11442746
1, 752, 503258, 11005969, 12007906
7, 2, 21
2, 752, 509051, 11442746, 12445260
1, 752, 509026, 12007906, 13010057
8, 2, 21
2, 752, 524913, 12445260, 13446692
1, 752, 524888, 13010057, 14011795
9, 2, 21
2, 752, 529239, 13446692, 14446903
1, 752, 529214, 14011795, 15012037
10, 2, 21
2, 752, 448487, 14446903, 15448868
1, 752, 448462, 15012037, 16013989
11, 2, 21
2, 752, 533565, 15448868, 16449752
1, 752, 533540, 16013989, 17014800
12, 2, 21
2, 752, 536449, 16449752, 17452368
1, 752, 536424, 17014800, 18016974
13, 2, 21
2, 752, 514819, 17452368, 18455926
1, 752, 514794, 18016974, 19020944
14, 2, 21
2, 752, 520587, 18455926, 19456491
1, 752, 520562, 19020944, 20021503
15, 2, 21
2, 752, 507609, 19456491, 20458752
1, 752, 507584, 20021503, 21023750
16, 2, 21
2, 752, 527797, 20458752, 21460297
1, 752, 527772, 21023750, 22025276
17, 2, 21
2, 752, 483095, 21460297, 22462641
1, 752, 483070, 22025276, 23027765
18, 2, 21
2, 752, 514819, 22462641, 23465161
1, 752, 514794, 23027765, 24030087
19, 2, 21
2, 752, 511935, 23465161, 24466653
1, 752, 511910, 24030087, 25031706
20, 2, 21
2, 752, 478769, 24466653, 25470056
1, 752, 478744, 25031706, 26035040
21, 2, 21
2, 752, 478769, 25470056, 26470787
1, 752, 478744, 26035040, 27035927
22, 2, 21
2, 752, 462907, 26470787, 27471367
1, 752, 462882, 27035927, 28036342
23, 2, 21
2, 752, 490305, 27471367, 28473446
1, 752, 490280, 28036342, 29038501
24, 2, 21
2, 752, 517703, 28473446, 29475966
1, 752, 517678, 29038501, 30040412
25, 2, 21
2, 752, 519145, 29475966, 30477391
1, 752, 519120, 30040412, 31042387
26, 2, 21
2, 752, 465791, 30477391, 31477913
1, 752, 465766, 31042387, 32042595
27, 2, 21
2, 752, 507609, 31477913, 32478237
1, 752, 507584, 32042595, 33042926
28, 2, 21
2, 752, 467233, 32478237, 33480197
1, 752, 467208, 33042926, 34044859
29, 2, 21
2, 752, 460023, 33480197, 34482497
1, 752, 459998, 34044859, 35046903
30, 2, 21
2, 752, 498957, 34482497, 35482659
1, 752, 498932, 35046903, 36047390
31, 2, 21
2, 752, 477327, 35482659, 36484626
1, 752, 477302, 36047390, 37049447
32, 2, 21
2, 752, 485979, 36484626, 37486344
1, 752, 485954, 37049447, 38051180
33, 2, 21
2, 752, 494631, 37486344, 38489432
1, 752, 494606, 38051180, 39054189
34, 2, 21
2, 752, 498957, 38489432, 39492155
1, 752, 498932, 39054189, 40056622
35, 2, 21
2, 752, 497515, 39492155, 40492970
1, 752, 497490, 40056622, 41057558
36, 2, 21
2, 752, 483095, 40492970, 41495193
1, 752, 483070, 41057558, 42058671
37, 2, 21
2, 752, 452813, 41495193, 42494435
1, 752, 452788, 42058671, 43059180
38, 2, 21
2, 752, 480211, 42494435, 43494945
1, 752, 480186, 43059180, 44059698
39, 2, 21
2, 752, 481653, 43494945, 44496166
1, 752, 481628, 44059698, 45060853
40, 2, 21
2, 752, 478769, 44496166, 45499315
1, 752, 478744, 45060853, 46064191
41, 2, 21
2, 752, 470117, 45499315, 46501409
1, 752, 470092, 46064191, 47066309
42, 2, 21
2, 752, 474443, 46501409, 47502081
1, 752, 474418, 47066309, 48066858
43, 2, 21
2, 752, 455697, 47502081, 48502330
1, 752, 455672, 48066858, 49067182
44, 2, 21
2, 752, 484537, 48502330, 49504334
1, 752, 484512, 49067182, 50068263
45, 2, 21
2, 752, 506167, 49504334, 50503604
1, 752, 506142, 50068263, 51068334
46, 2, 21
2, 752, 471559, 50503604, 51503566
1, 752, 471534, 51068334, 52068445
47, 2, 21
2, 752, 392249, 51503566, 52504576
1, 752, 392224, 52068445, 53069572
48, 2, 21
2, 752, 488863, 52504576, 53505054
1, 752, 488838, 53069572, 54069738
49, 2, 21
2, 752, 498957, 53505054, 54505300
1, 752, 498932, 54069738, 55070013
50, 2, 21
2, 752, 449929, 54505300, 55507279
1, 752, 449904, 55070013, 56071748
51, 2, 21
2, 752, 491747, 55507279, 56508623
1, 752, 491722, 56071748, 57073312
52, 2, 21
2, 752, 487421, 56508623, 57510772
1, 752, 487396, 57073312, 58073848
53, 2, 21
2, 752, 488863, 57510772, 58511432
1, 752, 488838, 58073848, 59075729
54, 2, 21
2, 752, 439835, 58511432, 59513484
1, 752, 439810, 59075729, 60078547
55, 2, 21
2, 752, 416763, 59513484, 60515723
1, 752, 416738, 60078547, 61080424
56, 2, 21
2, 752, 451371, 60515723, 61519590
1, 752, 451346, 61080424, 62083898
57, 2, 21
2, 752, 451371, 61519590, 62519523
1, 752, 451346, 62083898, 63084448
58, 2, 21
2, 752, 455697, 62519523, 63520808
1, 752, 455672, 63084448, 64085448
