0, 2, 21
2, 25956, 5553214, 5804441
1, 25956, 6110584, 6361455
1, 2, 21
2, 27398, 5804441, 6056150
1, 27398, 6361455, 6613735
2, 2, 21
2, 18746, 6056150, 6309561
1, 18746, 6613735, 6866393
3, 2, 21
2, 28840, 6309561, 6559986
1, 28840, 6866393, 7117581
4, 2, 21
2, 36050, 6559986, 6881797
1, 36050, 7117581, 7439450
5, 2, 21
2, 28840, 6881797, 7135362
1, 28840, 7439450, 7693100
6, 2, 21
2, 27398, 7135362, 7389128
1, 27398, 7693100, 7946985
7, 2, 21
2, 27398, 7389128, 7639505
1, 27398, 7946985, 8197285
8, 2, 21
2, 27398, 7639505, 7891566
1, 27398, 8197285, 8449400
9, 2, 21
2, 36050, 7891566, 8217507
1, 36050, 8449400, 8775274
10, 2, 21
2, 44702, 8217507, 8612867
1, 44702, 8775274, 9170633
11, 2, 21
2, 106708, 8612867, 15690247
1, 106708, 9170633, 16247567
12, 2, 21
2, 27398, 15690247, 15947060
1, 27398, 16247567, 16504470
13, 2, 21
2, 36050, 15947060, 16269678
1, 36050, 16504470, 16827472
14, 2, 21
2, 46144, 16269678, 16663881
1, 46144, 16827472, 17220896
15, 2, 21
2, 85078, 16663881, 17430240
1, 85078, 17220896, 17987407
16, 1, 21
2, 60564, 17430240, 17738547
17, 1, 21
1, 36050, 17987407, 18304001
18, 1, 21
3, 37492, 17007106, 17259997
19, 1, 21
2, 66382, 17738547, 17992706
20, 1, 21
1, 37492, 18304001, 18626669
21, 1, 21
3, 38934, 17259997, 17518094
22, 1, 21
2, 83686, 17992706, 18315441
23, 1, 21
3, 36050, 17518094, 17772898
24, 1, 21
1, 46144, 18626669, 19021368
25, 1, 21
2, 60614, 18315441, 18575982
26, 1, 21
3, 30282, 17772898, 18091862
27, 1, 21
1, 25956, 19021368, 19338904
28, 1, 21
2, 36100, 18575982, 18828368
29, 1, 21
3, 38934, 18091862, 18404388
30, 1, 21
1, 24514, 19338904, 19593352
31, 1, 21
2, 66382, 18828368, 19084653
32, 1, 21
3, 40376, 18404388, 18660745
33, 1, 21
2, 67799, 19084653, 19341166
34, 1, 21
1, 34608, 19593352, 19919695
35, 1, 21
3, 49028, 18660745, 18974218
36, 1, 21
2, 96664, 19341166, 19654645
37, 1, 21
1, 44702, 19919695, 20312831
38, 1, 21
4, 40376, 18471152, 18724923
39, 1, 21
2, 102432, 19654645, 19905002
40, 1, 21
3, 60564, 18974218, 19370866
41, 1, 21
4, 34608, 18724923, 18979223
42, 1, 21
2, 96664, 19905002, 20158064
43, 1, 21
3, 36050, 19370866, 19624349
44, 1, 21
1, 60564, 20312831, 20876797
45, 1, 21
4, 40376, 18979223, 19232367
46, 1, 21
2, 131297, 20158064, 20473032
47, 1, 21
1, 28840, 20876797, 21136239
48, 1, 21
3, 59122, 19624349, 20017971
49, 1, 21
4, 38934, 19232367, 19482793
50, 1, 21
4, 37492, 19482793, 19733942
51, 1, 21
1, 34608, 21136239, 21449055
52, 1, 21
2, 200563, 20473032, 20964098
53, 1, 21
4, 27398, 19733942, 19994715
54, 1, 21
3, 77868, 20017971, 20630868
55, 1, 21
2, 67824, 20964098, 21223444
56, 1, 21
1, 37492, 21449055, 21845017
57, 1, 21
4, 18746, 19994715, 20258690
58, 1, 21
3, 18746, 20630868, 20886595
59, 1, 21
2, 63523, 21223444, 21477063
60, 1, 21
1, 18746, 21845017, 22108943
61, 1, 21
4, 30282, 20258690, 20522028
62, 1, 21
3, 34608, 20886595, 21164366
63, 1, 21
2, 86595, 21477063, 21735414
64, 1, 21
1, 24514, 22108943, 22377976
65, 1, 21
4, 38934, 20522028, 20773712
66, 1, 21
3, 38934, 21164366, 21421466
67, 1, 21
2, 99573, 21735414, 21986094
68, 1, 21
1, 28840, 22377976, 22629447
69, 1, 21
4, 47586, 20773712, 21092115
70, 1, 21
2, 102432, 21986094, 22236210
71, 1, 21
3, 47586, 21421466, 21741961
72, 1, 21
1, 28840, 22629447, 22883203
73, 1, 21
4, 57680, 21092115, 21484021
74, 1, 21
2, 155811, 22236210, 22633738
75, 1, 21
1, 44702, 22883203, 23285146
76, 1, 21
2, 56263, 22633738, 22890652
77, 1, 21
4, 34608, 21484021, 21791228
78, 1, 21
2, 51937, 22890652, 23142765
79, 1, 21
4, 33166, 21791228, 22044995
80, 1, 21
1, 38934, 23285146, 23727900
81, 1, 21
2, 60614, 23142765, 23395250
82, 1, 21
4, 37492, 22044995, 22301287
83, 1, 21
1, 25956, 23727900, 23982245
84, 1, 21
4, 21630, 22301287, 22574344
85, 1, 21
2, 59197, 23395250, 23720681
86, 1, 21
1, 30282, 23982245, 24351224
87, 1, 21
4, 28840, 22574344, 22829643
88, 1, 21
2, 46194, 23720681, 23971121
89, 1, 21
1, 24514, 24351224, 24624785
90, 1, 21
4, 40376, 22829643, 23150382
91, 1, 21
2, 69266, 23971121, 24291492
92, 1, 21
1, 23072, 24624785, 24885986
93, 1, 21
4, 34608, 23150382, 23402973
94, 1, 21
2, 64940, 24291492, 24544383
95, 1, 21
1, 30282, 24885986, 25144365
96, 1, 21
4, 47586, 23402973, 23723055
97, 1, 21
1, 34608, 25144365, 25466993
98, 1, 21
2, 102457, 24544383, 24942758
99, 1, 21
4, 72100, 23723055, 24217086
100, 1, 21
1, 57680, 25466993, 25956017
101, 1, 21
2, 158670, 24942758, 25557216
102, 1, 21
1, 36050, 25956017, 26295370
103, 1, 21
1, 34608, 26295370, 26612299
104, 1, 21
1, 43260, 26612299, 27004703
105, 1, 21
1, 83636, 27004703, 27767798
106, 1, 21
4, 359058, 24217086, 26664957
107, 1, 21
1, 63448, 27767798, 28344416
108, 1, 21
4, 41818, 26664957, 26986139
109, 1, 21
1, 37492, 28344416, 28666779
110, 1, 21
4, 34608, 26986139, 27236229
111, 1, 21
1, 46144, 28666779, 29060879
112, 1, 21
3, 43260, 21741961, 27962775
113, 1, 21
4, 31724, 27236229, 27499075
114, 1, 21
2, 800610, 25557216, 28637202
115, 1, 21
3, 36050, 27962775, 28227920
116, 1, 21
2, 93755, 28637202, 28888520
117, 1, 21
4, 41818, 27499075, 27812567
118, 1, 21
3, 27398, 28227920, 28486060
119, 1, 21
2, 85128, 28888520, 29140624
120, 1, 21
4, 28840, 27812567, 28064364
121, 1, 21
1, 82194, 29060879, 29843585
122, 1, 21
3, 38934, 28486060, 28738310
123, 1, 21
2, 98131, 29140624, 29391110
124, 1, 21
4, 38934, 28064364, 28323748
125, 1, 21
1, 28840, 29843585, 30097076
126, 1, 21
3, 31724, 28738310, 28991513
127, 1, 21
2, 118319, 29391110, 29706553
128, 1, 21
4, 43260, 28323748, 28641263
129, 1, 21
1, 28840, 30097076, 30353469
130, 1, 21
3, 38934, 28991513, 29248708
131, 1, 21
2, 157253, 29706553, 30097933
132, 1, 21
3, 46144, 29248708, 29565763
133, 1, 21
1, 43260, 30353469, 30749770
134, 1, 21
4, 72100, 28641263, 29134055
135, 1, 21
1, 28840, 30749770, 31003539
136, 1, 21
3, 53354, 29565763, 29956560
137, 1, 21
1, 37492, 31003539, 31323480
138, 1, 21
2, 294318, 30097933, 30863500
139, 1, 21
3, 76426, 29956560, 30514150
140, 1, 21
2, 66357, 30863500, 31116508
141, 1, 21
1, 57680, 31323480, 31813653
142, 1, 21
2, 67799, 31116508, 31374299
143, 1, 21
3, 46144, 30514150, 30834788
144, 1, 21
2, 102407, 31374299, 31766573
145, 1, 21
3, 57680, 30834788, 31234309
146, 1, 21
2, 161529, 31766573, 32377036
147, 1, 21
3, 112476, 31234309, 32006359
148, 1, 21
3, 70658, 32006359, 32553960
149, 1, 21
3, 33166, 32553960, 32819836
150, 1, 21
2, 253867, 32377036, 33443259
151, 2, 21
2, 25956, 33443259, 33726543
1, 272538, 31813653, 34283578
152, 2, 21
2, 5768, 33726543, 34002253
1, 5768, 34283578, 34559299
153, 2, 21
2, 18746, 34002253, 34264073
1, 18746, 34559299, 34820693
154, 1, 21
1, 14420, 34820693, 35084085
155, 1, 21
2, 18771, 34264073, 34581669
156, 1, 21
1, 21630, 35084085, 35338542
157, 1, 21
2, 23097, 34581669, 34837010
158, 1, 21
1, 14420, 35338542, 35590769
159, 1, 21
2, 14445, 34837010, 35104645
160, 1, 21
1, 18746, 35590769, 35852315
161, 1, 21
2, 23097, 35104645, 35426728
162, 1, 21
1, 23072, 35852315, 36103544
163, 1, 21
3, 8652, 32819836, 35012670
164, 1, 21
2, 113968, 35426728, 35799847
165, 1, 21
1, 30282, 36103544, 36361542
166, 1, 21
3, 83636, 35012670, 35266509
167, 1, 21
2, 118294, 35799847, 36050468
168, 1, 21
1, 36050, 36361542, 36681202
169, 1, 21
3, 85078, 35266509, 35581523
170, 1, 21
2, 79360, 36050468, 36305847
171, 1, 21
3, 67774, 35581523, 35876115
172, 1, 21
1, 34608, 36681202, 37075416
173, 1, 21
2, 51962, 36305847, 36558428
174, 1, 21
3, 34608, 35876115, 36126665
175, 1, 21
2, 80777, 36558428, 36809394
176, 1, 21
1, 21630, 37075416, 37379352
177, 1, 21
3, 87962, 36126665, 36376793
178, 1, 21
2, 115410, 36809394, 37061086
179, 1, 21
1, 24514, 37379352, 37633172
180, 1, 21
3, 89404, 36376793, 36630321
181, 1, 21
1, 30282, 37633172, 37891377
182, 1, 21
2, 144275, 37061086, 37374272
183, 1, 21
3, 86520, 36630321, 36881560
184, 1, 21
2, 108175, 37374272, 37631059
185, 1, 21
1, 34608, 37891377, 38207153
186, 1, 21
3, 80752, 36881560, 37133883
187, 1, 21
1, 27398, 38207153, 38467231
188, 1, 21
2, 128413, 37631059, 37944038
189, 1, 21
3, 74984, 37133883, 37387453
190, 1, 21
3, 87962, 37387453, 37703393
191, 1, 21
1, 43260, 38467231, 38862445
192, 1, 21
2, 148601, 37944038, 38321087
193, 1, 21
3, 79310, 37703393, 37955326
194, 1, 21
2, 106733, 38321087, 38571440
195, 1, 21
1, 44702, 38862445, 39268437
196, 1, 21
2, 34633, 38571440, 38828507
197, 1, 21
1, 34608, 39268437, 39584106
198, 1, 21
2, 33191, 38828507, 39148967
199, 1, 21
1, 24514, 39584106, 39837333
200, 1, 21
2, 37517, 39148967, 39539783
201, 1, 21
1, 30282, 39837333, 40174876
202, 1, 21
1, 47586, 40174876, 40665990
203, 1, 21
2, 76476, 39539783, 40308553
204, 1, 21
1, 30282, 40665990, 40927274
205, 1, 21
1, 37492, 40927274, 41251310
206, 1, 21
3, 24514, 37955326, 40243833
207, 1, 21
2, 95247, 40308553, 40895451
208, 1, 21
1, 31724, 41251310, 41590906
209, 1, 21
3, 77868, 40243833, 40557281
210, 1, 21
2, 73592, 40895451, 41146302
211, 1, 21
1, 28840, 41590906, 41913801
212, 1, 21
2, 98081, 41146302, 41397267
213, 1, 21
3, 92288, 40557281, 40870231
214, 1, 21
2, 106733, 41397267, 41651146
215, 1, 21
3, 82194, 40870231, 41120717
216, 1, 21
1, 37492, 41913801, 42306215
217, 1, 21
2, 115410, 41651146, 41903215
218, 1, 21
3, 105266, 41120717, 41435749
219, 1, 21
1, 30282, 42306215, 42564940
220, 1, 21
2, 137040, 41903215, 42218113
221, 1, 21
3, 113918, 41435749, 41838107
222, 1, 21
1, 46144, 42564940, 42961763
223, 1, 21
2, 93780, 42218113, 42468222
224, 1, 21
3, 95172, 41838107, 42154101
225, 1, 21
2, 99523, 42468222, 42718607
226, 1, 21
1, 44702, 42961763, 43400910
227, 1, 21
2, 137015, 42718607, 43032462
228, 1, 21
1, 30282, 43400910, 43661077
229, 1, 21
3, 128338, 42154101, 42547350
230, 1, 21
2, 111084, 43032462, 43283231
231, 1, 21
1, 36050, 43661077, 43974214
232, 1, 21
2, 126921, 43283231, 43598588
233, 1, 21
3, 164388, 42547350, 43095156
234, 1, 21
1, 43260, 43974214, 44367364
235, 1, 21
2, 103874, 43598588, 43860373
236, 1, 21
2, 25956, 43860373, 44114758
237, 1, 21
1, 33166, 44367364, 44685960
238, 1, 21
2, 23097, 44114758, 44373918
239, 1, 21
1, 23072, 44685960, 44944029
240, 1, 21
1, 31724, 44944029, 45264802
241, 1, 21
2, 40426, 44373918, 44772386
242, 1, 21
1, 31724, 45264802, 45657839
243, 1, 21
1, 20188, 45657839, 45914254
244, 1, 21
2, 47636, 44772386, 45383054
245, 1, 21
1, 24514, 45914254, 46253838
246, 1, 21
1, 21630, 46253838, 46514630
247, 1, 21
1, 28840, 46514630, 46839000
248, 1, 21
1, 30282, 46839000, 47099696
249, 1, 21
1, 36050, 47099696, 47421350
250, 1, 21
1, 57680, 47421350, 47914333
251, 1, 21
1, 103824, 47914333, 48816436
252, 1, 21
2, 305879, 45383054, 48326616
253, 1, 21
1, 23072, 48816436, 49072377
254, 1, 21
2, 30307, 48326616, 48646370
255, 1, 21
1, 28840, 49072377, 49406806
256, 1, 21
2, 27423, 48646370, 49037194
257, 1, 21
1, 18746, 49406806, 49662774
258, 2, 21
2, 33191, 49037194, 49369687
1, 25956, 49662774, 49925996
259, 1, 21
1, 23072, 49925996, 50176321
260, 1, 21
2, 28865, 49369687, 49685333
261, 1, 21
1, 17304, 50176321, 50428552
262, 1, 21
2, 15887, 49685333, 49959318
263, 1, 21
1, 23072, 50428552, 50751535
264, 1, 21
2, 27423, 49959318, 50275674
265, 1, 21
1, 25956, 50751535, 51011788
266, 1, 21
2, 20213, 50275674, 50532944
267, 1, 21
1, 17304, 51011788, 51263221
268, 1, 21
2, 23097, 50532944, 50793535
269, 1, 21
1, 23072, 51263221, 51522888
270, 1, 21
2, 24539, 50793535, 51051577
271, 1, 21
1, 30282, 51522888, 51778851
272, 1, 21
2, 30307, 51051577, 51308754
273, 1, 21
1, 37492, 51778851, 52098166
274, 1, 21
2, 37517, 51308754, 51624986
275, 1, 21
1, 59122, 52098166, 52593476
276, 1, 21
2, 59147, 51624986, 52121984
277, 1, 21
2, 66332, 52121984, 52693221
278, 1, 21
2, 38934, 52693221, 53016600
279, 1, 21
2, 46144, 53016600, 53417336
280, 1, 21
3, 59122, 43095156, 53006427
281, 1, 21
2, 82219, 53417336, 53707441
282, 1, 21
3, 85078, 53006427, 53258396
283, 1, 21
2, 109617, 53707441, 53959593
284, 1, 21
3, 99498, 53258396, 53571227
285, 1, 21
2, 139899, 53959593, 54276073
286, 2, 21
2, 113918, 54276073, 54526464
3, 132664, 53571227, 53965181
287, 1, 21
2, 132664, 54526464, 54839436
288, 1, 21
3, 184576, 53965181, 54526229
289, 1, 21
2, 180275, 54839436, 55224006
290, 1, 21
3, 105266, 54526229, 54841197
291, 1, 21
2, 145667, 55224006, 55539118
292, 1, 21
3, 89404, 54841197, 55092130
293, 1, 21
3, 85078, 55092130, 55344748
294, 1, 21
2, 177416, 55539118, 55931299
295, 1, 21
3, 108150, 55344748, 55657956
296, 1, 21
2, 351873, 55931299, 56697609
297, 1, 21
3, 168714, 55657956, 56149048
298, 1, 21
2, 917137, 56697609, 58750576
299, 1, 21
2, 28840, 58750576, 59010819
300, 1, 21
2, 36050, 59010819, 59335492
301, 1, 21
2, 43260, 59335492, 59740798
302, 1, 21
2, 86520, 59740798, 60513272
303, 1, 21
1, 1159368, 52593476, 62600691
304, 1, 21
1, 69216, 62600691, 63242910
305, 1, 21
1, 34608, 63242910, 63567405
306, 1, 21
1, 40376, 63567405, 63959188
307, 1, 21
1, 83636, 63959188, 64732996
308, 1, 21
1, 92288, 64732996, 65567647
309, 1, 21
1, 27398, 65567647, 65818310
310, 1, 21
1, 36050, 65818310, 66142071
311, 1, 21
1, 43260, 66142071, 66539019
