0, 2, 21
2, 72100, 5591890, 6339166
1, 72104, 6165484, 6912064
1, 2, 21
2, 144200, 6339166, 7634707
1, 144204, 6912064, 8207743
2, 2, 21
2, 144200, 7634707, 8924746
1, 144204, 8207743, 9498194
3, 2, 21
2, 217742, 8924746, 16989235
1, 217746, 9498194, 17562150
4, 2, 21
2, 76426, 16989235, 17647341
1, 72104, 17562150, 18219767
5, 2, 21
2, 82194, 17647341, 17957743
1, 36054, 18219767, 18531159
6, 2, 21
2, 43260, 17957743, 18118869
1, 18750, 18531159, 18692255
7, 2, 21
2, 23072, 18118869, 18207027
1, 10098, 18692255, 18780405
8, 2, 21
2, 335986, 18207027, 19615116
1, 144204, 18780405, 20187983
9, 2, 21
2, 271096, 19615116, 20281790
1, 72104, 20187983, 20855250
10, 2, 21
2, 134106, 20281790, 20605645
1, 36054, 20855250, 21178367
11, 2, 21
2, 67774, 20605645, 20775171
1, 18750, 21178367, 21347525
12, 2, 21
2, 484512, 20775171, 22230606
1, 144204, 21347525, 22802743
13, 2, 21
2, 236488, 22230606, 22877325
1, 72104, 22802743, 23449573
14, 2, 21
2, 96614, 22877325, 23320818
1, 36054, 23449573, 23892635
15, 2, 21
2, 41818, 23320818, 23493394
1, 18750, 23892635, 24065327
16, 2, 21
2, 12978, 23493394, 23588688
1, 10098, 24065327, 24160963
17, 2, 21
2, 340312, 23588688, 25072485
1, 144204, 24160963, 25645537
18, 2, 21
2, 334544, 25072485, 26317649
1, 144204, 25645537, 26890708
19, 2, 21
2, 165830, 26317649, 26958351
1, 72104, 26890708, 27530271
20, 2, 21
2, 321566, 26958351, 28209876
1, 144204, 27530271, 28781643
21, 2, 21
2, 419622, 28209876, 29525119
1, 144204, 28781643, 30096890
22, 2, 21
2, 245140, 29525119, 30168259
1, 72104, 30096890, 30741171
23, 2, 21
2, 124012, 30168259, 30479499
1, 36054, 30741171, 31051859
24, 2, 21
2, 363384, 30479499, 31696896
1, 144204, 31051859, 32270114
25, 2, 21
2, 162946, 31696896, 32309088
1, 72104, 32270114, 32882191
26, 2, 21
2, 80752, 32309088, 32614787
1, 36054, 32882191, 33187940
27, 2, 21
2, 275422, 32614787, 34476941
1, 144204, 33187940, 35049481
28, 2, 21
2, 72100, 34476941, 35426309
1, 72104, 35049481, 35998846
29, 2, 21
2, 36050, 35426309, 35732618
1, 36054, 35998846, 36305799
30, 2, 21
2, 66332, 35732618, 35902592
1, 18750, 36305799, 36475847
31, 2, 21
2, 38934, 35902592, 35988126
1, 10098, 36475847, 36561264
32, 2, 21
2, 23072, 35988126, 36036737
1, 5772, 36561264, 36609529
33, 2, 21
2, 550844, 36036737, 37522602
1, 144204, 36609529, 38095190
34, 2, 21
2, 275422, 37522602, 38174761
1, 72104, 38095190, 38747282
35, 2, 21
2, 124012, 38174761, 38502304
1, 36054, 38747282, 39074600
36, 2, 21
2, 233604, 38502304, 39953204
1, 144204, 39074600, 40525761
37, 2, 21
2, 72100, 39953204, 40574428
1, 72104, 40525761, 41147651
38, 2, 21
2, 449904, 40574428, 42020057
1, 144204, 41147651, 42592237
39, 2, 21
2, 266770, 42020057, 42688363
1, 72104, 42592237, 43261439
40, 2, 21
2, 134106, 42688363, 43001859
1, 36054, 43261439, 43574150
41, 2, 21
2, 73542, 43001859, 43163394
1, 18750, 43574150, 43735381
42, 2, 21
2, 409528, 43163394, 44564174
1, 144204, 43735381, 45136691
43, 2, 21
2, 72100, 44564174, 45516015
1, 72104, 45136691, 46088627
44, 2, 21
2, 36050, 45516015, 45968680
1, 36054, 46088627, 46541254
45, 2, 21
2, 144200, 45968680, 47230029
1, 144204, 46541254, 47802765
46, 2, 21
2, 72100, 47230029, 47833175
1, 72104, 47802765, 48406152
47, 2, 21
2, 144200, 47833175, 49424097
1, 144204, 48406152, 49996677
48, 2, 21
2, 144200, 49424097, 51089655
1, 144204, 49996677, 51662307
49, 2, 21
2, 144200, 51089655, 52310970
1, 144204, 51662307, 52883646
50, 2, 21
2, 72100, 52310970, 52921935
1, 72104, 52883646, 53494590
51, 2, 21
2, 279748, 52921935, 54160174
1, 144204, 53494590, 54732740
52, 2, 21
2, 284074, 54160174, 54764777
1, 72104, 54732740, 55337805
53, 2, 21
2, 147084, 54764777, 55072524
1, 36054, 55337805, 55644726
54, 2, 21
2, 573916, 55072524, 56305725
1, 144204, 55644726, 56878740
55, 2, 21
2, 556612, 56305725, 57518234
1, 144204, 56878740, 58091220
56, 2, 21
2, 562380, 57518234, 58748980
1, 144204, 58091220, 59321926
57, 2, 21
2, 152852, 58748980, 60054276
1, 144204, 59321926, 60627620
58, 2, 21
2, 72100, 60054276, 60698840
1, 72104, 60627620, 61272124
59, 2, 21
2, 144200, 60698840, 61952554
1, 144204, 61272124, 62525740
60, 2, 21
2, 144200, 61952554, 63317525
1, 144204, 62525740, 63890654
61, 2, 21
2, 144200, 63317525, 64648787
1, 144204, 63890654, 65221672
