0, 2, 21
2, 27398, 5492321, 5746897
1, 27398, 6052233, 6306879
1, 2, 21
2, 27398, 5746897, 6051854
1, 27398, 6306879, 6611679
2, 2, 21
2, 25956, 6051854, 6313318
1, 25956, 6611679, 6873250
3, 2, 21
2, 28840, 6313318, 6566624
1, 28840, 6873250, 7126200
4, 2, 21
2, 28840, 6566624, 6822671
1, 28840, 7126200, 7382645
5, 2, 21
2, 28840, 6822671, 7079418
1, 28840, 7382645, 7639257
6, 2, 21
2, 27398, 7079418, 7329975
1, 27398, 7639257, 7889484
7, 1, 21
1, 27398, 7889484, 8139631
8, 1, 21
2, 28865, 7329975, 7591285
9, 1, 21
1, 27398, 8139631, 8392166
10, 1, 21
2, 27423, 7591285, 7843988
11, 1, 21
1, 28840, 8392166, 8649876
12, 1, 21
2, 28865, 7843988, 8104305
13, 1, 21
1, 28840, 8649876, 8908961
14, 1, 21
2, 28865, 8104305, 8364334
15, 1, 21
1, 28840, 8908961, 9161296
16, 1, 21
2, 30307, 8364334, 8624952
17, 1, 21
1, 28840, 9161296, 9421670
18, 1, 21
2, 28865, 8624952, 8886319
19, 1, 21
1, 28840, 9421670, 9681143
20, 1, 21
2, 28865, 8886319, 9150226
21, 1, 21
1, 27398, 9681143, 9934804
22, 1, 21
2, 28865, 9150226, 9410157
23, 2, 21
2, 10094, 9410157, 15618242
1, 14420, 9934804, 16178053
24, 2, 21
2, 27398, 15618242, 15875378
1, 27398, 16178053, 16434935
25, 2, 21
2, 28840, 15875378, 16137003
1, 28840, 16434935, 16696663
26, 2, 21
2, 30282, 16137003, 16392835
1, 30282, 16696663, 16952884
27, 2, 21
2, 30282, 16392835, 16652781
1, 30282, 16952884, 17212750
28, 2, 21
2, 28840, 16652781, 16904901
1, 28840, 17212750, 17464898
29, 2, 21
2, 27398, 16904901, 17156827
1, 27398, 17464898, 17716904
30, 2, 21
2, 27398, 17156827, 17413463
1, 27398, 17716904, 17972832
31, 1, 21
2, 53354, 17413463, 17668296
32, 1, 21
1, 30282, 17972832, 18233831
33, 1, 21
3, 38934, 16958024, 17210546
34, 1, 21
2, 66382, 17668296, 17921539
35, 1, 21
1, 30282, 18233831, 18494059
36, 1, 21
3, 38934, 17210546, 17467535
37, 1, 21
2, 67824, 17921539, 18174854
38, 1, 21
1, 30282, 18494059, 18752397
39, 1, 21
3, 36050, 17467535, 17724785
40, 1, 21
2, 62056, 18174854, 18427197
41, 1, 21
1, 30282, 18752397, 19011406
42, 1, 21
3, 28840, 17724785, 18033548
43, 1, 21
2, 38984, 18427197, 18678008
44, 1, 21
1, 18746, 19011406, 19268310
45, 1, 21
3, 30282, 18033548, 18289815
46, 1, 21
2, 57730, 18678008, 18929207
47, 1, 21
1, 24514, 19268310, 19522751
48, 1, 21
3, 40376, 18289815, 18545640
49, 1, 21
2, 67824, 18929207, 19185524
50, 1, 21
1, 27398, 19522751, 19779043
51, 1, 21
3, 38934, 18545640, 18795649
52, 1, 21
2, 67824, 19185524, 19437454
53, 1, 21
1, 28840, 19779043, 20034245
54, 1, 21
3, 40376, 18795649, 19052331
55, 1, 21
2, 93780, 19437454, 19688329
56, 1, 21
1, 28840, 20034245, 20290794
57, 1, 21
4, 40376, 18392333, 18644933
58, 1, 21
3, 38934, 19052331, 19310634
59, 1, 21
2, 101015, 19688329, 19943380
60, 1, 21
1, 28840, 20290794, 20542933
61, 1, 21
4, 36050, 18644933, 18897813
62, 1, 21
3, 36050, 19310634, 19564116
63, 1, 21
2, 105341, 19943380, 20197317
64, 1, 21
1, 25956, 20542933, 20801657
65, 1, 21
4, 40376, 18897813, 19150757
66, 1, 21
3, 37492, 19564116, 19819893
67, 1, 21
2, 106783, 20197317, 20451488
68, 1, 21
1, 28840, 20801657, 21059079
69, 1, 21
4, 38934, 19150757, 19402106
70, 1, 21
3, 38934, 19819893, 20075520
71, 1, 21
2, 105341, 20451488, 20703452
72, 1, 21
1, 28840, 21059079, 21315838
73, 1, 21
4, 37492, 19402106, 19653424
74, 1, 21
3, 37492, 20075520, 20330690
75, 1, 21
2, 90921, 20703452, 20955219
76, 1, 21
1, 28840, 21315838, 21568312
77, 1, 21
4, 25956, 19653424, 19903503
78, 1, 21
3, 23072, 20330690, 20584865
79, 1, 21
2, 63523, 20955219, 21206182
80, 1, 21
1, 21630, 21568312, 21823916
81, 1, 21
4, 18746, 19903503, 20167401
82, 1, 21
3, 18746, 20584865, 20840521
83, 1, 21
2, 70733, 21206182, 21457037
84, 1, 21
1, 18746, 21823916, 22075278
85, 1, 21
4, 30282, 20167401, 20426556
86, 1, 21
3, 30282, 20840521, 21092572
87, 1, 21
2, 83711, 21457037, 21707712
88, 1, 21
1, 24514, 22075278, 22329208
89, 1, 21
4, 38934, 20426556, 20678121
90, 1, 21
3, 37492, 21092572, 21346832
91, 1, 21
2, 106783, 21707712, 21957948
92, 1, 21
1, 30282, 22329208, 22587169
93, 1, 21
4, 38934, 20678121, 20938301
94, 1, 21
3, 37492, 21346832, 21600341
95, 1, 21
2, 103899, 21957948, 22212731
96, 1, 21
1, 28840, 22587169, 22846191
97, 1, 21
4, 37492, 20938301, 21190256
98, 1, 21
3, 38934, 21600341, 21860181
99, 1, 21
2, 98131, 22212731, 22463213
100, 1, 21
1, 28840, 22846191, 23107422
101, 1, 21
4, 37492, 21190256, 21442521
102, 1, 21
2, 79360, 22463213, 22714186
103, 1, 21
1, 28840, 23107422, 23358617
104, 1, 21
4, 25956, 21442521, 21697047
105, 1, 21
2, 41868, 22714186, 22970925
106, 1, 21
1, 17304, 23358617, 23611528
107, 1, 21
4, 33166, 21697047, 21948653
108, 1, 21
2, 62056, 22970925, 23224477
109, 1, 21
1, 25956, 23611528, 23865806
110, 1, 21
4, 37492, 21948653, 22203401
111, 1, 21
2, 54846, 23224477, 23479678
112, 1, 21
1, 27398, 23865806, 24132580
113, 1, 21
4, 21630, 22203401, 22475500
114, 1, 21
2, 41868, 23479678, 23731191
115, 1, 21
1, 15862, 24132580, 24387846
116, 1, 21
4, 28840, 22475500, 22729885
117, 1, 21
2, 47636, 23731191, 23988074
118, 1, 21
1, 21630, 24387846, 24638544
119, 1, 21
4, 30282, 22729885, 22985112
120, 1, 21
2, 62056, 23988074, 24241449
121, 1, 21
1, 27398, 24638544, 24891555
122, 1, 21
4, 37492, 22985112, 23242474
123, 1, 21
2, 66382, 24241449, 24493739
124, 1, 21
1, 27398, 24891555, 25148245
125, 1, 21
4, 37492, 23242474, 23500977
126, 1, 21
2, 62056, 24493739, 24746840
127, 1, 21
1, 28840, 25148245, 25401671
128, 1, 21
4, 37492, 23500977, 23754185
129, 1, 21
2, 66382, 24746840, 24998310
130, 1, 21
1, 30282, 25401671, 25657495
131, 1, 21
4, 37492, 23754185, 24010551
132, 1, 21
2, 66382, 24998310, 25255487
133, 1, 21
1, 30282, 25657495, 25912739
134, 1, 21
4, 36050, 24010551, 24263697
135, 1, 21
2, 64940, 25255487, 25506528
136, 1, 21
1, 30282, 25912739, 26173294
137, 1, 21
4, 38934, 24263697, 24522176
138, 1, 21
2, 66382, 25506528, 25760309
139, 1, 21
1, 30282, 26173294, 26429246
140, 1, 21
4, 37492, 24522176, 24780534
141, 1, 21
2, 67824, 25760309, 26011622
142, 1, 21
1, 30282, 26429246, 26684837
143, 1, 21
4, 40376, 24780534, 25038462
144, 1, 21
2, 69266, 26011622, 26262970
145, 1, 21
1, 30282, 26684837, 26939859
146, 1, 21
4, 36050, 25038462, 25288709
147, 1, 21
2, 63498, 26262970, 26513021
148, 1, 21
1, 28840, 26939859, 27190907
149, 1, 21
4, 34608, 25288709, 25540235
150, 1, 21
2, 64940, 26513021, 26766636
151, 1, 21
1, 30282, 27190907, 27449425
152, 1, 21
4, 36050, 25540235, 25795397
153, 1, 21
2, 63498, 26766636, 27019798
154, 1, 21
1, 28840, 27449425, 27707364
155, 1, 21
4, 33166, 25795397, 26046570
156, 1, 21
2, 64940, 27019798, 27274932
157, 1, 21
1, 30282, 27707364, 27967173
158, 1, 21
4, 36050, 26046570, 26299313
159, 1, 21
2, 66382, 27274932, 27529072
160, 1, 21
1, 28840, 27967173, 28217660
161, 1, 21
4, 37492, 26299313, 26550366
162, 1, 21
2, 66382, 27529072, 27779469
163, 1, 21
1, 30282, 28217660, 28474095
164, 1, 21
4, 36050, 26550366, 26808239
165, 1, 21
2, 64940, 27779469, 28034183
166, 1, 21
1, 30282, 28474095, 28730642
167, 1, 21
4, 36050, 26808239, 27059962
168, 1, 21
2, 66382, 28034183, 28292339
169, 1, 21
1, 30282, 28730642, 28986480
170, 1, 21
4, 34608, 27059962, 27317401
171, 1, 21
3, 20188, 21860181, 27928253
172, 1, 21
2, 72175, 28292339, 28548674
173, 1, 21
1, 30282, 28986480, 29244717
174, 1, 21
4, 34608, 27317401, 27576713
175, 1, 21
3, 36050, 27928253, 28190968
176, 1, 21
2, 98131, 28548674, 28799570
177, 1, 21
1, 24514, 29244717, 29504304
178, 1, 21
4, 27398, 27576713, 27839971
179, 1, 21
3, 27398, 28190968, 28444730
180, 1, 21
2, 69291, 28799570, 29050557
181, 1, 21
1, 28840, 29504304, 29768462
182, 1, 21
4, 33166, 27839971, 28093713
183, 1, 21
3, 38934, 28444730, 28695325
184, 1, 21
2, 109667, 29050557, 29302474
185, 1, 21
1, 28840, 29768462, 30023583
186, 1, 21
4, 36050, 28093713, 28348307
187, 1, 21
3, 33166, 28695325, 28947376
188, 1, 21
2, 93805, 29302474, 29552683
189, 1, 21
4, 30282, 28348307, 28598543
190, 1, 21
1, 27398, 30023583, 30280243
191, 1, 21
3, 40376, 28947376, 29206056
192, 1, 21
2, 96689, 29552683, 29804743
193, 1, 21
4, 34608, 28598543, 28854478
194, 1, 21
1, 30282, 30280243, 30537915
195, 1, 21
3, 37492, 29206056, 29462758
196, 1, 21
2, 102457, 29804743, 30057078
197, 1, 21
4, 36050, 28854478, 29105260
198, 1, 21
1, 30282, 30537915, 30797592
199, 1, 21
3, 37492, 29462758, 29718192
200, 1, 21
2, 102457, 30057078, 30310237
201, 1, 21
4, 34608, 29105260, 29357943
202, 1, 21
1, 30282, 30797592, 31053373
203, 1, 21
3, 36050, 29718192, 29976135
204, 1, 21
2, 99573, 30310237, 30563056
205, 1, 21
4, 33166, 29357943, 29610006
206, 1, 21
1, 30282, 31053373, 31307962
207, 1, 21
3, 37492, 29976135, 30227893
208, 1, 21
2, 102457, 30563056, 30814651
209, 1, 21
1, 30282, 31307962, 31565057
210, 1, 21
3, 37492, 30227893, 30478905
211, 1, 21
2, 67824, 30814651, 31065328
212, 1, 21
1, 30282, 31565057, 31819426
213, 1, 21
3, 37492, 30478905, 30738382
214, 1, 21
2, 66382, 31065328, 31318931
215, 1, 21
1, 30282, 31819426, 32075555
216, 1, 21
3, 38934, 30738382, 30996142
217, 1, 21
2, 67824, 31318931, 31574352
218, 1, 21
1, 30282, 32075555, 32332459
219, 1, 21
3, 36050, 30996142, 31247138
220, 1, 21
2, 67824, 31574352, 31832808
221, 1, 21
1, 30282, 32332459, 32589610
222, 1, 21
3, 38934, 31247138, 31499538
223, 1, 21
2, 69266, 31832808, 32091232
224, 1, 21
1, 30282, 32589610, 32849074
225, 1, 21
3, 36050, 31499538, 31758073
226, 1, 21
2, 66382, 32091232, 32342827
227, 1, 21
1, 30282, 32849074, 33102324
228, 1, 21
3, 38934, 31758073, 32010704
229, 1, 21
2, 69266, 32342827, 32596191
230, 1, 21
1, 28840, 33102324, 33353383
231, 1, 21
3, 31724, 32010704, 32266971
232, 1, 21
2, 56288, 32596191, 32849548
233, 1, 21
1, 27398, 33353383, 33615961
234, 1, 21
3, 34608, 32266971, 32525495
235, 1, 21
2, 63498, 32849548, 33104036
236, 1, 21
1, 24514, 33615961, 33866204
237, 2, 21
2, 37517, 33104036, 33360621
3, 18746, 32525495, 32802838
238, 2, 21
2, 10094, 33360621, 33679586
1, 8652, 33866204, 34238994
239, 2, 21
2, 18746, 33679586, 33940008
1, 18746, 34238994, 34499613
240, 2, 21
2, 14420, 33940008, 34202867
1, 14420, 34499613, 34762325
241, 2, 21
2, 21630, 34202867, 34456738
1, 21630, 34762325, 35015935
242, 2, 21
2, 14420, 34456738, 34708012
1, 14420, 35015935, 35267677
243, 2, 21
2, 18746, 34708012, 34969055
1, 18746, 35267677, 35528680
244, 2, 21
2, 23072, 34969055, 35219681
1, 23072, 35528680, 35779041
245, 1, 21
3, 4326, 32802838, 34865430
246, 1, 21
2, 47611, 35219681, 35474174
247, 1, 21
1, 30282, 35779041, 36035258
248, 1, 21
3, 83636, 34865430, 35118767
249, 1, 21
2, 113968, 35474174, 35726633
250, 1, 21
1, 28840, 36035258, 36292811
251, 1, 21
2, 90871, 35726633, 35979409
252, 1, 21
3, 80752, 35118767, 35422408
253, 1, 21
1, 30282, 36292811, 36617311
254, 2, 21
2, 88012, 35979409, 36233187
3, 67774, 35422408, 35675314
255, 1, 21
1, 25956, 36617311, 36873661
256, 1, 21
2, 43285, 36233187, 36485039
257, 1, 21
3, 28840, 35675314, 35932688
258, 1, 21
1, 12978, 36873661, 37127345
259, 1, 21
2, 103874, 36485039, 36735502
260, 1, 21
3, 80752, 35932688, 36183055
261, 1, 21
1, 28840, 37127345, 37382958
262, 1, 21
2, 121178, 36735502, 36988797
263, 1, 21
3, 90846, 36183055, 36435418
264, 1, 21
1, 30282, 37382958, 37639012
265, 1, 21
2, 115410, 36988797, 37241678
266, 1, 21
3, 86520, 36435418, 36689454
267, 1, 21
1, 28840, 37639012, 37890264
268, 1, 21
2, 108200, 37241678, 37492935
269, 1, 21
3, 80752, 36689454, 36939951
270, 1, 21
1, 28840, 37890264, 38150285
271, 1, 21
2, 102432, 37492935, 37745496
272, 1, 21
3, 74984, 36939951, 37192252
273, 1, 21
1, 27398, 38150285, 38401795
274, 1, 21
2, 100990, 37745496, 37999099
275, 1, 21
3, 72100, 37192252, 37450229
276, 1, 21
1, 27398, 38401795, 38657234
277, 1, 21
2, 105316, 37999099, 38249184
278, 1, 21
3, 79310, 37450229, 37700344
279, 1, 21
1, 30282, 38657234, 38919212
280, 1, 21
2, 88012, 38249184, 38505584
281, 1, 21
1, 28840, 38919212, 39172907
282, 1, 21
2, 25981, 38505584, 38764007
283, 1, 21
1, 25956, 39172907, 39436160
284, 1, 21
2, 24539, 38764007, 39023122
285, 1, 21
1, 23072, 39436160, 39687812
286, 1, 21
2, 24539, 39023122, 39282779
287, 1, 21
1, 21630, 39687812, 39946092
288, 1, 21
2, 21655, 39282779, 39542308
289, 1, 21
1, 25956, 39946092, 40207656
290, 1, 21
2, 28865, 39542308, 39797312
291, 1, 21
1, 30282, 40207656, 40467092
292, 1, 21
2, 30307, 39797312, 40054504
293, 1, 21
1, 30282, 40467092, 40723560
294, 1, 21
2, 30307, 40054504, 40314282
295, 1, 21
1, 27398, 40723560, 40976499
296, 1, 21
2, 24539, 40314282, 40566210
297, 1, 21
3, 56238, 37700344, 40095434
298, 1, 21
1, 21630, 40976499, 41273036
299, 1, 21
2, 75034, 40566210, 40816774
300, 1, 21
3, 77868, 40095434, 40408789
301, 1, 21
1, 28840, 41273036, 41601238
302, 1, 21
2, 70708, 40816774, 41067820
303, 1, 21
3, 74984, 40408789, 40661179
304, 1, 21
1, 30282, 41601238, 41863318
305, 1, 21
2, 109642, 41067820, 41321340
306, 1, 21
3, 83636, 40661179, 40914719
307, 1, 21
1, 30282, 41863318, 42119537
308, 1, 21
2, 111084, 41321340, 41571608
309, 1, 21
3, 82194, 40914719, 41168536
310, 1, 21
1, 28840, 42119537, 42369689
311, 1, 21
2, 109642, 41571608, 41821897
312, 1, 21
3, 82194, 41168536, 41419425
313, 1, 21
1, 30282, 42369689, 42627960
314, 1, 21
2, 111084, 41821897, 42073349
315, 1, 21
3, 70658, 41419425, 41688744
316, 1, 21
1, 24514, 42627960, 42879389
317, 1, 21
2, 88012, 42073349, 42324923
318, 1, 21
3, 76426, 41688744, 41942272
319, 2, 21
2, 105291, 42324923, 42577618
1, 28840, 42879389, 43136672
320, 1, 21
3, 79310, 41942272, 42194573
321, 2, 21
2, 109617, 42577618, 42827812
1, 28840, 43136672, 43387173
322, 1, 21
3, 85078, 42194573, 42448015
323, 1, 21
2, 112501, 42827812, 43079830
324, 1, 21
1, 30282, 43387173, 43645992
325, 1, 21
3, 82194, 42448015, 42704858
326, 1, 21
2, 108200, 43079830, 43336745
327, 1, 21
1, 27398, 43645992, 43896904
328, 1, 21
3, 69216, 42704858, 42956952
329, 2, 21
2, 100990, 43336745, 43590011
1, 25956, 43896904, 44149413
330, 2, 21
2, 54796, 43590011, 43847301
1, 27398, 44149413, 44406557
331, 2, 21
2, 20188, 43847301, 44101938
1, 20188, 44406557, 44661826
332, 2, 21
2, 28840, 44101938, 44364584
1, 28840, 44661826, 44924065
333, 2, 21
2, 21630, 44364584, 44666293
1, 21630, 44924065, 45225247
334, 2, 21
2, 20188, 44666293, 44916763
1, 20188, 45225247, 45476185
335, 2, 21
2, 23072, 44916763, 45188923
1, 23072, 45476185, 45748072
336, 2, 21
2, 17304, 45188923, 45448560
1, 17304, 45748072, 46007544
337, 2, 21
2, 18746, 45448560, 45704242
1, 18746, 46007544, 46263590
338, 2, 21
2, 28840, 45704242, 45960730
1, 28840, 46263590, 46519912
339, 1, 21
1, 28840, 46519912, 46770323
340, 1, 21
2, 30307, 45960730, 46222020
341, 1, 21
1, 28840, 46770323, 47027027
342, 1, 21
2, 28865, 46222020, 46478674
343, 1, 21
1, 30282, 47027027, 47287237
344, 1, 21
2, 30307, 46478674, 46739626
345, 1, 21
1, 30282, 47287237, 47546794
346, 1, 21
2, 30307, 46739626, 47002154
347, 1, 21
1, 30282, 47546794, 47805811
348, 1, 21
2, 30307, 47002154, 47257567
349, 1, 21
1, 30282, 47805811, 48058117
350, 1, 21
2, 30307, 47257567, 47509353
351, 1, 21
1, 30282, 48058117, 48317365
352, 1, 21
2, 30307, 47509353, 47776725
353, 1, 21
1, 24514, 48317365, 48569215
354, 1, 21
2, 25981, 47776725, 48033203
355, 1, 21
1, 23072, 48569215, 48821870
356, 1, 21
2, 23097, 48033203, 48289036
357, 2, 21
2, 15862, 48289036, 48540218
1, 18746, 48821870, 49100217
358, 2, 21
2, 24514, 48540218, 48794773
1, 24514, 49100217, 49353794
359, 2, 21
2, 24514, 48794773, 49058940
1, 24514, 49353794, 49618824
360, 2, 21
2, 21630, 49058940, 49326864
1, 21630, 49618824, 49886214
361, 2, 21
2, 15862, 49326864, 49580574
1, 15862, 49886214, 50140002
362, 2, 21
2, 21630, 49580574, 49839021
1, 21630, 50140002, 50398978
363, 2, 21
2, 23072, 49839021, 50122921
1, 23072, 50398978, 50682032
364, 2, 21
2, 23072, 50122921, 50382636
1, 23072, 50682032, 50941848
365, 2, 21
2, 24514, 50382636, 50640378
1, 24514, 50941848, 51200389
366, 2, 21
2, 30282, 50640378, 50897822
1, 30282, 51200389, 51457729
367, 2, 21
2, 30282, 50897822, 51153650
1, 30282, 51457729, 51712667
368, 2, 21
2, 30282, 51153650, 51407504
1, 30282, 51712667, 51966838
369, 2, 21
2, 30282, 51407504, 51661859
1, 30282, 51966838, 52221123
370, 2, 21
2, 30282, 51661859, 51918966
1, 30282, 52221123, 52478940
371, 2, 21
2, 30282, 51918966, 52178004
1, 30282, 52478940, 52737941
372, 2, 21
2, 30282, 52178004, 52433964
1, 30282, 52737941, 52993922
373, 2, 21
2, 30282, 52433964, 52689321
1, 30282, 52993922, 53248393
374, 2, 21
2, 28840, 52689321, 52942319
1, 28840, 53248393, 53501546
375, 2, 21
2, 30282, 52942319, 53199706
1, 30282, 53501546, 53759657
376, 1, 21
3, 54796, 42956952, 52856271
377, 1, 21
2, 43285, 53199706, 53451898
378, 1, 21
1, 30282, 53759657, 54020125
379, 1, 21
3, 85078, 52856271, 53108225
380, 1, 21
2, 111084, 53451898, 53704339
381, 1, 21
1, 30282, 54020125, 54276960
382, 1, 21
3, 82194, 53108225, 53362128
383, 1, 21
2, 112526, 53704339, 53955043
384, 1, 21
1, 30282, 54276960, 54536796
385, 1, 21
3, 85078, 53362128, 53615066
386, 1, 21
2, 116852, 53955043, 54206920
387, 1, 21
1, 30282, 54536796, 54792262
388, 1, 21
3, 93730, 53615066, 53868164
389, 1, 21
2, 124062, 54206920, 54459772
390, 1, 21
1, 30282, 54792262, 55045703
391, 1, 21
3, 92288, 53868164, 54119056
392, 1, 21
2, 122620, 54459772, 54712289
393, 1, 21
1, 30282, 55045703, 55301753
394, 1, 21
3, 92288, 54119056, 54370060
395, 1, 21
2, 121178, 54712289, 54962890
396, 1, 21
1, 30282, 55301753, 55555250
397, 1, 21
3, 82194, 54370060, 54622438
398, 1, 21
2, 112526, 54962890, 55213609
399, 1, 21
1, 30282, 55555250, 55813556
400, 1, 21
3, 90846, 54622438, 54876210
401, 1, 21
2, 116852, 55213609, 55464250
402, 1, 21
1, 30282, 55813556, 56075275
403, 1, 21
3, 85078, 54876210, 55128547
404, 1, 21
2, 113968, 55464250, 55714910
405, 1, 21
1, 28840, 56075275, 56333542
406, 1, 21
3, 89404, 55128547, 55380122
407, 1, 21
2, 118294, 55714910, 55965990
408, 1, 21
1, 30282, 56333542, 56585424
409, 1, 21
3, 87962, 55380122, 55632102
410, 1, 21
2, 118294, 55965990, 56218160
411, 1, 21
1, 30282, 56585424, 56839500
412, 1, 21
3, 86520, 55632102, 55885116
413, 1, 21
2, 116852, 56218160, 56469834
414, 1, 21
1, 30282, 56839500, 57091645
415, 1, 21
3, 85078, 55885116, 56136069
416, 1, 21
2, 115410, 56469834, 56723260
417, 1, 21
1, 30282, 57091645, 57347682
418, 1, 21
3, 87962, 56136069, 56390432
419, 1, 21
2, 118294, 56723260, 56976527
420, 1, 21
1, 30282, 57347682, 57601808
421, 1, 21
3, 82194, 56390432, 56641135
422, 1, 21
2, 113968, 56976527, 57232324
423, 1, 21
1, 30282, 57601808, 57857388
424, 1, 21
3, 83636, 56641135, 56893550
425, 1, 21
2, 112526, 57232324, 57482490
426, 1, 21
1, 30282, 57857388, 58117656
427, 1, 21
3, 79310, 56893550, 57146700
428, 1, 21
2, 109642, 57482490, 57734902
429, 1, 21
1, 30282, 58117656, 58374609
430, 1, 21
3, 87962, 57146700, 57399376
431, 1, 21
2, 118294, 57734902, 57987827
432, 1, 21
1, 30282, 58374609, 58625553
433, 1, 21
3, 89404, 57399376, 57651852
434, 1, 21
2, 119736, 57987827, 58240446
435, 1, 21
1, 30282, 58625553, 58878727
436, 1, 21
2, 98081, 58240446, 58493340
437, 1, 21
1, 28840, 58878727, 59138770
438, 1, 21
2, 27423, 58493340, 58750910
439, 1, 21
1, 28840, 59138770, 59399716
440, 1, 21
2, 28865, 58750910, 59009946
441, 1, 21
1, 28840, 59399716, 59660253
442, 1, 21
2, 28865, 59009946, 59271281
443, 1, 21
1, 27398, 59660253, 59914569
444, 1, 21
2, 27423, 59271281, 59525410
445, 1, 21
1, 28840, 59914569, 60176464
446, 1, 21
2, 28865, 59525410, 59780140
447, 1, 21
1, 28840, 60176464, 60433043
448, 1, 21
2, 28865, 59780140, 60041772
449, 1, 21
1, 28840, 60433043, 60693666
450, 1, 21
2, 28865, 60041772, 60295562
451, 1, 21
1, 28840, 60693666, 60946116
452, 1, 21
2, 28865, 60295562, 60549773
453, 1, 21
1, 28840, 60946116, 61198460
454, 1, 21
2, 28865, 60549773, 60803945
455, 1, 21
1, 28840, 61198460, 61449126
456, 1, 21
2, 30307, 60803945, 61064101
457, 1, 21
1, 28840, 61449126, 61702561
458, 1, 21
2, 28865, 61064101, 61316201
459, 1, 21
1, 30282, 61702561, 61960665
460, 1, 21
2, 30307, 61316201, 61572915
461, 1, 21
1, 30282, 61960665, 62223351
462, 1, 21
2, 28865, 61572915, 61831861
463, 1, 21
1, 28840, 62223351, 62479922
464, 1, 21
2, 27423, 61831861, 62088244
465, 1, 21
1, 25956, 62479922, 62734627
466, 1, 21
2, 27423, 62088244, 62347935
467, 1, 21
1, 27398, 62734627, 62993223
468, 1, 21
2, 27423, 62347935, 62608768
469, 1, 21
1, 27398, 62993223, 63252168
470, 1, 21
2, 27423, 62608768, 62865400
471, 1, 21
1, 27398, 63252168, 63513811
472, 1, 21
2, 25981, 62865400, 63118055
473, 1, 21
1, 27398, 63513811, 63774101
474, 1, 21
2, 27423, 63118055, 63374155
475, 1, 21
1, 27398, 63774101, 64030131
476, 1, 21
2, 27423, 63374155, 63626629
477, 1, 21
1, 28840, 64030131, 64291199
478, 1, 21
2, 27423, 63626629, 63881554
479, 1, 21
1, 27398, 64291199, 64544152
480, 1, 21
2, 28865, 63881554, 64139712
481, 1, 21
1, 27398, 64544152, 64795853
482, 1, 21
2, 27423, 64139712, 64395225
483, 1, 21
1, 28840, 64795853, 65053374
484, 1, 21
2, 30307, 64395225, 64656042
485, 1, 21
1, 28840, 65053374, 65308803
486, 1, 21
2, 27423, 64656042, 64908204
487, 1, 21
1, 28840, 65308803, 65569810
488, 1, 21
2, 28865, 64908204, 65165208
489, 1, 21
1, 28840, 65569810, 65829180
490, 1, 21
2, 28865, 65165208, 65425576
491, 1, 21
1, 28840, 65829180, 66093911
492, 1, 21
2, 27423, 65425576, 65676332
