0, 2, 21
2, 72100, 5512719, 6258405
1, 72104, 6088678, 6834561
1, 2, 21
2, 144200, 6258405, 7551052
1, 144204, 6834561, 8127246
2, 2, 21
2, 144200, 7551052, 8839500
1, 144204, 8127246, 9415052
3, 2, 21
2, 217742, 8839500, 16909352
1, 217746, 9415052, 17485436
4, 2, 21
2, 85078, 16909352, 17567565
1, 72104, 17485436, 18143242
5, 2, 21
2, 82194, 17567565, 17877806
1, 36054, 18143242, 18453973
6, 2, 21
2, 43260, 17877806, 18038157
1, 18750, 18453973, 18614336
7, 2, 21
2, 23072, 18038157, 18126738
1, 10098, 18614336, 18702910
8, 2, 21
2, 333102, 18126738, 19530142
1, 144204, 18702910, 20105790
9, 2, 21
2, 266770, 19530142, 20195290
1, 72104, 20105790, 20770975
10, 2, 21
2, 135548, 20195290, 20518298
1, 36054, 20770975, 21094226
11, 2, 21
2, 70658, 20518298, 20686904
1, 18750, 21094226, 21262609
12, 2, 21
2, 497490, 20686904, 22136129
1, 144204, 21262609, 22712097
13, 2, 21
2, 217742, 22136129, 22779505
1, 72104, 22712097, 23354807
14, 2, 21
2, 86520, 22779505, 23220139
1, 36054, 23354807, 23795858
15, 2, 21
2, 41818, 23220139, 23392591
1, 18750, 23795858, 23968382
16, 2, 21
2, 21630, 23392591, 23488255
1, 10098, 23968382, 24064055
17, 2, 21
2, 324450, 23488255, 24972537
1, 144204, 24064055, 25548305
18, 2, 21
2, 327334, 24972537, 26193707
1, 144204, 25548305, 26769240
19, 2, 21
2, 158620, 26193707, 26811594
1, 72104, 26769240, 27387355
20, 2, 21
2, 321566, 26811594, 28063526
1, 144204, 27387355, 28638436
21, 2, 21
2, 448462, 28063526, 29369115
1, 144204, 28638436, 29943871
22, 2, 21
2, 253792, 29369115, 30010145
1, 72104, 29943871, 30583914
23, 2, 21
2, 124012, 30010145, 30316843
1, 36054, 30583914, 30892194
24, 2, 21
2, 389340, 30316843, 31536131
1, 144204, 30892194, 32111018
25, 2, 21
2, 162946, 31536131, 32147326
1, 72104, 32111018, 32723285
26, 2, 21
2, 80752, 32147326, 32454220
1, 36054, 32723285, 33029514
27, 2, 21
2, 242256, 32454220, 34315200
1, 144204, 33029514, 34890411
28, 2, 21
2, 72100, 34315200, 35264647
1, 72104, 34890411, 35840497
29, 2, 21
2, 105266, 35264647, 35572162
1, 36054, 35840497, 36147104
30, 2, 21
2, 80752, 35572162, 35742677
1, 18750, 36147104, 36317331
31, 2, 21
2, 40376, 35742677, 35826871
1, 10098, 36317331, 36402691
32, 2, 21
2, 8652, 35826871, 35875218
1, 5772, 36402691, 36451087
33, 2, 21
2, 555170, 35875218, 37360558
1, 144204, 36451087, 37936448
34, 2, 21
2, 263886, 37360558, 38012565
1, 72104, 37936448, 38588529
35, 2, 21
2, 139874, 38012565, 38339670
1, 36054, 38588529, 38915634
36, 2, 21
2, 155736, 38339670, 39796421
1, 144204, 38915634, 40371119
37, 2, 21
2, 72100, 39796421, 40417053
1, 72104, 40371119, 40992996
38, 2, 21
2, 529214, 40417053, 41861809
1, 144204, 40992996, 42437550
39, 2, 21
2, 263886, 41861809, 42531371
1, 72104, 42437550, 43106760
40, 2, 21
2, 134106, 42531371, 42844480
1, 36054, 43106760, 43419373
41, 2, 21
2, 73542, 42844480, 43005946
1, 18750, 43419373, 43580139
42, 2, 21
2, 330218, 43005946, 44404920
1, 144204, 43580139, 44980464
43, 2, 21
2, 72100, 44404920, 45356294
1, 72104, 44980464, 45932061
44, 2, 21
2, 36050, 45356294, 45810721
1, 36054, 45932061, 46384291
45, 2, 21
2, 144200, 45810721, 47069911
1, 144204, 46384291, 47645530
46, 2, 21
2, 72100, 47069911, 47673845
1, 72104, 47645530, 48249179
47, 2, 21
2, 144200, 47673845, 49271636
1, 144204, 48249179, 49843200
48, 2, 21
2, 144200, 49271636, 50931696
1, 144204, 49843200, 51507303
49, 2, 21
2, 144200, 50931696, 52153971
1, 144204, 51507303, 52728436
50, 2, 21
2, 72100, 52153971, 52763882
1, 72104, 52728436, 53339738
51, 2, 21
2, 353290, 52763882, 54002443
1, 144204, 53339738, 54578125
52, 2, 21
2, 291284, 54002443, 54608602
1, 72104, 54578125, 55183212
53, 2, 21
2, 145642, 54608602, 54914480
1, 36054, 55183212, 55489914
54, 2, 21
2, 552286, 54914480, 56147305
1, 144204, 55489914, 56723207
55, 2, 21
2, 550844, 56147305, 57359713
1, 144204, 56723207, 57935265
56, 2, 21
2, 520562, 57359713, 58585083
1, 144204, 57935265, 59160918
57, 2, 21
2, 144200, 58585083, 59892788
1, 144204, 59160918, 60468767
58, 2, 21
2, 72100, 59892788, 60537001
1, 72104, 60468767, 61112745
59, 2, 21
2, 144200, 60537001, 61789394
1, 144204, 61112745, 62365338
60, 2, 21
2, 144200, 61789394, 63151803
1, 144204, 62365338, 63727773
61, 2, 21
2, 144200, 63151803, 64482208
1, 144204, 63727773, 65057860
