0, 2, 21
2, 54796, 5551706, 6111368
1, 54796, 6109694, 6668907
1, 2, 21
2, 53354, 6111368, 6614195
1, 53354, 6668907, 7171601
2, 2, 21
2, 57680, 6614195, 7123902
1, 57680, 7171601, 7681585
3, 2, 21
2, 54796, 7123902, 7628254
1, 54796, 7681585, 8186054
4, 2, 21
2, 56238, 7628254, 8139210
1, 56238, 8186054, 8696859
5, 2, 21
2, 57680, 8139210, 8650972
1, 57680, 8696859, 9208703
6, 2, 21
2, 56238, 8650972, 9157714
1, 56238, 9208703, 9713993
7, 2, 21
2, 44702, 9157714, 15680494
1, 44702, 9713993, 16238139
8, 2, 21
2, 54796, 15680494, 16187187
1, 54796, 16238139, 16744909
9, 2, 21
2, 59122, 16187187, 16691998
1, 59122, 16744909, 17248414
10, 2, 21
2, 57680, 16691998, 17203776
1, 57680, 17248414, 17761495
11, 1, 21
2, 82194, 17203776, 17706694
12, 1, 21
1, 56238, 17761495, 18273341
13, 1, 21
3, 76426, 16972759, 17475247
14, 1, 21
2, 132714, 17706694, 18210977
15, 1, 21
1, 59122, 18273341, 18781367
16, 1, 21
3, 64890, 17475247, 17977409
17, 1, 21
2, 105316, 18210977, 18715378
18, 1, 21
1, 51912, 18781367, 19320671
19, 1, 21
3, 60564, 17977409, 18486568
20, 1, 21
2, 121178, 18715378, 19216434
21, 1, 21
1, 51912, 19320671, 19829814
22, 1, 21
3, 79310, 18486568, 18993067
23, 1, 21
2, 162996, 19216434, 19718099
24, 1, 21
1, 56238, 19829814, 20331686
25, 1, 21
4, 73542, 18399045, 18901112
26, 1, 21
3, 73542, 18993067, 19495749
27, 1, 21
2, 199071, 19718099, 20219646
28, 1, 21
1, 54796, 20331686, 20839856
29, 1, 21
4, 74984, 18901112, 19403581
30, 1, 21
3, 76426, 19495749, 19999652
31, 1, 21
2, 206281, 20219646, 20721801
32, 1, 21
1, 56238, 20839856, 21341015
33, 1, 21
4, 63448, 19403581, 19904114
34, 1, 21
3, 66332, 19999652, 20512804
35, 1, 21
2, 158695, 20721801, 21227211
36, 1, 21
1, 51912, 21341015, 21856955
37, 1, 21
4, 49028, 19904114, 20404602
38, 1, 21
3, 51912, 20512804, 21059631
39, 1, 21
2, 157253, 21227211, 21732068
40, 1, 21
1, 41818, 21856955, 22358330
41, 1, 21
4, 70658, 20404602, 20911073
42, 1, 21
3, 76426, 21059631, 21570102
43, 1, 21
2, 204839, 21732068, 22233213
44, 1, 21
1, 59122, 22358330, 22870183
45, 1, 21
4, 73542, 20911073, 21414101
46, 1, 21
2, 177416, 22233213, 22734828
47, 1, 21
1, 56238, 22870183, 23371848
48, 1, 21
4, 60564, 21414101, 21915776
49, 1, 21
2, 102432, 22734828, 23239495
50, 1, 21
1, 43260, 23371848, 23877915
51, 1, 21
4, 64890, 21915776, 22418006
52, 1, 21
2, 96664, 23239495, 23742943
53, 1, 21
1, 41818, 23877915, 24377922
54, 1, 21
4, 47586, 22418006, 22928728
55, 1, 21
2, 106758, 23742943, 24250952
56, 1, 21
1, 47586, 24377922, 24884056
57, 1, 21
4, 73542, 22928728, 23434785
58, 1, 21
2, 129830, 24250952, 24757712
59, 1, 21
1, 56238, 24884056, 25392378
60, 1, 21
4, 74984, 23434785, 23935631
61, 1, 21
2, 134156, 24757712, 25263014
62, 1, 21
1, 59122, 25392378, 25893733
63, 1, 21
4, 73542, 23935631, 24442938
64, 1, 21
2, 134156, 25263014, 25768296
65, 1, 21
1, 59122, 25893733, 26399374
66, 1, 21
4, 79310, 24442938, 24948095
67, 1, 21
2, 139924, 25768296, 26273897
68, 1, 21
1, 60564, 26399374, 26909621
69, 1, 21
4, 76426, 24948095, 25457919
70, 1, 21
2, 134156, 26273897, 26779839
71, 1, 21
1, 59122, 26909621, 27418133
72, 1, 21
4, 73542, 25457919, 25966028
73, 1, 21
2, 129830, 26779839, 27283380
74, 1, 21
1, 57680, 27418133, 27925514
75, 1, 21
4, 76426, 25966028, 26474578
76, 1, 21
2, 134156, 27283380, 27786157
77, 1, 21
1, 59122, 27925514, 28430641
78, 1, 21
4, 76426, 26474578, 26985652
79, 1, 21
2, 131272, 27786157, 28287611
80, 1, 21
1, 59122, 28430641, 28939403
81, 1, 21
3, 62006, 21570102, 27915424
82, 1, 21
4, 70658, 26985652, 27489984
83, 1, 21
2, 171673, 28287611, 28795569
84, 1, 21
1, 57680, 28939403, 29439485
85, 1, 21
3, 62006, 27915424, 28421011
86, 1, 21
4, 63448, 27489984, 27994959
87, 1, 21
2, 184651, 28795569, 29295945
88, 1, 21
1, 50470, 29439485, 29942446
89, 1, 21
3, 72100, 28421011, 28925167
90, 1, 21
4, 72100, 27994959, 28497409
91, 1, 21
2, 200513, 29295945, 29805765
92, 1, 21
1, 56238, 29942446, 30452126
93, 1, 21
3, 76426, 28925167, 29430831
94, 1, 21
4, 70658, 28497409, 28999357
95, 1, 21
2, 203397, 29805765, 30312737
96, 1, 21
1, 59122, 30452126, 30958426
97, 1, 21
3, 72100, 29430831, 29932982
98, 1, 21
4, 72100, 28999357, 29505939
99, 1, 21
2, 180325, 30312737, 30815159
100, 1, 21
1, 59122, 30958426, 31465300
101, 1, 21
3, 74984, 29932982, 30435162
102, 1, 21
2, 132714, 30815159, 31324470
103, 1, 21
1, 57680, 31465300, 31968139
104, 1, 21
3, 74984, 30435162, 30942117
105, 1, 21
2, 132714, 31324470, 31824523
106, 1, 21
1, 59122, 31968139, 32479568
107, 1, 21
3, 74984, 30942117, 31444703
108, 1, 21
2, 132714, 31824523, 32339230
109, 1, 21
1, 59122, 32479568, 32985588
110, 1, 21
3, 73542, 31444703, 31945563
111, 1, 21
2, 129830, 32339230, 32848402
112, 1, 21
1, 59122, 32985588, 33489924
113, 1, 21
3, 64890, 31945563, 32450373
114, 1, 21
2, 105316, 32848402, 33362810
115, 1, 21
1, 50470, 33489924, 33990805
116, 1, 21
2, 23097, 33362810, 33868499
117, 1, 21
1, 18746, 33990805, 34503550
118, 1, 21
2, 31749, 33868499, 34384094
119, 1, 21
1, 36050, 34503550, 35039159
120, 1, 21
2, 37517, 34384094, 34905856
121, 1, 21
1, 37492, 35039159, 35550269
122, 1, 21
2, 43285, 34905856, 35406419
123, 1, 21
3, 31724, 32450373, 34846242
124, 1, 21
1, 44702, 35550269, 36050476
125, 1, 21
2, 222118, 35406419, 35907925
126, 1, 21
3, 164388, 34846242, 35402470
127, 1, 21
1, 59122, 36050476, 36561634
128, 1, 21
2, 134156, 35907925, 36410147
129, 1, 21
3, 96614, 35402470, 35912796
130, 1, 21
1, 43260, 36561634, 37070300
131, 1, 21
2, 199046, 36410147, 36911971
132, 1, 21
3, 171598, 35912796, 36415431
133, 1, 21
1, 46144, 37070300, 37579560
134, 1, 21
2, 227886, 36911971, 37416079
135, 1, 21
3, 165830, 36415431, 36916020
136, 1, 21
1, 59122, 37579560, 38092648
137, 1, 21
2, 209140, 37416079, 37918685
138, 1, 21
3, 147084, 36916020, 37422349
139, 1, 21
1, 56238, 38092648, 38601874
140, 1, 21
2, 204814, 37918685, 38420261
141, 1, 21
1, 56238, 38601874, 39105084
142, 1, 21
2, 54821, 38420261, 38932062
143, 1, 21
1, 51912, 39105084, 39605295
144, 1, 21
2, 47611, 38932062, 39436724
145, 1, 21
1, 43260, 39605295, 40111728
146, 1, 21
2, 50495, 39436724, 39954154
147, 1, 21
1, 56238, 40111728, 40615474
148, 1, 21
2, 60589, 39954154, 40467035
149, 1, 21
1, 57680, 40615474, 41140167
150, 1, 21
3, 136990, 37422349, 40076017
151, 1, 21
2, 125504, 40467035, 40968572
152, 1, 21
1, 46144, 41140167, 41646237
153, 1, 21
3, 134106, 40076017, 40578281
154, 1, 21
2, 207698, 40968572, 41470128
155, 1, 21
1, 51912, 41646237, 42156193
156, 1, 21
3, 160062, 40578281, 41079454
157, 1, 21
2, 222118, 41470128, 41972095
158, 1, 21
1, 59122, 42156193, 42663859
159, 1, 21
3, 165830, 41079454, 41581146
160, 1, 21
2, 193278, 41972095, 42474644
161, 1, 21
1, 53354, 42663859, 43175576
162, 1, 21
3, 136990, 41581146, 42083765
163, 1, 21
2, 219234, 42474644, 42975778
164, 1, 21
1, 59122, 43175576, 43683894
165, 1, 21
3, 164388, 42083765, 42584400
166, 1, 21
2, 204814, 42975778, 43477181
167, 1, 21
3, 154294, 42584400, 43084603
168, 1, 21
1, 56238, 43683894, 44209001
169, 1, 21
2, 115410, 43477181, 44007996
170, 1, 21
1, 50470, 44209001, 44719720
171, 1, 21
2, 50495, 44007996, 44517740
172, 1, 21
1, 49028, 44719720, 45231933
173, 1, 21
2, 37517, 44517740, 45020147
174, 1, 21
1, 38934, 45231933, 45748308
175, 1, 21
2, 37517, 45020147, 45531846
176, 1, 21
1, 38934, 45748308, 46283598
177, 1, 21
2, 46169, 45531846, 46036505
178, 1, 21
1, 53354, 46283598, 46793344
179, 1, 21
2, 57705, 46036505, 46544795
180, 1, 21
1, 57680, 46793344, 47298074
181, 1, 21
2, 59147, 46544795, 47048982
182, 1, 21
1, 59122, 47298074, 47808964
183, 1, 21
2, 59147, 47048982, 47552100
184, 1, 21
1, 60564, 47808964, 48316354
185, 1, 21
2, 54821, 47552100, 48054765
186, 1, 21
1, 50470, 48316354, 48829364
187, 1, 21
2, 44727, 48054765, 48564688
188, 1, 21
1, 38934, 48829364, 49339456
189, 1, 21
2, 43285, 48564688, 49067948
190, 1, 21
1, 49028, 49339456, 49841956
191, 1, 21
2, 40401, 49067948, 49573810
192, 1, 21
1, 36050, 49841956, 50368400
193, 1, 21
2, 41843, 49573810, 50079061
194, 1, 21
1, 41818, 50368400, 50880531
195, 1, 21
2, 38959, 50079061, 50583461
196, 1, 21
1, 50470, 50880531, 51385725
197, 1, 21
2, 57705, 50583461, 51087988
198, 1, 21
1, 59122, 51385725, 51886893
199, 1, 21
2, 60589, 51087988, 51594372
200, 1, 21
1, 60564, 51886893, 52395676
201, 1, 21
2, 59147, 51594372, 52098583
202, 1, 21
1, 59122, 52395676, 52900910
203, 1, 21
2, 60589, 52098583, 52610917
204, 1, 21
1, 59122, 52900910, 53401314
205, 1, 21
2, 59147, 52610917, 53117954
206, 1, 21
1, 59122, 53401314, 53910435
207, 1, 21
3, 2884, 43084603, 52838391
208, 1, 21
2, 131272, 53117954, 53618985
209, 1, 21
1, 59122, 53910435, 54415319
210, 1, 21
3, 165830, 52838391, 53339487
211, 1, 21
2, 223560, 53618985, 54119153
212, 1, 21
1, 59122, 54415319, 54922053
213, 1, 21
3, 177366, 53339487, 53842441
214, 1, 21
2, 243748, 54119153, 54621033
215, 1, 21
1, 59122, 54922053, 55425270
216, 1, 21
3, 184576, 53842441, 54342651
217, 1, 21
2, 235096, 54621033, 55123198
218, 1, 21
1, 59122, 55425270, 55927788
219, 1, 21
3, 171598, 54342651, 54845132
220, 1, 21
2, 233654, 55123198, 55623427
221, 1, 21
1, 57680, 55927788, 56434996
222, 1, 21
3, 173040, 54845132, 55345155
223, 1, 21
2, 233654, 55623427, 56127004
224, 1, 21
1, 59122, 56434996, 56935567
225, 1, 21
3, 174482, 55345155, 55847390
226, 1, 21
2, 230770, 56127004, 56627479
227, 1, 21
1, 60564, 56935567, 57442881
228, 1, 21
3, 171598, 55847390, 56351117
229, 1, 21
2, 229328, 56627479, 57128599
230, 1, 21
1, 59122, 57442881, 57943739
231, 1, 21
3, 167272, 56351117, 56853503
232, 1, 21
2, 220676, 57128599, 57630231
233, 1, 21
1, 59122, 57943739, 58449778
234, 1, 21
3, 164388, 56853503, 57355755
235, 1, 21
2, 233654, 57630231, 58130645
236, 1, 21
1, 60564, 58449778, 58953658
237, 1, 21
3, 177366, 57355755, 57858237
238, 1, 21
2, 162996, 58130645, 58643188
239, 1, 21
1, 56238, 58953658, 59458431
240, 1, 21
2, 54821, 58643188, 59151670
241, 1, 21
1, 56238, 59458431, 59969827
242, 1, 21
2, 54821, 59151670, 59657313
243, 1, 21
1, 56238, 59969827, 60482402
244, 1, 21
2, 56263, 59657313, 60158202
245, 1, 21
1, 56238, 60482402, 60986866
246, 1, 21
2, 57705, 60158202, 60668973
247, 1, 21
1, 57680, 60986866, 61494563
248, 1, 21
2, 59147, 60668973, 61183492
249, 1, 21
1, 59122, 61494563, 62004028
250, 1, 21
2, 59147, 61183492, 61694598
251, 1, 21
1, 57680, 62004028, 62509908
252, 1, 21
2, 56263, 61694598, 62208855
253, 1, 21
1, 54796, 62509908, 63024130
254, 1, 21
2, 54821, 62208855, 62719629
255, 1, 21
1, 53354, 63024130, 63529649
256, 1, 21
2, 53379, 62719629, 63232789
257, 1, 21
1, 53354, 63529649, 64034498
258, 1, 21
2, 53379, 63232789, 63735767
259, 1, 21
1, 54796, 64034498, 64547752
260, 1, 21
2, 56263, 63735767, 64245572
261, 1, 21
1, 54796, 64547752, 65048566
262, 1, 21
2, 56263, 64245572, 64748247
263, 1, 21
1, 57680, 65048566, 65557278
264, 1, 21
2, 56263, 64748247, 65258684
265, 1, 21
1, 56238, 65557278, 66062163
266, 1, 21
2, 54821, 65258684, 65761030
