0, 2, 21
2, 72100, 5624069, 6369926
1, 72104, 6203735, 6949646
1, 2, 21
2, 144200, 6369926, 7662717
1, 144204, 6949646, 8242547
2, 2, 21
2, 144200, 7662717, 8950075
1, 144204, 8242547, 9529918
3, 2, 21
2, 217742, 8950075, 17012261
1, 217746, 9529918, 17592160
4, 2, 21
2, 79310, 17012261, 17670059
1, 72104, 17592160, 18249726
5, 2, 21
2, 82194, 17670059, 17980657
1, 36054, 18249726, 18560158
6, 2, 21
2, 43260, 17980657, 18140840
1, 18750, 18560158, 18720616
7, 2, 21
2, 23072, 18140840, 18228759
1, 10098, 18720616, 18808367
8, 2, 21
2, 333102, 18228759, 19631516
1, 144204, 18808367, 20211258
9, 2, 21
2, 269654, 19631516, 20298080
1, 72104, 20211258, 20877550
10, 2, 21
2, 132664, 20298080, 20620474
1, 36054, 20877550, 21199488
11, 2, 21
2, 70658, 20620474, 20788279
1, 18750, 21199488, 21367842
12, 2, 21
2, 494606, 20788279, 22240610
1, 144204, 21367842, 22819544
13, 2, 21
2, 224952, 22240610, 22907312
1, 72104, 22819544, 23487064
14, 2, 21
2, 89404, 22907312, 23360130
1, 36054, 23487064, 23939540
15, 2, 21
2, 44702, 23360130, 23542821
1, 18750, 23939540, 24121485
16, 2, 21
2, 17304, 23542821, 23649914
1, 10098, 24121485, 24228709
17, 2, 21
2, 343196, 23649914, 25189211
1, 144204, 24228709, 25768670
18, 2, 21
2, 337428, 25189211, 26461155
1, 144204, 25768670, 27040575
19, 2, 21
2, 164388, 26461155, 27104666
1, 72104, 27040575, 27683287
20, 2, 21
2, 335986, 27104666, 28395641
1, 144204, 27683287, 28975139
21, 2, 21
2, 485954, 28395641, 29748533
1, 144204, 28975139, 30327734
22, 2, 21
2, 259560, 29748533, 30402673
1, 72104, 30327734, 30980568
23, 2, 21
2, 124012, 30402673, 30713837
1, 36054, 30980568, 31293128
24, 2, 21
2, 334544, 30713837, 31946961
1, 144204, 31293128, 32525736
25, 2, 21
2, 162946, 31946961, 32564561
1, 72104, 32525736, 33143640
26, 2, 21
2, 79310, 32564561, 32873771
1, 36054, 33143640, 33453095
27, 2, 21
2, 204764, 32873771, 34738574
1, 144204, 33453095, 35318101
28, 2, 21
2, 131222, 34738574, 35689372
1, 72104, 35318101, 36268912
29, 2, 21
2, 139874, 35689372, 35998223
1, 36054, 36268912, 36577608
30, 2, 21
2, 44702, 35998223, 36169716
1, 18750, 36577608, 36749235
31, 2, 21
2, 36050, 36169716, 36257321
1, 10098, 36749235, 36835910
32, 2, 21
2, 18746, 36257321, 36307134
1, 5772, 36835910, 36884410
33, 2, 21
2, 578242, 36307134, 37796655
1, 144204, 36884410, 38373826
34, 2, 21
2, 266770, 37796655, 38447924
1, 72104, 38373826, 39026039
35, 2, 21
2, 62006, 38447924, 38774068
1, 36054, 39026039, 39353225
36, 2, 21
2, 144200, 38774068, 40225056
1, 144204, 39353225, 40803751
37, 2, 21
2, 108150, 40225056, 40849167
1, 72104, 40803751, 41425254
38, 2, 21
2, 573916, 40849167, 42290361
1, 144204, 41425254, 42869776
39, 2, 21
2, 273980, 42290361, 42958709
1, 72104, 42869776, 43538197
40, 2, 21
2, 138432, 42958709, 43271493
1, 36054, 43538197, 43850817
41, 2, 21
2, 67774, 43271493, 43432097
1, 18750, 43850817, 44011554
42, 2, 21
2, 243698, 43432097, 44831711
1, 144204, 44011554, 45411162
43, 2, 21
2, 72100, 44831711, 45782941
1, 72104, 45411162, 46362532
44, 2, 21
2, 36050, 45782941, 46235126
1, 36054, 46362532, 46814762
45, 2, 21
2, 144200, 46235126, 47495139
1, 144204, 46814762, 48074810
46, 2, 21
2, 72100, 47495139, 48100397
1, 72104, 48074810, 48679647
47, 2, 21
2, 144200, 48100397, 49690522
1, 144204, 48679647, 50270167
48, 2, 21
2, 144200, 49690522, 51355475
1, 144204, 50270167, 51935132
49, 2, 21
2, 144200, 51355475, 52575473
1, 144204, 51935132, 53155131
50, 2, 21
2, 72100, 52575473, 53186113
1, 72104, 53155131, 53765593
51, 2, 21
2, 457114, 53186113, 54426058
1, 144204, 53765593, 55004464
52, 2, 21
2, 295610, 54426058, 55030700
1, 72104, 55004464, 55609301
53, 2, 21
2, 135548, 55030700, 55337037
1, 36054, 55609301, 55915830
54, 2, 21
2, 572474, 55337037, 56570484
1, 144204, 55915830, 57149330
55, 2, 21
2, 545076, 56570484, 57781906
1, 144204, 57149330, 58361309
56, 2, 21
2, 405202, 57781906, 59007792
1, 144204, 58361309, 59587216
57, 2, 21
2, 144200, 59007792, 60315812
1, 144204, 59587216, 60895248
58, 2, 21
2, 72100, 60315812, 60959803
1, 72104, 60895248, 61539236
59, 2, 21
2, 144200, 60959803, 62212143
1, 144204, 61539236, 62791740
60, 2, 21
2, 144200, 62212143, 63575011
1, 144204, 62791740, 64154510
61, 2, 21
2, 144200, 63575011, 64905260
1, 144204, 64154510, 65484740
