0, 2, 21
2, 102382, 5550547, 6562929
1, 102382, 6087611, 7100159
1, 2, 21
2, 111034, 6562929, 7565959
1, 111034, 7100159, 8103086
2, 1, 21
2, 112476, 7565959, 8578689
3, 1, 21
1, 139874, 8103086, 9353989
4, 2, 21
2, 109617, 8578689, 15683765
1, 82194, 9353989, 16219512
5, 1, 21
2, 112476, 15683765, 16684988
6, 1, 21
1, 113918, 16219512, 17231224
7, 1, 21
2, 132689, 16684988, 17686239
8, 1, 21
1, 109592, 17231224, 18247249
9, 1, 21
3, 141316, 16974273, 17992887
10, 1, 21
2, 239422, 17686239, 18699063
11, 1, 21
1, 113918, 18247249, 19270354
12, 1, 21
3, 136990, 17992887, 18996668
13, 1, 21
2, 271146, 18699063, 19700538
14, 1, 21
1, 99498, 19270354, 20278246
15, 1, 21
3, 148526, 18996668, 20000416
16, 1, 21
4, 147084, 18448060, 19453911
17, 1, 21
2, 399509, 19700538, 20701621
18, 1, 21
1, 109592, 20278246, 21289407
19, 1, 21
3, 109592, 20000416, 21004610
20, 1, 21
4, 115360, 19453911, 20458591
21, 1, 21
2, 305779, 20701621, 21704157
22, 1, 21
1, 96614, 21289407, 22296939
23, 1, 21
4, 138432, 20458591, 21461558
24, 1, 21
3, 141316, 21004610, 22015632
25, 1, 21
2, 392299, 21704157, 22713116
26, 1, 21
1, 108150, 22296939, 23298275
27, 1, 21
4, 129780, 21461558, 22487451
28, 1, 21
2, 214908, 22713116, 23727638
29, 1, 21
1, 93730, 23298275, 24306100
30, 1, 21
4, 118244, 22487451, 23487925
31, 1, 21
2, 285566, 23727638, 24981277
32, 1, 21
1, 121128, 24306100, 25566018
33, 1, 21
4, 147084, 23487925, 24492142
34, 1, 21
2, 263936, 24981277, 25981622
35, 1, 21
1, 116802, 25566018, 26576262
36, 1, 21
4, 154294, 24492142, 25492275
37, 1, 21
2, 331710, 25981622, 27233311
38, 1, 21
1, 145642, 26576262, 27834740
39, 1, 21
4, 147084, 25492275, 26497408
40, 1, 21
3, 10094, 22015632, 28006942
41, 1, 21
4, 145642, 26497408, 27505385
42, 1, 21
2, 418280, 27233311, 28742894
43, 1, 21
1, 219184, 27834740, 29790866
44, 1, 21
3, 124012, 28006942, 29012324
45, 1, 21
2, 360550, 28742894, 29745123
46, 1, 21
4, 167272, 27505385, 28759556
47, 1, 21
3, 135548, 29012324, 30025120
48, 1, 21
2, 392274, 29745123, 30746284
49, 1, 21
3, 141316, 30025120, 31030069
50, 1, 21
2, 258143, 30746284, 31748732
51, 1, 21
3, 183134, 31030069, 32281486
52, 1, 21
2, 327359, 31748732, 33009135
53, 1, 21
1, 498932, 29790866, 34473199
54, 1, 21
2, 144225, 33009135, 34012555
55, 1, 21
1, 66332, 34473199, 35477304
56, 1, 21
2, 67799, 34012555, 35036447
57, 1, 21
3, 93730, 32281486, 35181437
58, 1, 21
1, 98056, 35477304, 36479160
59, 1, 21
2, 186068, 35036447, 36037307
60, 1, 21
3, 246582, 35181437, 36227738
61, 1, 21
2, 307171, 36037307, 37038242
62, 1, 21
1, 116802, 36479160, 37734023
63, 1, 21
3, 312914, 36227738, 37231833
64, 1, 21
2, 447070, 37038242, 38040054
65, 1, 21
1, 113918, 37734023, 38746039
66, 1, 21
2, 374945, 38040054, 39296260
67, 1, 21
1, 131222, 38746039, 40014745
68, 1, 21
2, 102407, 39296260, 40304190
69, 1, 21
1, 106708, 40014745, 41026883
70, 1, 21
3, 323008, 37231833, 40514367
71, 1, 21
2, 249516, 40304190, 41560082
72, 1, 21
1, 122570, 41026883, 42285159
73, 1, 21
3, 286958, 40514367, 41514441
74, 1, 21
2, 432650, 41560082, 42564293
75, 1, 21
3, 373478, 41514441, 42767779
76, 1, 21
2, 400901, 42564293, 43564705
77, 1, 21
1, 216300, 42285159, 44245557
78, 1, 21
2, 279773, 43564705, 44569293
79, 1, 21
1, 119686, 44245557, 45539758
80, 1, 21
2, 79335, 44569293, 45570662
81, 1, 21
1, 76426, 45539758, 46552290
82, 1, 21
2, 96639, 45570662, 46582670
83, 1, 21
1, 115360, 46552290, 47564508
84, 1, 21
2, 181717, 46582670, 48152029
85, 1, 21
1, 142758, 47564508, 48822977
86, 1, 21
1, 86520, 48822977, 49826486
87, 1, 21
1, 98056, 49826486, 51087243
88, 1, 21
2, 203397, 48152029, 50602769
89, 1, 21
1, 111034, 51087243, 52097407
90, 1, 21
2, 144225, 50602769, 51886160
91, 1, 21
1, 118244, 52097407, 53101295
92, 1, 21
2, 147109, 51886160, 53143369
93, 1, 21
1, 147084, 53101295, 54363691
94, 1, 21
3, 258118, 42767779, 53357356
95, 1, 21
2, 441302, 53143369, 54708363
96, 1, 21
3, 334544, 53357356, 54360961
97, 1, 21
2, 468675, 54708363, 55709242
98, 1, 21
1, 230720, 54363691, 56323345
99, 1, 21
3, 353290, 54360961, 55362781
100, 1, 21
2, 467258, 55709242, 56710589
101, 1, 21
3, 431158, 55362781, 56615798
102, 1, 21
2, 706605, 56710589, 58277034
103, 1, 21
3, 523446, 56615798, 58180071
104, 1, 21
2, 428299, 58277034, 59913641
105, 1, 21
2, 112476, 59913641, 60918423
106, 1, 21
2, 144200, 60918423, 62178834
107, 1, 21
2, 165830, 62178834, 63748988
108, 1, 21
1, 1121876, 56323345, 66329493
