0, 2, 21
2, 72100, 5480382, 6231917
1, 72104, 6034267, 6785579
1, 2, 21
2, 144200, 6231917, 7528342
1, 144204, 6785579, 8081764
2, 2, 21
2, 144200, 7528342, 8821919
1, 144204, 8081764, 9375437
3, 2, 21
2, 217742, 8821919, 16886310
1, 217746, 9375437, 17439670
4, 2, 21
2, 76426, 16886310, 17544171
1, 72104, 17439670, 18097423
5, 2, 21
2, 83636, 17544171, 17863670
1, 36054, 18097423, 18417244
6, 2, 21
2, 43260, 17863670, 18024740
1, 18750, 18417244, 18578312
7, 2, 21
2, 23072, 18024740, 18113303
1, 10098, 18578312, 18666249
8, 2, 21
2, 333102, 18113303, 19518297
1, 144204, 18666249, 20071003
9, 2, 21
2, 269654, 19518297, 20185590
1, 72104, 20071003, 20736855
10, 2, 21
2, 131222, 20185590, 20505726
1, 36054, 20736855, 21058482
11, 2, 21
2, 67774, 20505726, 20673937
1, 18750, 21058482, 21226974
12, 2, 21
2, 493164, 20673937, 22124988
1, 144204, 21226974, 22677099
13, 2, 21
2, 226394, 22124988, 22767973
1, 72104, 22677099, 23320886
14, 2, 21
2, 85078, 22767973, 23208994
1, 36054, 23320886, 23762472
15, 2, 21
2, 44702, 23208994, 23382335
1, 18750, 23762472, 23935568
16, 2, 21
2, 23072, 23382335, 23478044
1, 10098, 23935568, 24031331
17, 2, 21
2, 320124, 23478044, 24965715
1, 144204, 24031331, 25517604
18, 2, 21
2, 327334, 24965715, 26190473
1, 144204, 25517604, 26743301
19, 2, 21
2, 164388, 26190473, 26809187
1, 72104, 26743301, 27362355
20, 2, 21
2, 324450, 26809187, 28057365
1, 144204, 27362355, 28608341
21, 2, 21
2, 451346, 28057365, 29389021
1, 144204, 28608341, 29941181
22, 2, 21
2, 261002, 29389021, 30065189
1, 72104, 29941181, 30618377
23, 2, 21
2, 124012, 30065189, 30375363
1, 36054, 30618377, 30927885
24, 2, 21
2, 370594, 30375363, 31616626
1, 144204, 30927885, 32169968
25, 2, 21
2, 161504, 31616626, 32228039
1, 72104, 32169968, 32781797
26, 2, 21
2, 80752, 32228039, 32533685
1, 36054, 32781797, 33087432
27, 2, 21
2, 249466, 32533685, 34393307
1, 144204, 33087432, 34947149
28, 2, 21
2, 72100, 34393307, 35342244
1, 72104, 34947149, 35896040
29, 2, 21
2, 87962, 35342244, 35649860
1, 36054, 35896040, 36202792
30, 2, 21
2, 77868, 35649860, 35821121
1, 18750, 36202792, 36372862
31, 2, 21
2, 41818, 35821121, 35904718
1, 10098, 36372862, 36458247
32, 2, 21
2, 23072, 35904718, 35953170
1, 5772, 36458247, 36506474
33, 2, 21
2, 542192, 35953170, 37438831
1, 144204, 36506474, 37992043
34, 2, 21
2, 263886, 37438831, 38090905
1, 72104, 37992043, 38644528
35, 2, 21
2, 139874, 38090905, 38418928
1, 36054, 38644528, 38972683
36, 2, 21
2, 173040, 38418928, 39871245
1, 144204, 38972683, 40424106
37, 2, 21
2, 72100, 39871245, 40492193
1, 72104, 40424106, 41045986
38, 2, 21
2, 507584, 40492193, 41939280
1, 144204, 41045986, 42491663
39, 2, 21
2, 261002, 41939280, 42608184
1, 72104, 42491663, 43161165
40, 2, 21
2, 132664, 42608184, 42922793
1, 36054, 43161165, 43474238
41, 2, 21
2, 72100, 42922793, 43082102
1, 18750, 43474238, 43635088
42, 2, 21
2, 357616, 43082102, 44482276
1, 144204, 43635088, 45035369
43, 2, 21
2, 72100, 44482276, 45435416
1, 72104, 45035369, 45988167
44, 2, 21
2, 36050, 45435416, 45887680
1, 36054, 45988167, 46441190
45, 2, 21
2, 144200, 45887680, 47150447
1, 144204, 46441190, 47703763
46, 2, 21
2, 72100, 47150447, 47754826
1, 72104, 47703763, 48308336
47, 2, 21
2, 144200, 47754826, 49347160
1, 144204, 48308336, 49899920
48, 2, 21
2, 144200, 49347160, 51017499
1, 144204, 49899920, 51571110
49, 2, 21
2, 144200, 51017499, 52240522
1, 144204, 51571110, 52793936
50, 2, 21
2, 72100, 52240522, 52852589
1, 72104, 52793936, 53406182
51, 2, 21
2, 327334, 52852589, 54096348
1, 144204, 53406182, 54649413
52, 2, 21
2, 292726, 54096348, 54703096
1, 72104, 54649413, 55256695
53, 2, 21
2, 148526, 54703096, 55014245
1, 36054, 55256695, 55566216
54, 2, 21
2, 572474, 55014245, 56260985
1, 144204, 55566216, 56814682
55, 2, 21
2, 555170, 56260985, 57474655
1, 144204, 56814682, 58027889
56, 2, 21
2, 514794, 57474655, 58701825
1, 144204, 58027889, 59255168
57, 2, 21
2, 144200, 58701825, 60009127
1, 144204, 59255168, 60563015
58, 2, 21
2, 72100, 60009127, 60653310
1, 72104, 60563015, 61207114
59, 2, 21
2, 144200, 60653310, 61906929
1, 144204, 61207114, 62460561
60, 2, 21
2, 144200, 61906929, 63270605
1, 144204, 62460561, 63824486
61, 2, 21
2, 144200, 63270605, 64603195
1, 144204, 63824486, 65156156
