0, 2, 21
2, 102382, 5511080, 6523573
1, 102382, 6101262, 7113868
1, 2, 21
2, 111034, 6523573, 7524283
1, 111034, 7113868, 8114517
2, 1, 21
1, 111034, 8114517, 9114672
3, 1, 21
2, 112501, 7524283, 8536601
4, 2, 21
2, 109592, 8536601, 15639224
1, 111034, 9114672, 16229640
5, 2, 21
2, 113918, 15639224, 16649469
1, 113918, 16229640, 17239882
6, 1, 21
2, 131222, 16649469, 17651274
7, 1, 21
1, 112476, 17239882, 18252024
8, 1, 21
3, 141316, 16961881, 17970129
9, 1, 21
2, 239422, 17651274, 18651712
10, 1, 21
1, 112476, 18252024, 19312528
11, 1, 21
3, 136990, 17970129, 18971711
12, 1, 21
2, 262494, 18651712, 19656043
13, 1, 21
1, 106708, 19312528, 20323031
14, 1, 21
3, 149968, 18971711, 19979817
15, 1, 21
4, 151410, 18428005, 19434320
16, 1, 21
2, 405277, 19656043, 20658712
17, 1, 21
1, 109592, 20323031, 21327304
18, 1, 21
3, 116802, 19979817, 20988773
19, 1, 21
4, 112476, 19434320, 20436329
20, 1, 21
2, 312989, 20658712, 21661499
21, 1, 21
1, 93730, 21327304, 22365572
22, 1, 21
3, 141316, 20988773, 21989796
23, 1, 21
4, 142758, 20436329, 21443846
24, 1, 21
2, 387973, 21661499, 22664461
25, 1, 21
1, 111034, 22365572, 23374122
26, 1, 21
4, 125454, 21443846, 22499999
27, 1, 21
2, 213466, 22664461, 23673133
28, 1, 21
1, 86520, 23374122, 24387775
29, 1, 21
4, 125454, 22499999, 23506430
30, 1, 21
2, 216350, 23673133, 24679562
31, 1, 21
1, 99498, 24387775, 25390814
32, 1, 21
4, 141316, 23506430, 24511081
33, 1, 21
2, 258168, 24679562, 25684469
34, 1, 21
1, 116802, 25390814, 26391199
35, 1, 21
4, 149968, 24511081, 25520534
36, 1, 21
2, 265378, 25684469, 26688836
37, 1, 21
1, 118244, 26391199, 27395410
38, 1, 21
4, 136990, 25520534, 26526506
39, 1, 21
2, 253842, 26688836, 27694045
40, 1, 21
1, 115360, 27395410, 28397015
41, 1, 21
3, 1442, 21989796, 27926458
42, 1, 21
4, 144200, 26526506, 27527488
43, 1, 21
2, 294243, 27694045, 28699996
44, 1, 21
1, 118244, 28397015, 29403194
45, 1, 21
3, 132664, 27926458, 28928789
46, 1, 21
4, 135548, 27527488, 28530883
47, 1, 21
2, 373553, 28699996, 29702264
48, 1, 21
1, 105266, 29403194, 30413119
49, 1, 21
3, 145642, 28928789, 29929531
50, 1, 21
4, 136990, 28530883, 29536889
51, 1, 21
2, 399509, 29702264, 30702595
52, 1, 21
1, 116802, 30413119, 31414802
53, 1, 21
3, 148526, 29929531, 30934856
54, 1, 21
2, 287008, 30702595, 31702807
55, 1, 21
1, 118244, 31414802, 32416055
56, 1, 21
3, 144200, 30934856, 31935751
57, 1, 21
2, 265378, 31702807, 32709310
58, 1, 21
1, 118244, 32416055, 33421604
59, 2, 21
2, 162971, 32709310, 33835378
1, 73542, 33421604, 34425420
60, 2, 21
2, 66332, 33835378, 34839442
1, 66332, 34425420, 35429137
61, 1, 21
3, 106708, 31935751, 34900279
62, 2, 21
2, 224977, 34839442, 35842311
1, 98056, 35429137, 36431483
63, 1, 21
3, 250908, 34900279, 35903717
64, 1, 21
2, 324475, 35842311, 36845193
65, 1, 21
1, 87962, 36431483, 37437409
66, 1, 21
3, 325892, 35903717, 36906921
67, 1, 21
2, 442744, 36845193, 37845540
68, 1, 21
1, 115360, 37437409, 38445664
69, 1, 21
3, 301378, 36906921, 37907784
70, 1, 21
2, 299986, 37845540, 38846100
71, 1, 21
1, 109592, 38445664, 39451891
72, 1, 21
2, 95197, 38846100, 39846449
73, 1, 21
1, 96614, 39451891, 40460971
74, 1, 21
3, 4326, 37907784, 40137273
75, 1, 21
2, 154344, 39846449, 40846825
76, 1, 21
1, 102382, 40460971, 41468612
77, 1, 21
3, 292726, 40137273, 41140380
78, 1, 21
2, 395158, 40846825, 41847853
79, 1, 21
1, 108150, 41468612, 42479933
80, 1, 21
3, 301378, 41140380, 42143763
81, 1, 21
2, 411020, 41847853, 42850476
82, 1, 21
1, 111034, 42479933, 43490640
83, 1, 21
3, 318682, 42143763, 43147931
84, 1, 21
2, 387948, 42850476, 43854947
85, 1, 21
1, 111034, 43490640, 44496367
86, 1, 21
2, 90871, 43854947, 44865388
87, 1, 21
1, 87962, 44496367, 45496650
88, 1, 21
2, 76451, 44865388, 45877842
89, 1, 21
1, 77868, 45496650, 46507871
90, 1, 21
2, 113943, 45877842, 46878521
91, 1, 21
1, 115360, 46507871, 47518927
92, 1, 21
2, 118269, 46878521, 47885297
93, 1, 21
1, 118244, 47518927, 48527618
94, 1, 21
2, 86545, 47885297, 48888695
95, 1, 21
1, 86520, 48527618, 49528789
96, 1, 21
2, 80777, 48888695, 49899113
97, 1, 21
1, 79310, 49528789, 50528859
98, 1, 21
2, 93755, 49899113, 50909435
99, 1, 21
1, 93730, 50528859, 51536653
100, 1, 21
2, 118269, 50909435, 51910257
101, 1, 21
1, 118244, 51536653, 52537211
102, 1, 21
2, 118269, 51910257, 52916693
103, 1, 21
1, 118244, 52537211, 53548240
104, 1, 21
3, 5768, 43147931, 52909637
105, 1, 21
2, 262494, 52916693, 53920532
106, 1, 21
1, 116802, 53548240, 54560281
107, 1, 21
3, 341754, 52909637, 53912369
108, 1, 21
2, 475910, 53920532, 54922811
109, 1, 21
1, 118244, 54560281, 55562694
110, 1, 21
3, 354732, 53912369, 54913642
111, 1, 21
2, 458606, 54922811, 55923204
112, 1, 21
1, 116802, 55562694, 56570821
113, 1, 21
3, 346080, 54913642, 55916703
114, 1, 21
2, 462932, 55923204, 56923690
115, 1, 21
1, 119686, 56570821, 57575266
116, 1, 21
3, 335986, 55916703, 56917698
117, 1, 21
2, 448512, 56923690, 57923759
118, 1, 21
1, 118244, 57575266, 58580927
119, 1, 21
3, 341754, 56917698, 57924673
120, 1, 21
2, 321616, 57923759, 58929961
121, 1, 21
1, 115360, 58580927, 59584836
122, 1, 21
2, 111059, 58929961, 59936223
123, 1, 21
1, 111034, 59584836, 60592629
124, 1, 21
2, 112501, 59936223, 60937772
125, 1, 21
1, 113918, 60592629, 61604591
126, 1, 21
2, 116827, 60937772, 61949776
127, 1, 21
1, 115360, 61604591, 62607402
128, 1, 21
2, 106733, 61949776, 62956897
129, 1, 21
1, 106708, 62607402, 63616006
130, 1, 21
2, 106733, 62956897, 63957155
131, 1, 21
1, 106708, 63616006, 64616106
132, 1, 21
2, 111059, 63957155, 64963310
133, 1, 21
1, 111034, 64616106, 65621142
