0, 2, 21
2, 54796, 5629428, 6190694
1, 54796, 6314090, 6874644
1, 2, 21
2, 53354, 6190694, 6700102
1, 53354, 6874644, 7376938
2, 2, 21
2, 57680, 6700102, 7207632
1, 57680, 7376938, 7886346
3, 1, 21
1, 54796, 7886346, 8390565
4, 1, 21
2, 56263, 7207632, 7717694
5, 1, 21
1, 56238, 8390565, 8900773
6, 1, 21
2, 69241, 7717694, 8347459
7, 1, 21
1, 70658, 8900773, 9526423
8, 1, 21
2, 57705, 8347459, 8853945
9, 1, 21
2, 54796, 8853945, 9357751
10, 1, 21
1, 86520, 9526423, 10311528
11, 2, 21
2, 31749, 9357751, 15757496
1, 1442, 10311528, 16441808
12, 2, 21
2, 54796, 15757496, 16264914
1, 54796, 16441808, 16948736
13, 2, 21
2, 74984, 16264914, 16901519
1, 74984, 16948736, 17585599
14, 1, 21
2, 96614, 16901519, 17684038
15, 1, 21
1, 86520, 17585599, 18373723
16, 1, 21
3, 76426, 17030691, 17531273
17, 1, 21
2, 132714, 17684038, 18184993
18, 1, 21
3, 64890, 17531273, 18036906
19, 1, 21
2, 113943, 18184993, 18692702
20, 1, 21
1, 122570, 18373723, 19519537
21, 1, 21
3, 57680, 18036906, 18536961
22, 1, 21
2, 111084, 18692702, 19195715
23, 1, 21
1, 64890, 19519537, 20152381
24, 1, 21
3, 79310, 18536961, 19044609
25, 1, 21
2, 150018, 19195715, 19701391
26, 1, 21
4, 70658, 18446741, 18951297
27, 1, 21
3, 72100, 19044609, 19545262
28, 1, 21
2, 193278, 19701391, 20202380
29, 1, 21
1, 86520, 20152381, 20940906
30, 1, 21
4, 76426, 18951297, 19455694
31, 1, 21
3, 73542, 19545262, 20047998
32, 1, 21
2, 207723, 20202380, 20704087
33, 1, 21
4, 66332, 19455694, 19958808
34, 1, 21
3, 67774, 20047998, 20548411
35, 1, 21
2, 177416, 20704087, 21204901
36, 1, 21
4, 47586, 19958808, 20459017
37, 1, 21
3, 43260, 20548411, 21058321
38, 1, 21
2, 134156, 21204901, 21705446
39, 1, 21
1, 157178, 20940906, 22476250
40, 1, 21
4, 64890, 20459017, 20968193
41, 1, 21
3, 62006, 21058321, 21564561
42, 1, 21
2, 184651, 21705446, 22207796
43, 1, 21
1, 53354, 22476250, 22985258
44, 1, 21
4, 66332, 20968193, 21474682
45, 1, 21
3, 73542, 21564561, 22077009
46, 1, 21
2, 193303, 22207796, 22708290
47, 1, 21
1, 56238, 22985258, 23490859
48, 1, 21
4, 57680, 21474682, 21975238
49, 1, 21
2, 111084, 22708290, 23209610
50, 1, 21
1, 51912, 23490859, 24071787
51, 1, 21
4, 66332, 21975238, 22480214
52, 1, 21
2, 121178, 23209610, 23720613
53, 1, 21
1, 54796, 24071787, 24701175
54, 1, 21
4, 50470, 22480214, 22986513
55, 1, 21
2, 108200, 23720613, 24345995
56, 1, 21
4, 64890, 22986513, 23493193
57, 1, 21
1, 79310, 24701175, 25484754
58, 1, 21
2, 131272, 24345995, 24858461
59, 1, 21
4, 73542, 23493193, 23998669
60, 1, 21
1, 59122, 25484754, 25989736
61, 1, 21
2, 165880, 24858461, 25483619
62, 1, 21
4, 90846, 23998669, 24625251
63, 1, 21
1, 92288, 25989736, 26775074
64, 1, 21
2, 212024, 25483619, 26272862
65, 1, 21
4, 122570, 24625251, 25407903
66, 1, 21
1, 142758, 26775074, 28008732
67, 1, 21
2, 403810, 26272862, 27800015
68, 1, 21
4, 224952, 25407903, 26939307
69, 1, 21
3, 17304, 22077009, 28121227
70, 1, 21
2, 310080, 27800015, 28885129
71, 1, 21
4, 145642, 26939307, 28045703
72, 1, 21
3, 60564, 28121227, 28626383
73, 1, 21
2, 175974, 28885129, 29387552
74, 1, 21
1, 242256, 28008732, 30151064
75, 1, 21
4, 76426, 28045703, 28555870
76, 1, 21
3, 72100, 28626383, 29129180
77, 1, 21
2, 196187, 29387552, 29890774
78, 1, 21
1, 56238, 30151064, 30659048
79, 1, 21
4, 69216, 28555870, 29064893
80, 1, 21
3, 93730, 29129180, 29758589
81, 1, 21
2, 252425, 29890774, 30518960
82, 1, 21
1, 73542, 30659048, 31288556
83, 1, 21
4, 90846, 29064893, 29696500
84, 1, 21
3, 113918, 29758589, 30547110
85, 1, 21
2, 258193, 30518960, 31301093
86, 1, 21
1, 92288, 31288556, 32072102
87, 1, 21
2, 131247, 31301093, 31803389
88, 1, 21
2, 206206, 31803389, 32585239
89, 1, 21
3, 223510, 30547110, 32081100
90, 1, 21
1, 180250, 32072102, 33598328
91, 1, 21
3, 77868, 32081100, 32670138
92, 1, 21
2, 201955, 32585239, 33417398
93, 1, 21
1, 59122, 33598328, 34253449
94, 1, 21
2, 34633, 33417398, 33920388
95, 1, 21
1, 21630, 34253449, 34765606
96, 1, 21
2, 40401, 33920388, 34555130
97, 1, 21
1, 34608, 34765606, 35271488
98, 1, 21
1, 44702, 35271488, 35925911
99, 1, 21
2, 57730, 34555130, 35337881
100, 1, 21
3, 36050, 32670138, 35092247
101, 1, 21
1, 57680, 35925911, 36434584
102, 1, 21
2, 161554, 35337881, 35950367
103, 1, 21
3, 164388, 35092247, 35649562
104, 1, 21
1, 63448, 36434584, 37071073
105, 1, 21
2, 177416, 35950367, 36454888
106, 1, 21
3, 96614, 35649562, 36160098
107, 1, 21
1, 40376, 37071073, 37579079
108, 1, 21
2, 147134, 36454888, 36955958
109, 1, 21
3, 171598, 36160098, 36662539
110, 1, 21
1, 59122, 37579079, 38083648
111, 1, 21
2, 236538, 36955958, 37459464
112, 1, 21
3, 206206, 36662539, 37287758
113, 1, 21
2, 211999, 37459464, 37960920
114, 1, 21
1, 70658, 38083648, 38718925
115, 1, 21
3, 141316, 37287758, 37789829
116, 1, 21
2, 201930, 37960920, 38461933
117, 1, 21
2, 128338, 38461933, 38966747
118, 1, 21
1, 106708, 38718925, 39708178
119, 1, 21
2, 46169, 38966747, 39471604
120, 1, 21
1, 46144, 39708178, 40224529
121, 1, 21
2, 64915, 39471604, 40105546
122, 1, 21
1, 66332, 40224529, 40853441
123, 1, 21
2, 56263, 40105546, 40610920
124, 1, 21
1, 54796, 40853441, 41365088
125, 1, 21
3, 102382, 37789829, 40325670
126, 2, 21
2, 131272, 40610920, 41236715
1, 44702, 41365088, 41920588
127, 1, 21
3, 170156, 40325670, 40952054
128, 1, 21
2, 216325, 41236715, 41740529
129, 1, 21
1, 59122, 41920588, 42427423
130, 1, 21
3, 165830, 40952054, 41452079
131, 1, 21
2, 222093, 41740529, 42242077
132, 1, 21
1, 73542, 42427423, 43059871
133, 1, 21
3, 178808, 41452079, 42078258
134, 1, 21
2, 191836, 42242077, 42745035
135, 1, 21
1, 53354, 43059871, 43568410
136, 1, 21
3, 162946, 42078258, 42580797
137, 1, 21
2, 274030, 42745035, 43373811
138, 1, 21
1, 57680, 43568410, 44074151
139, 1, 21
3, 155736, 42580797, 43081029
140, 1, 21
1, 53354, 44074151, 44576699
141, 1, 21
2, 245215, 43373811, 44043982
142, 1, 21
1, 47586, 44576699, 45093178
143, 1, 21
2, 47611, 44043982, 44549651
144, 1, 21
1, 53354, 45093178, 45718881
145, 1, 21
2, 50495, 44549651, 45185069
146, 1, 21
1, 38934, 45718881, 46225117
147, 1, 21
2, 60589, 45185069, 45978698
148, 1, 21
1, 41818, 46225117, 46731691
149, 1, 21
1, 57680, 46731691, 47239257
150, 1, 21
1, 73542, 47239257, 47870800
151, 1, 21
2, 175999, 45978698, 47505081
152, 1, 21
1, 111034, 47870800, 48853084
153, 1, 21
1, 44702, 48853084, 49395420
154, 1, 21
1, 47586, 49395420, 49910441
155, 1, 21
1, 37492, 49910441, 50433303
156, 1, 21
1, 46144, 50433303, 50941221
157, 1, 21
1, 40376, 50941221, 51451447
158, 1, 21
2, 336136, 47505081, 51162036
159, 1, 21
1, 59122, 51451447, 51956519
160, 1, 21
1, 60564, 51956519, 52463872
161, 1, 21
2, 75034, 51162036, 51791830
162, 1, 21
1, 73542, 52463872, 53090387
163, 1, 21
2, 92313, 51791830, 52576829
164, 1, 21
1, 115360, 53090387, 54075774
165, 1, 21
3, 85078, 43081029, 53092317
166, 1, 21
2, 137040, 52576829, 53695062
167, 1, 21
3, 165830, 53092317, 53593482
168, 1, 21
2, 223535, 53695062, 54197176
169, 1, 21
2, 237930, 54197176, 54699387
170, 1, 21
3, 222068, 53593482, 54219264
171, 1, 21
2, 243723, 54699387, 55199642
172, 1, 21
3, 278306, 54219264, 55002423
173, 1, 21
2, 229303, 55199642, 55703015
174, 1, 21
2, 289842, 55703015, 56329867
175, 1, 21
2, 360500, 56329867, 57112576
176, 1, 21
3, 524888, 55002423, 56530369
177, 1, 21
2, 692185, 57112576, 58640668
178, 1, 21
2, 89404, 58640668, 59219962
179, 1, 21
2, 69216, 59219962, 59855353
180, 1, 21
2, 87962, 59855353, 60638720
181, 1, 21
2, 175924, 60638720, 62178369
182, 1, 21
1, 1134854, 54075774, 64084386
