0, 2, 21
2, 72100, 5438997, 6186602
1, 72104, 6019340, 6766704
1, 2, 21
2, 144200, 6186602, 7482247
1, 144204, 6766704, 8062310
2, 2, 21
2, 144200, 7482247, 8771803
1, 144204, 8062310, 9351885
3, 2, 21
2, 217742, 8771803, 16843963
1, 217746, 9351885, 17423099
4, 2, 21
2, 76426, 16843963, 17504204
1, 72104, 17423099, 18083061
5, 2, 21
2, 79310, 17504204, 17820150
1, 36054, 18083061, 18398954
6, 2, 21
2, 49028, 17820150, 18030373
1, 18750, 18398954, 18607918
7, 2, 21
2, 23072, 18030373, 18118469
1, 10098, 18607918, 18696889
8, 2, 21
2, 340312, 18118469, 19534161
1, 144204, 18696889, 20112673
9, 2, 21
2, 266770, 19534161, 20201681
1, 72104, 20112673, 20780556
10, 2, 21
2, 129780, 20201681, 20524420
1, 36054, 20780556, 21103151
11, 2, 21
2, 64890, 20524420, 20695831
1, 18750, 21103151, 21272115
12, 2, 21
2, 494606, 20695831, 22144873
1, 144204, 21272115, 22723538
13, 2, 21
2, 224952, 22144873, 22796414
1, 72104, 22723538, 23375752
14, 2, 21
2, 96614, 22796414, 23244402
1, 36054, 23375752, 23823292
15, 2, 21
2, 41818, 23244402, 23418113
1, 18750, 23823292, 23997491
16, 2, 21
2, 12978, 23418113, 23514931
1, 10098, 23997491, 24094681
17, 2, 21
2, 338870, 23514931, 25012984
1, 144204, 24094681, 25592760
18, 2, 21
2, 323008, 25012984, 26252171
1, 144204, 25592760, 26830582
19, 2, 21
2, 161504, 26252171, 26872709
1, 72104, 26830582, 27451712
20, 2, 21
2, 323008, 26872709, 28133243
1, 144204, 27451712, 28712779
21, 2, 21
2, 439810, 28133243, 29451606
1, 144204, 28712779, 30031071
22, 2, 21
2, 255234, 29451606, 30093434
1, 72104, 30031071, 30672337
23, 2, 21
2, 128338, 30093434, 30421558
1, 36054, 30672337, 31001398
24, 2, 21
2, 377804, 30421558, 31647931
1, 144204, 31001398, 32227739
25, 2, 21
2, 162946, 31647931, 32261873
1, 72104, 32227739, 32841130
26, 2, 21
2, 80752, 32261873, 32568812
1, 36054, 32841130, 33147836
27, 2, 21
2, 242256, 32568812, 34434863
1, 144204, 33147836, 35013839
28, 2, 21
2, 72100, 34434863, 35386664
1, 72104, 35013839, 35964926
29, 2, 21
2, 103824, 35386664, 35693769
1, 36054, 35964926, 36272371
30, 2, 21
2, 77868, 35693769, 35863286
1, 18750, 36272371, 36442648
31, 2, 21
2, 40376, 35863286, 35948339
1, 10098, 36442648, 36528076
32, 2, 21
2, 12978, 35948339, 35997611
1, 5772, 36528076, 36576513
33, 2, 21
2, 547960, 35997611, 37482280
1, 144204, 36576513, 38062152
34, 2, 21
2, 263886, 37482280, 38134468
1, 72104, 38062152, 38714363
35, 2, 21
2, 138432, 38134468, 38461854
1, 36054, 38714363, 39041744
36, 2, 21
2, 162946, 38461854, 39923468
1, 144204, 39041744, 40501206
37, 2, 21
2, 72100, 39923468, 40556959
1, 72104, 40501206, 41135404
38, 2, 21
2, 517678, 40556959, 42008070
1, 144204, 41135404, 42584641
39, 2, 21
2, 259560, 42008070, 42676135
1, 72104, 42584641, 43255131
40, 2, 21
2, 141316, 42676135, 42997654
1, 36054, 43255131, 43576076
41, 2, 21
2, 74984, 42997654, 43169938
1, 18750, 43576076, 43749138
42, 2, 21
2, 340312, 43169938, 44623711
1, 144204, 43749138, 45202520
43, 2, 21
2, 72100, 44623711, 45577399
1, 72104, 45202520, 46156420
44, 2, 21
2, 36050, 45577399, 46034314
1, 36054, 46156420, 46612883
45, 2, 21
2, 144200, 46034314, 47321801
1, 144204, 46612883, 47900393
46, 2, 21
2, 72100, 47321801, 47948530
1, 73546, 47900393, 48511857
47, 2, 21
2, 144200, 47948530, 49544606
1, 142762, 48511857, 50124204
48, 2, 21
2, 144200, 49544606, 51213059
1, 144204, 50124204, 51792415
49, 2, 21
2, 144200, 51213059, 52436603
1, 144204, 51792415, 53016271
50, 2, 21
2, 72100, 52436603, 53048626
1, 72104, 53016271, 53628376
51, 2, 21
2, 385014, 53048626, 54289573
1, 144204, 53628376, 54868525
52, 2, 21
2, 291284, 54289573, 54897080
1, 72104, 54868525, 55475406
53, 2, 21
2, 142758, 54897080, 55202877
1, 36054, 55475406, 55782184
54, 2, 21
2, 540750, 55202877, 56457437
1, 144204, 55782184, 57035788
55, 2, 21
2, 539308, 56457437, 57707727
1, 144204, 57035788, 58286504
56, 2, 21
2, 513352, 57707727, 58947285
1, 144204, 58286504, 59526416
57, 2, 21
2, 144200, 58947285, 60258146
1, 144204, 59526416, 60838028
58, 2, 21
2, 72100, 60258146, 60906325
1, 72104, 60838028, 61486277
59, 2, 21
2, 144200, 60906325, 62162023
1, 144204, 61486277, 62741768
60, 2, 21
2, 144200, 62162023, 63537770
1, 144204, 62741768, 64112747
61, 2, 21
2, 144200, 63537770, 64868094
1, 144204, 64112747, 65447220
