0, 2, 21
2, 53354, 5550476, 6059448
1, 53354, 6135489, 6644234
1, 2, 21
2, 47586, 6059448, 6562890
1, 47586, 6644234, 7147840
2, 2, 21
2, 57680, 6562890, 7070132
1, 57680, 7147840, 7654908
3, 2, 21
2, 54796, 7070132, 7576954
1, 54796, 7654908, 8161413
4, 2, 21
2, 56238, 7576954, 8086861
1, 56238, 8161413, 8671650
5, 2, 21
2, 56238, 8086861, 8597269
1, 56238, 8671650, 9175236
6, 2, 21
2, 57680, 8597269, 9101422
1, 57680, 9175236, 9686116
7, 2, 21
2, 51912, 9101422, 15691804
1, 51912, 9686116, 16276588
8, 2, 21
2, 54796, 15691804, 16198165
1, 54796, 16276588, 16783111
9, 2, 21
2, 59122, 16198165, 16701064
1, 59122, 16783111, 17285941
10, 2, 21
2, 57680, 16701064, 17213914
1, 57680, 17285941, 17798608
11, 1, 21
2, 83636, 17213914, 17714049
12, 1, 21
1, 56238, 17798608, 18308177
13, 1, 21
3, 77868, 16965906, 17473186
14, 1, 21
2, 132714, 17714049, 18220348
15, 1, 21
1, 59122, 18308177, 18817731
16, 1, 21
3, 64890, 17473186, 18035611
17, 1, 21
2, 106758, 18220348, 18735810
18, 1, 21
1, 51912, 18817731, 19357113
19, 1, 21
3, 69216, 18035611, 18538932
20, 1, 21
2, 122620, 18735810, 19236712
21, 1, 21
1, 51912, 19357113, 19866693
22, 1, 21
3, 79310, 18538932, 19045866
23, 1, 21
2, 165880, 19236712, 19740273
24, 1, 21
1, 56238, 19866693, 20368296
25, 1, 21
4, 76426, 18413012, 18920175
26, 1, 21
3, 73542, 19045866, 19548897
27, 1, 21
2, 201955, 19740273, 20241689
28, 1, 21
1, 54796, 20368296, 20876537
29, 1, 21
4, 79310, 18920175, 19426416
30, 1, 21
3, 76426, 19548897, 20056677
31, 1, 21
2, 209165, 20241689, 20743588
32, 1, 21
1, 56238, 20876537, 21377575
33, 1, 21
4, 63448, 19426416, 19927559
34, 1, 21
3, 62006, 20056677, 20557414
35, 1, 21
2, 151485, 20743588, 21245506
36, 1, 21
1, 51912, 21377575, 21893166
37, 1, 21
4, 49028, 19927559, 20450481
38, 1, 21
3, 47586, 20557414, 21059033
39, 1, 21
2, 164463, 21245506, 21745988
40, 1, 21
1, 41818, 21893166, 22394791
41, 1, 21
4, 77868, 20450481, 20961466
42, 1, 21
3, 74984, 21059033, 21560134
43, 1, 21
2, 206281, 21745988, 22251411
44, 1, 21
1, 57680, 22394791, 22898313
45, 1, 21
4, 74984, 20961466, 21466297
46, 1, 21
2, 173090, 22251411, 22751619
47, 1, 21
1, 56238, 22898313, 23399392
48, 1, 21
4, 59122, 21466297, 21971121
49, 1, 21
2, 102432, 22751619, 23254567
50, 1, 21
1, 43260, 23399392, 23907519
51, 1, 21
4, 59122, 21971121, 22500797
52, 1, 21
2, 96664, 23254567, 23758857
53, 1, 21
1, 43260, 23907519, 24420255
54, 1, 21
4, 57680, 22500797, 23001967
55, 1, 21
2, 106758, 23758857, 24264425
56, 1, 21
1, 47586, 24420255, 24926486
57, 1, 21
4, 73542, 23001967, 23502486
58, 1, 21
2, 126946, 24264425, 24764573
59, 1, 21
1, 56238, 24926486, 25438418
60, 1, 21
4, 73542, 23502486, 24032540
61, 1, 21
2, 132714, 24764573, 25265889
62, 1, 21
1, 59122, 25438418, 25941724
63, 1, 21
4, 79310, 24032540, 24545690
64, 1, 21
2, 132714, 25265889, 25768992
65, 1, 21
1, 59122, 25941724, 26450570
66, 1, 21
4, 77868, 24545690, 25049536
67, 1, 21
2, 135598, 25768992, 26269204
68, 1, 21
1, 59122, 26450570, 26952160
69, 1, 21
4, 73542, 25049536, 25552010
70, 1, 21
2, 131272, 26269204, 26775726
71, 1, 21
1, 57680, 26952160, 27463337
72, 1, 21
4, 72100, 25552010, 26052803
73, 1, 21
2, 131272, 26775726, 27281371
74, 1, 21
1, 57680, 27463337, 27971821
75, 1, 21
4, 76426, 26052803, 26562640
76, 1, 21
2, 131272, 27281371, 27784405
77, 1, 21
1, 57680, 27971821, 28473510
78, 1, 21
4, 74984, 26562640, 27070950
79, 1, 21
2, 132714, 27784405, 28287233
80, 1, 21
1, 59122, 28473510, 28978306
81, 1, 21
3, 62006, 21560134, 27905730
82, 1, 21
4, 70658, 27070950, 27582329
83, 1, 21
2, 171673, 28287233, 28790485
84, 1, 21
1, 59122, 28978306, 29481195
85, 1, 21
3, 62006, 27905730, 28412432
86, 1, 21
4, 64890, 27582329, 28082794
87, 1, 21
2, 183209, 28790485, 29294165
88, 1, 21
1, 50470, 29481195, 29984049
89, 1, 21
3, 70658, 28412432, 28914400
90, 1, 21
4, 70658, 28082794, 28583970
91, 1, 21
2, 197629, 29294165, 29796289
92, 1, 21
1, 56238, 29984049, 30492354
93, 1, 21
3, 73542, 28914400, 29416719
94, 1, 21
4, 73542, 28583970, 29089916
95, 1, 21
2, 204839, 29796289, 30297934
96, 1, 21
1, 59122, 30492354, 30999381
97, 1, 21
3, 72100, 29416719, 29922161
98, 1, 21
2, 174532, 30297934, 30800587
99, 1, 21
1, 59122, 30999381, 31499477
100, 1, 21
3, 74984, 29922161, 30424599
101, 1, 21
2, 134156, 30800587, 31304372
102, 1, 21
1, 60564, 31499477, 32010507
103, 1, 21
3, 74984, 30424599, 30930559
104, 1, 21
2, 132714, 31304372, 31805255
105, 1, 21
1, 59122, 32010507, 32512454
106, 1, 21
3, 74984, 30930559, 31436133
107, 1, 21
2, 134156, 31805255, 32307109
108, 1, 21
1, 59122, 32512454, 33016848
109, 1, 21
3, 73542, 31436133, 31938079
110, 1, 21
2, 128388, 32307109, 32808133
111, 1, 21
1, 59122, 33016848, 33522734
112, 1, 21
3, 64890, 31938079, 32444002
113, 1, 21
2, 109642, 32808133, 33319998
114, 1, 21
1, 50470, 33522734, 34024939
115, 1, 21
2, 25981, 33319998, 33829132
116, 1, 21
1, 18746, 34024939, 34539228
117, 1, 21
2, 31749, 33829132, 34338970
118, 1, 21
1, 34608, 34539228, 35040347
119, 1, 21
2, 36075, 34338970, 34845602
120, 1, 21
1, 34608, 35040347, 35543449
121, 1, 21
2, 40401, 34845602, 35346083
122, 1, 21
3, 36050, 32444002, 34866203
123, 1, 21
1, 44702, 35543449, 36053784
124, 1, 21
2, 199046, 35346083, 35848351
125, 1, 21
1, 57680, 36053784, 36555051
126, 1, 21
3, 164388, 34866203, 35427178
127, 1, 21
2, 152902, 35848351, 36358866
128, 1, 21
1, 46144, 36555051, 37089040
129, 1, 21
3, 96614, 35427178, 35956052
130, 1, 21
2, 165880, 36358866, 36859849
131, 1, 21
1, 44702, 37089040, 37589272
132, 1, 21
3, 170156, 35956052, 36458118
133, 1, 21
2, 226444, 36859849, 37364848
134, 1, 21
1, 59122, 37589272, 38098131
135, 1, 21
3, 158620, 36458118, 36961861
136, 1, 21
2, 204814, 37364848, 37869620
137, 1, 21
1, 56238, 38098131, 38609422
138, 1, 21
3, 149968, 36961861, 37465600
139, 1, 21
2, 203372, 37869620, 38371066
140, 1, 21
1, 56238, 38609422, 39117133
141, 1, 21
2, 96639, 38371066, 38874765
142, 1, 21
1, 53354, 39117133, 39627833
143, 1, 21
2, 47611, 38874765, 39379129
144, 1, 21
1, 44702, 39627833, 40147113
145, 1, 21
2, 49053, 39379129, 39880791
146, 1, 21
1, 56238, 40147113, 40652928
147, 1, 21
2, 59147, 39880791, 40388782
148, 1, 21
1, 57680, 40652928, 41162338
149, 1, 21
3, 142758, 37465600, 40157346
150, 1, 21
2, 98106, 40388782, 40889742
151, 1, 21
1, 44702, 41162338, 41666951
152, 1, 21
3, 129780, 40157346, 40658197
153, 1, 21
2, 173090, 40889742, 41390720
154, 1, 21
1, 50470, 41666951, 42169764
155, 1, 21
3, 158620, 40658197, 41159834
156, 1, 21
2, 222118, 41390720, 41890920
157, 1, 21
1, 59122, 42169764, 42677656
158, 1, 21
3, 165830, 41159834, 41663507
159, 1, 21
2, 204814, 41890920, 42391935
160, 1, 21
1, 53354, 42677656, 43188488
161, 1, 21
3, 136990, 41663507, 42166911
162, 1, 21
2, 207698, 42391935, 42895568
163, 1, 21
1, 59122, 43188488, 43698524
164, 1, 21
3, 164388, 42166911, 42668821
165, 1, 21
2, 220676, 42895568, 43396037
166, 1, 21
1, 56238, 43698524, 44201295
167, 1, 21
3, 155736, 42668821, 43172481
168, 1, 21
2, 162996, 43396037, 43900376
169, 1, 21
1, 49028, 44201295, 44713647
170, 1, 21
2, 47611, 43900376, 44409418
171, 1, 21
1, 47586, 44713647, 45218615
172, 1, 21
2, 41843, 44409418, 44909608
173, 1, 21
1, 40376, 45218615, 45722127
174, 1, 21
2, 38959, 44909608, 45438688
175, 1, 21
1, 37492, 45722127, 46241100
176, 1, 21
2, 41843, 45438688, 45943319
177, 1, 21
1, 49028, 46241100, 46744650
178, 1, 21
2, 56263, 45943319, 46445885
179, 1, 21
1, 57680, 46744650, 47252028
180, 1, 21
2, 59147, 46445885, 46951329
181, 1, 21
1, 59122, 47252028, 47763615
182, 1, 21
2, 59147, 46951329, 47457000
183, 1, 21
1, 60564, 47763615, 48269986
184, 1, 21
2, 57705, 47457000, 47958259
185, 1, 21
1, 54796, 48269986, 48783870
186, 1, 21
2, 49053, 47958259, 48488609
187, 1, 21
1, 38934, 48783870, 49289773
188, 1, 21
2, 41843, 48488609, 49003277
189, 1, 21
1, 47586, 49289773, 49808664
190, 1, 21
2, 43285, 49003277, 49512703
191, 1, 21
1, 36050, 49808664, 50318226
192, 1, 21
2, 37517, 49512703, 50019031
193, 1, 21
1, 46144, 50318226, 50875223
194, 1, 21
2, 41843, 50019031, 50525805
195, 1, 21
1, 46144, 50875223, 51383273
196, 1, 21
2, 53379, 50525805, 51031492
197, 1, 21
1, 59122, 51383273, 51885842
198, 1, 21
2, 59147, 51031492, 51533496
199, 1, 21
1, 60564, 51885842, 52396251
200, 1, 21
2, 59147, 51533496, 52034213
201, 1, 21
1, 59122, 52396251, 52902407
202, 1, 21
2, 59147, 52034213, 52548282
203, 1, 21
1, 59122, 52902407, 53409210
204, 1, 21
2, 57705, 52548282, 53049070
205, 1, 21
1, 57680, 53409210, 53914564
206, 1, 21
3, 7210, 43172481, 52938093
207, 1, 21
2, 73592, 53049070, 53550864
208, 1, 21
1, 57680, 53914564, 54425070
209, 1, 21
3, 162946, 52938093, 53438237
210, 1, 21
2, 216350, 53550864, 54056376
211, 1, 21
1, 59122, 54425070, 54929327
212, 1, 21
3, 174482, 53438237, 53939858
213, 1, 21
2, 240864, 54056376, 54558357
214, 1, 21
1, 60564, 54929327, 55439541
215, 1, 21
3, 183134, 53939858, 54441418
216, 1, 21
2, 239422, 54558357, 55058822
217, 1, 21
1, 59122, 55439541, 55948797
218, 1, 21
3, 165830, 54441418, 54944552
219, 1, 21
2, 223560, 55058822, 55559718
220, 1, 21
1, 51912, 55948797, 56456623
221, 1, 21
3, 136990, 54944552, 55446540
222, 1, 21
2, 188952, 55559718, 56060276
223, 1, 21
1, 59122, 56456623, 56966979
224, 1, 21
3, 173040, 55446540, 55948057
225, 1, 21
2, 232212, 56060276, 56561016
226, 1, 21
1, 60564, 56966979, 57477841
227, 1, 21
3, 171598, 55948057, 56451835
228, 1, 21
2, 230770, 56561016, 57064391
229, 1, 21
1, 59122, 57477841, 57979142
230, 1, 21
3, 165830, 56451835, 56954032
231, 1, 21
2, 226444, 57064391, 57564733
232, 1, 21
1, 59122, 57979142, 58484664
233, 1, 21
3, 161504, 56954032, 57455769
234, 1, 21
2, 220676, 57564733, 58068099
235, 1, 21
1, 60564, 58484664, 58991888
236, 1, 21
3, 175924, 57455769, 57960758
237, 1, 21
2, 235096, 58068099, 58569104
238, 1, 21
1, 57680, 58991888, 59496270
239, 1, 21
2, 95197, 58569104, 59084067
240, 1, 21
1, 56238, 59496270, 60005355
241, 1, 21
2, 56263, 59084067, 59593455
242, 1, 21
1, 54796, 60005355, 60506735
243, 1, 21
2, 56263, 59593455, 60097921
244, 1, 21
1, 56238, 60506735, 61011581
245, 1, 21
2, 56263, 60097921, 60602567
246, 1, 21
1, 57680, 61011581, 61516299
247, 1, 21
2, 57705, 60602567, 61108705
248, 1, 21
1, 57680, 61516299, 62020122
249, 1, 21
2, 59147, 61108705, 61620603
250, 1, 21
1, 59122, 62020122, 62527852
251, 1, 21
2, 57705, 61620603, 62124363
252, 1, 21
1, 54796, 62527852, 63038239
253, 1, 21
2, 53379, 62124363, 62628481
254, 1, 21
1, 53354, 63038239, 63542718
255, 1, 21
2, 53379, 62628481, 63132013
256, 1, 21
1, 53354, 63542718, 64046681
257, 1, 21
2, 53379, 63132013, 63638356
258, 1, 21
1, 53354, 64046681, 64547452
259, 1, 21
2, 54821, 63638356, 64148751
260, 1, 21
1, 54796, 64547452, 65047752
261, 1, 21
2, 54821, 64148751, 64651605
262, 1, 21
1, 57680, 65047752, 65557265
263, 1, 21
2, 57705, 64651605, 65159130
264, 1, 21
1, 56238, 65557265, 66065700
265, 1, 21
2, 56263, 65159130, 65664849
266, 1, 21
1, 54796, 66065700, 66566700
