0, 2, 21
2, 102382, 4595678, 5604775
1, 102382, 5159875, 6169378
1, 2, 21
2, 111034, 5604775, 6605824
1, 111034, 6169378, 7169741
2, 2, 21
2, 112476, 6605824, 7617537
1, 112476, 7169741, 8182278
3, 2, 21
2, 109592, 7617537, 14719110
1, 109592, 8182278, 15283277
4, 2, 21
2, 113918, 14719110, 15728178
1, 113918, 15283277, 16293265
5, 1, 21
2, 135548, 15728178, 16731037
6, 1, 21
1, 112476, 16293265, 17302544
7, 1, 21
3, 142758, 15997261, 17065519
8, 1, 21
2, 239422, 16731037, 17737380
9, 1, 21
3, 147084, 17065519, 18067185
10, 2, 21
2, 278331, 17737380, 18741205
1, 237930, 17302544, 19305664
11, 1, 21
3, 148526, 18067185, 19067300
12, 1, 21
2, 409553, 18741205, 19741282
13, 1, 21
1, 261002, 19305664, 20314143
14, 1, 21
3, 111034, 19067300, 20077829
15, 1, 21
2, 315848, 19741282, 20747259
16, 1, 21
1, 209090, 20314143, 21322023
17, 1, 21
2, 386481, 20747259, 21754703
18, 1, 21
1, 261002, 21322023, 22330928
19, 1, 21
2, 200463, 21754703, 22763180
20, 1, 21
1, 198996, 22330928, 23336664
21, 1, 21
2, 233629, 22763180, 23763229
22, 1, 21
1, 233604, 23336664, 24338140
23, 1, 21
2, 265353, 23763229, 24766734
24, 1, 21
1, 266770, 24338140, 25343995
25, 1, 21
1, 272538, 25343995, 26351294
26, 1, 21
3, 138432, 20077829, 26932957
27, 1, 21
2, 829225, 24766734, 27780391
28, 1, 21
3, 134106, 26932957, 27946635
29, 1, 21
2, 372061, 27780391, 28784398
30, 1, 21
3, 147084, 27946635, 28948985
31, 1, 21
3, 148526, 28948985, 29949733
32, 1, 21
2, 654718, 28784398, 30785716
33, 1, 21
1, 1123318, 26351294, 31411126
34, 1, 21
2, 406669, 30785716, 32823958
35, 1, 21
1, 191786, 31411126, 33428207
36, 1, 21
2, 66357, 32823958, 33826436
37, 1, 21
3, 248024, 29949733, 33872242
38, 1, 21
2, 224977, 33826436, 34826976
39, 1, 21
1, 165830, 33428207, 35428978
40, 1, 21
3, 250908, 33872242, 34872923
41, 1, 21
2, 324500, 34826976, 35830536
42, 1, 21
1, 87962, 35428978, 36433828
43, 1, 21
3, 317240, 34872923, 35873684
44, 1, 21
2, 429766, 35830536, 36831044
45, 1, 21
1, 116802, 36433828, 37456078
46, 1, 21
3, 298494, 35873684, 36875364
47, 1, 21
2, 314406, 36831044, 37842871
48, 1, 21
2, 96614, 37842871, 38849263
49, 1, 21
3, 15862, 36875364, 39140547
50, 1, 21
2, 145667, 38849263, 39850841
51, 1, 21
3, 294168, 39140547, 40142826
52, 1, 21
2, 400901, 39850841, 40852099
53, 1, 21
3, 621502, 40142826, 42145561
54, 1, 21
2, 892623, 40852099, 43871574
55, 1, 21
1, 728210, 37456078, 44504122
56, 1, 21
1, 76426, 44504122, 45507566
57, 1, 21
2, 190394, 43871574, 45876976
58, 1, 21
1, 115360, 45507566, 46514877
59, 1, 21
2, 118269, 45876976, 46881705
60, 1, 21
1, 204764, 46514877, 48520135
61, 1, 21
1, 79310, 48520135, 49525230
62, 1, 21
1, 96614, 49525230, 50548985
63, 1, 21
1, 119686, 50548985, 51557882
64, 1, 21
3, 2884, 42145561, 51899314
65, 1, 21
2, 770153, 46881705, 52940148
66, 1, 21
3, 343196, 51899314, 52902317
67, 1, 21
2, 480211, 52940148, 53942905
68, 1, 21
2, 461440, 53942905, 54943507
69, 1, 21
2, 911344, 54943507, 56944193
70, 1, 21
2, 312914, 56944193, 57944733
71, 1, 21
2, 111034, 57944733, 58947205
72, 1, 21
2, 227836, 58947205, 60948312
73, 1, 21
1, 1160810, 51557882, 61562995
