0, 2, 21
2, 72100, 4654149, 5398616
1, 72104, 5222718, 5970208
1, 2, 21
2, 144200, 5398616, 6690652
1, 144204, 5970208, 7262303
2, 2, 21
2, 144200, 6690652, 7977143
1, 144204, 7262303, 8548913
3, 2, 21
2, 217742, 7977143, 16038070
1, 217746, 8548913, 16609828
4, 2, 21
2, 79310, 16038070, 16695254
1, 72104, 16609828, 17266805
5, 2, 21
2, 80752, 16695254, 17005692
1, 36054, 17266805, 17577070
6, 2, 21
2, 41818, 17005692, 17166154
1, 18750, 17577070, 17737458
7, 2, 21
2, 23072, 17166154, 17253787
1, 10098, 17737458, 17825206
8, 2, 21
2, 335986, 17253787, 18656012
1, 149972, 17825206, 19227551
9, 2, 21
2, 271096, 18656012, 19321207
1, 171602, 19227551, 19892499
10, 2, 21
2, 134106, 19321207, 19642041
1, 86524, 19892499, 20213824
11, 2, 21
2, 70658, 19642041, 19810283
1, 44706, 20213824, 20382092
12, 2, 21
2, 497490, 19810283, 21257729
1, 321570, 20382092, 21829628
13, 2, 21
2, 220626, 21257729, 21900156
1, 157182, 21829628, 22471928
14, 2, 21
2, 96614, 21900156, 22341008
1, 96618, 22471928, 22912756
15, 2, 21
2, 41818, 22341008, 22513549
1, 41822, 22912756, 23085188
16, 2, 21
2, 12978, 22513549, 22610003
1, 12982, 23085188, 23180811
17, 2, 21
2, 340312, 22610003, 24093079
1, 340316, 23180811, 24664528
18, 2, 21
2, 330218, 24093079, 25315116
1, 330222, 24664528, 25885244
19, 2, 21
2, 164388, 25315116, 25934154
1, 164392, 25885244, 26503212
20, 2, 21
2, 327334, 25934154, 27176684
1, 327338, 26503212, 27746405
21, 2, 21
2, 438368, 27176684, 28479311
1, 321570, 27746405, 29050752
22, 2, 21
2, 256676, 28479311, 29118266
1, 164392, 29050752, 29689631
23, 2, 21
2, 126896, 29118266, 29428403
1, 79314, 29689631, 29999859
24, 2, 21
2, 353290, 29428403, 30646241
1, 175928, 29999859, 31217900
25, 2, 21
2, 162946, 30646241, 31258138
1, 72104, 31217900, 31829810
26, 2, 21
2, 80752, 31258138, 31563869
1, 36054, 31829810, 32135498
27, 2, 21
2, 252350, 31563869, 33423746
1, 144204, 32135498, 33995193
28, 2, 21
2, 72100, 33423746, 34372561
1, 72104, 33995193, 34944058
29, 2, 21
2, 80752, 34372561, 34679128
1, 36054, 34944058, 35250660
30, 2, 21
2, 76426, 34679128, 34850245
1, 18750, 35250660, 35420657
31, 2, 21
2, 40376, 34850245, 34935593
1, 10098, 35420657, 35506502
32, 2, 21
2, 24514, 34935593, 34983460
1, 5772, 35506502, 35554312
33, 2, 21
2, 536424, 34983460, 36467470
1, 144204, 35554312, 37038865
34, 2, 21
2, 269654, 36467470, 37118918
1, 72104, 37038865, 37690397
35, 2, 21
2, 132664, 37118918, 37445970
1, 36054, 37690397, 38017417
36, 2, 21
2, 186018, 37445970, 38895827
1, 144204, 38017417, 39467054
37, 2, 21
2, 72100, 38895827, 39516975
1, 72104, 39467054, 40088295
38, 2, 21
2, 490280, 39516975, 40960249
1, 144204, 40088295, 41531684
39, 2, 21
2, 265328, 40960249, 41628480
1, 72104, 41531684, 42200049
40, 2, 21
2, 135548, 41628480, 41942233
1, 36054, 42200049, 42513675
41, 2, 21
2, 73542, 41942233, 42109887
1, 18750, 42513675, 42680479
42, 2, 21
2, 369152, 42109887, 43542100
1, 144204, 42680479, 44112841
43, 2, 21
2, 72100, 43542100, 44500208
1, 72104, 44112841, 45070264
44, 2, 21
2, 36050, 44500208, 44951716
1, 36054, 45070264, 45522429
45, 2, 21
2, 144200, 44951716, 46219455
1, 144204, 45522429, 46790486
46, 2, 21
2, 72100, 46219455, 46822188
1, 72104, 46790486, 47393673
47, 2, 21
2, 144200, 46822188, 48411810
1, 144204, 47393673, 48982300
48, 2, 21
2, 144200, 48411810, 50075200
1, 144204, 48982300, 50646252
49, 2, 21
2, 144200, 50075200, 51296954
1, 144204, 50646252, 51865609
50, 2, 21
2, 72100, 51296954, 51904226
1, 72104, 51865609, 52475534
51, 2, 21
2, 330218, 51904226, 53140790
1, 144204, 52475534, 53712397
52, 2, 21
2, 292726, 53140790, 53746546
1, 72104, 53712397, 54317244
53, 2, 21
2, 149968, 53746546, 54052232
1, 36054, 54317244, 54623702
54, 2, 21
2, 568148, 54052232, 55285230
1, 144204, 54623702, 55856624
55, 2, 21
2, 555170, 55285230, 56496475
1, 144204, 55856624, 57068041
56, 2, 21
2, 513352, 56496475, 57721784
1, 144204, 57068041, 58293455
57, 2, 21
2, 144200, 57721784, 59028880
1, 144204, 58293455, 59600718
58, 2, 21
2, 72100, 59028880, 59672366
1, 72104, 59600718, 60244193
59, 2, 21
2, 144200, 59672366, 60924182
1, 144204, 60244193, 61496017
60, 2, 21
2, 144200, 60924182, 62286727
1, 144204, 61496017, 62857775
61, 2, 21
2, 144200, 62286727, 63616263
1, 144204, 62857775, 64187446
