0, 2, 21
2, 102382, 4680625, 5687223
1, 102382, 5251776, 6260841
1, 2, 21
2, 111034, 5687223, 6687682
1, 111034, 6260841, 7261309
2, 2, 21
2, 112476, 6687682, 7700688
1, 112476, 7261309, 8273752
3, 2, 21
2, 109592, 7700688, 14801040
1, 109592, 8273752, 15374658
4, 2, 21
2, 113918, 14801040, 15810236
1, 113918, 15374658, 16383880
5, 1, 21
2, 142758, 15810236, 16818441
6, 1, 21
1, 112476, 16383880, 17393788
7, 1, 21
3, 142758, 16028438, 17096791
8, 1, 21
2, 237980, 16818441, 17820277
9, 1, 21
1, 112476, 17393788, 18451524
10, 1, 21
3, 148526, 17096791, 18105172
11, 1, 21
2, 285566, 17820277, 18823247
12, 1, 21
1, 147084, 18451524, 19457509
13, 1, 21
3, 148526, 18105172, 19105371
14, 1, 21
2, 408136, 18823247, 19824717
15, 1, 21
1, 258118, 19457509, 20459125
16, 1, 21
3, 109592, 19105371, 20109761
17, 1, 21
2, 312964, 19824717, 20826313
18, 1, 21
1, 207648, 20459125, 21463395
19, 1, 21
2, 377829, 20826313, 21826874
20, 1, 21
1, 249466, 21463395, 22474229
21, 1, 21
2, 207673, 21826874, 22828244
22, 1, 21
1, 209090, 22474229, 23474860
23, 1, 21
2, 224977, 22828244, 23828650
24, 1, 21
1, 235046, 23474860, 24477221
25, 1, 21
2, 266795, 23828650, 24831631
26, 1, 21
1, 266770, 24477221, 25479463
27, 1, 21
2, 271121, 24831631, 25836887
28, 1, 21
1, 269654, 25479463, 26482386
29, 1, 21
2, 263911, 25836887, 26842367
30, 1, 21
1, 262444, 26482386, 27482553
31, 1, 21
3, 138432, 20109761, 26965106
32, 1, 21
2, 297102, 26842367, 27845248
33, 1, 21
1, 253792, 27482553, 28492749
34, 1, 21
3, 134106, 26965106, 27974626
35, 1, 21
2, 385064, 27845248, 28848075
36, 1, 21
1, 250908, 28492749, 29494272
37, 1, 21
3, 148526, 27974626, 28982161
38, 1, 21
2, 376412, 28848075, 29851323
39, 1, 21
1, 220626, 29494272, 30497860
40, 1, 21
3, 149968, 28982161, 29990122
41, 1, 21
2, 265378, 29851323, 30852484
42, 1, 21
1, 119686, 30497860, 31511390
43, 1, 21
3, 142758, 29990122, 30993459
44, 1, 21
2, 261052, 30852484, 31858887
45, 1, 21
1, 119686, 31511390, 32522738
46, 1, 21
2, 145667, 31858887, 32927372
47, 1, 21
1, 73542, 32522738, 33540199
48, 1, 21
2, 66357, 32927372, 33929931
49, 1, 21
1, 67774, 33540199, 34541771
50, 1, 21
3, 102382, 30993459, 33928481
51, 1, 21
2, 239422, 33929931, 34930439
52, 1, 21
1, 99498, 34541771, 35553765
53, 1, 21
3, 250908, 33928481, 34929534
54, 1, 21
2, 323058, 34930439, 35932718
55, 1, 21
1, 87962, 35553765, 36558523
56, 1, 21
3, 325892, 34929534, 35931152
57, 1, 21
2, 442744, 35932718, 36934342
58, 1, 21
1, 115360, 36558523, 37568244
59, 1, 21
3, 302820, 35931152, 36932991
60, 1, 21
2, 288450, 36934342, 37946360
61, 1, 21
1, 109592, 37568244, 38571317
62, 1, 21
2, 96639, 37946360, 38953084
63, 1, 21
1, 96614, 38571317, 39577383
64, 1, 21
3, 2884, 36932991, 39158415
65, 1, 21
2, 171648, 38953084, 39955175
66, 1, 21
1, 102382, 39577383, 40582163
67, 1, 21
3, 294168, 39158415, 40161373
68, 1, 21
2, 402368, 39955175, 40957548
69, 1, 21
1, 108150, 40582163, 41590361
70, 1, 21
3, 302820, 40161373, 41164605
71, 1, 21
2, 409578, 40957548, 41958124
72, 1, 21
1, 111034, 41590361, 42596437
73, 1, 21
3, 318682, 41164605, 42164801
74, 1, 21
2, 366318, 41958124, 42963604
75, 1, 21
1, 111034, 42596437, 43608090
76, 1, 21
2, 89429, 42963604, 43974824
77, 1, 21
1, 89404, 43608090, 44616353
78, 1, 21
2, 77893, 43974824, 44984845
79, 1, 21
1, 77868, 44616353, 45623463
80, 1, 21
2, 115385, 44984845, 45994886
81, 1, 21
1, 115360, 45623463, 46629908
82, 1, 21
2, 118269, 45994886, 47000177
83, 1, 21
1, 116802, 46629908, 47640929
84, 1, 21
2, 87987, 47000177, 48010811
85, 1, 21
1, 89404, 47640929, 48657078
86, 1, 21
2, 79335, 48010811, 49010827
87, 1, 21
1, 80752, 48657078, 49667028
88, 1, 21
2, 93755, 49010827, 50015243
89, 1, 21
1, 95172, 49667028, 50676092
90, 1, 21
2, 119711, 50015243, 51025879
91, 1, 21
1, 119686, 50676092, 51685435
92, 1, 21
2, 118269, 51025879, 52032341
93, 1, 21
1, 118244, 51685435, 52692219
94, 1, 21
3, 2884, 42164801, 51918694
95, 1, 21
2, 289892, 52032341, 53034132
96, 1, 21
1, 118244, 52692219, 53704242
97, 1, 21
3, 343196, 51918694, 52921586
98, 1, 21
2, 483120, 53034132, 54037336
99, 1, 21
1, 119686, 53704242, 54713345
100, 1, 21
3, 356174, 52921586, 53923434
101, 1, 21
2, 461490, 54037336, 55039558
102, 1, 21
1, 116802, 54713345, 55718889
103, 1, 21
3, 347522, 53923434, 54925065
104, 1, 21
2, 465816, 55039558, 56043175
105, 1, 21
1, 119686, 55718889, 56721953
106, 1, 21
3, 337428, 54925065, 55926241
107, 1, 21
2, 448512, 56043175, 57043327
108, 1, 21
1, 119686, 56721953, 57733791
109, 1, 21
3, 341754, 55926241, 56929390
110, 1, 21
2, 287008, 57043327, 58051285
111, 1, 21
1, 115360, 57733791, 58743354
112, 1, 21
2, 111059, 58051285, 59054293
113, 1, 21
1, 111034, 58743354, 59748252
114, 1, 21
2, 113943, 59054293, 60064626
115, 1, 21
1, 115360, 59748252, 60760718
116, 1, 21
2, 115385, 60064626, 61072282
117, 1, 21
1, 113918, 60760718, 61761393
118, 1, 21
2, 106733, 61072282, 62079565
119, 1, 21
1, 105266, 61761393, 62767627
120, 1, 21
2, 106733, 62079565, 63083998
121, 1, 21
1, 108150, 62767627, 63773279
122, 1, 21
2, 112501, 63083998, 64094767
123, 1, 21
1, 111034, 63773279, 64773834
