0, 2, 21
2, 752, 1721773, 4910895, 8913417
1, 752, 1721748, 5442930, 9444625
1, 2, 21
2, 752, 1808293, 14930365, 18960243
1, 752, 4504808, 9444625, 19446431
2, 2, 21
2, 752, 4452921, 18960243, 28917530
1, 752, 4452896, 19446431, 29448615
3, 2, 21
2, 752, 416763, 37984030, 38921635
1, 752, 4377912, 29448615, 39451435
4, 2, 21
2, 752, 4351, 48921826, 48929162
1, 752, 4514902, 39451435, 49452818
5, 2, 21
2, 752, 4649033, 48929162, 58923279
1, 752, 4649008, 49452818, 59455450
6, 2, 21
2, 752, 1881835, 58923279, 63038396
1, 752, 1881810, 59455450, 63568594
