0, 2, 21
2, 752, 1442025, 4509699, 7802406
1, 752, 1442004, 5046663, 8339050
1, 2, 21
2, 752, 1442025, 7802406, 11272649
1, 752, 1442004, 8339050, 11808905
2, 2, 21
2, 752, 1442025, 11272649, 14596854
1, 752, 1442004, 11808905, 15132355
3, 2, 21
2, 752, 1442025, 14596854, 17930966
1, 752, 1442004, 15132355, 18467654
4, 2, 21
2, 752, 1442025, 17930966, 21168047
1, 752, 1442004, 18467654, 21704945
5, 2, 21
2, 752, 1442025, 21168047, 24482457
1, 752, 1442004, 21704945, 25019139
6, 2, 21
2, 752, 1442025, 24482457, 27892068
1, 752, 1442004, 25019139, 28428738
7, 2, 21
2, 752, 1442025, 27892068, 31387697
1, 752, 1442004, 28428738, 31924435
8, 2, 21
2, 752, 1442025, 31387697, 34909602
1, 752, 1442004, 31924435, 35446343
9, 2, 21
2, 752, 1444909, 34909602, 38252453
1, 752, 1442004, 35446343, 38777516
10, 2, 21
2, 752, 1436257, 38252453, 41614582
1, 752, 1440562, 38777516, 42149586
11, 2, 21
2, 752, 1440583, 41614582, 44949270
1, 752, 1442004, 42149586, 45485891
12, 2, 21
2, 752, 1442025, 44949270, 48384552
1, 752, 1442004, 45485891, 48921430
13, 2, 21
2, 752, 1442025, 48384552, 51708134
1, 752, 1442004, 48921430, 52244406
14, 2, 21
2, 752, 1442025, 51708134, 55174931
1, 752, 1442004, 52244406, 55711241
15, 2, 21
2, 752, 1442025, 55174931, 58606429
1, 752, 1442004, 55711241, 59142382
16, 2, 21
2, 752, 1442025, 58606429, 61949700
1, 752, 1442004, 59142382, 62486011
