0, 2, 21
2, 752, 1920769, 4504208, 8501394
1, 752, 1920744, 5054161, 9056521
1, 2, 21
2, 752, 2054875, 8501394, 12502805
1, 752, 2054850, 9056521, 13057601
2, 2, 21
2, 752, 1962587, 12502805, 16505052
1, 752, 1962562, 13057601, 17060264
3, 2, 21
2, 752, 1943841, 16505052, 20507740
1, 752, 1943816, 17060264, 21062242
4, 2, 21
2, 752, 1988543, 20507740, 24507316
1, 752, 1988518, 21062242, 25062559
5, 2, 21
2, 752, 2023151, 24507316, 28510274
1, 752, 2023126, 25062559, 29064371
6, 2, 21
2, 752, 1831365, 28510274, 32510422
1, 752, 1831340, 29064371, 33065304
7, 2, 21
2, 752, 1793873, 32510422, 36512686
1, 752, 1793848, 33065304, 37067760
8, 2, 21
2, 752, 2909, 40513494, 40519437
1, 752, 1728958, 37067760, 41068935
9, 2, 21
2, 752, 1798199, 40519437, 44515291
1, 752, 1799616, 41068935, 45070322
10, 2, 21
2, 752, 1760707, 44515291, 48518867
1, 752, 1760682, 45070322, 49073053
11, 2, 21
2, 752, 1783779, 48518867, 52519540
1, 752, 1783754, 49073053, 53073323
12, 2, 21
2, 752, 1788105, 52519540, 56519209
1, 752, 1788080, 53073323, 57073921
13, 2, 21
2, 752, 1793873, 56519209, 60519481
1, 752, 1793848, 57073921, 61074188
