0, 2, 21
2, 72100, 5574573, 6330417
1, 72104, 6142766, 6898364
1, 2, 21
2, 144200, 6330417, 7623914
1, 144204, 6898364, 8191221
2, 2, 21
2, 144200, 7623914, 8910529
1, 144204, 8191221, 9478565
3, 2, 21
2, 217742, 8910529, 16986966
1, 217746, 9478565, 17554140
4, 2, 21
2, 85078, 16986966, 17645376
1, 72104, 17554140, 18213250
5, 2, 21
2, 80752, 17645376, 17956545
1, 36054, 18213250, 18523949
6, 2, 21
2, 43260, 17956545, 18117422
1, 18750, 18523949, 18684593
7, 2, 21
2, 21630, 18117422, 18205959
1, 10098, 18684593, 18772692
8, 2, 21
2, 337428, 18205959, 19611773
1, 144204, 18772692, 20179489
9, 2, 21
2, 263886, 19611773, 20281610
1, 72104, 20179489, 20848838
10, 2, 21
2, 132664, 20281610, 20605160
1, 36054, 20848838, 21172120
11, 2, 21
2, 67774, 20605160, 20773602
1, 18750, 21172120, 21341225
12, 2, 21
2, 493164, 20773602, 22242512
1, 144204, 21341225, 22809402
13, 2, 21
2, 229278, 22242512, 22890886
1, 72104, 22809402, 23456396
14, 2, 21
2, 95172, 22890886, 23332130
1, 36054, 23456396, 23899124
15, 2, 21
2, 43260, 23332130, 23505264
1, 18750, 23899124, 24072253
16, 2, 21
2, 12978, 23505264, 23601182
1, 10098, 24072253, 24168311
17, 2, 21
2, 330218, 23601182, 25098042
1, 144204, 24168311, 25664748
18, 2, 21
2, 325892, 25098042, 26319804
1, 144204, 25664748, 26886279
19, 2, 21
2, 160062, 26319804, 26936681
1, 72104, 26886279, 27504409
20, 2, 21
2, 324450, 26936681, 28181540
1, 144204, 27504409, 28747934
21, 2, 21
2, 419622, 28181540, 29486147
1, 144204, 28747934, 30053080
22, 2, 21
2, 248024, 29486147, 30125486
1, 72104, 30053080, 30692205
23, 2, 21
2, 121128, 30125486, 30433268
1, 36054, 30692205, 31000428
24, 2, 21
2, 377804, 30433268, 31650473
1, 144204, 31000428, 32218051
25, 2, 21
2, 160062, 31650473, 32263298
1, 72104, 32218051, 32830428
26, 2, 21
2, 79310, 32263298, 32569456
1, 36054, 32830428, 33136354
27, 2, 21
2, 282632, 32569456, 34429286
1, 144204, 33136354, 34996521
28, 2, 21
2, 72100, 34429286, 35377388
1, 72104, 34996521, 35945226
29, 2, 21
2, 36050, 35377388, 35684806
1, 36054, 35945226, 36252029
30, 2, 21
2, 47586, 35684806, 35854191
1, 18750, 36252029, 36422070
31, 2, 21
2, 40376, 35854191, 35939675
1, 10098, 36422070, 36507466
32, 2, 21
2, 21630, 35939675, 35987978
1, 5772, 36507466, 36555745
33, 2, 21
2, 550844, 35987978, 37473235
1, 144204, 36555745, 38040864
34, 2, 21
2, 276864, 37473235, 38126142
1, 72104, 38040864, 38692927
35, 2, 21
2, 128338, 38126142, 38452735
1, 36054, 38692927, 39020155
36, 2, 21
2, 246582, 38452735, 39905358
1, 144204, 39020155, 40472682
37, 2, 21
2, 72100, 39905358, 40527639
1, 72104, 40472682, 41094826
38, 2, 21
2, 425390, 40527639, 41977255
1, 144204, 41094826, 42543829
39, 2, 21
2, 269654, 41977255, 42687128
1, 72104, 42543829, 43253516
40, 2, 21
2, 131222, 42687128, 43010759
1, 36054, 43253516, 43578349
41, 2, 21
2, 63448, 43010759, 43175216
1, 18750, 43578349, 43742678
42, 2, 21
2, 444136, 43175216, 44603954
1, 144204, 43742678, 45170884
43, 2, 21
2, 72100, 44603954, 45555135
1, 72104, 45170884, 46122308
44, 2, 21
2, 36050, 45555135, 46008186
1, 36054, 46122308, 46575869
45, 2, 21
2, 144200, 46008186, 47288177
1, 144204, 46575869, 47855122
46, 2, 21
2, 72100, 47288177, 47911763
1, 72104, 47855122, 48478496
47, 2, 21
2, 144200, 47911763, 49559837
1, 144204, 48478496, 50127596
48, 2, 21
2, 144200, 49559837, 51230711
1, 144204, 50127596, 51798544
49, 2, 21
2, 144200, 51230711, 52467347
1, 144204, 51798544, 53035178
50, 2, 21
2, 72100, 52467347, 53082297
1, 72104, 53035178, 53650168
51, 2, 21
2, 279748, 53082297, 54321745
1, 144204, 53650168, 54888672
52, 2, 21
2, 282632, 54321745, 54927732
1, 72104, 54888672, 55495402
53, 2, 21
2, 149968, 54927732, 55246370
1, 36054, 55495402, 55812937
54, 2, 21
2, 579684, 55246370, 56499647
1, 144204, 55812937, 57066488
55, 2, 21
2, 558054, 56499647, 57712947
1, 144204, 57066488, 58280143
56, 2, 21
2, 560938, 57712947, 58938635
1, 144204, 58280143, 59506189
57, 2, 21
2, 144200, 58938635, 60246293
1, 144204, 59506189, 60814256
58, 2, 21
2, 72100, 60246293, 60898430
1, 72104, 60814256, 61466308
59, 2, 21
2, 144200, 60898430, 62154063
1, 144204, 61466308, 62721809
60, 2, 21
2, 144200, 62154063, 63518534
1, 144204, 62721809, 64085358
61, 2, 21
2, 144200, 63518534, 64848631
1, 144204, 64085358, 65416426
