0, 2, 21
2, 54796, 5614462, 6174734
1, 54796, 6194586, 6754290
1, 2, 21
2, 53354, 6174734, 6677290
1, 53354, 6754290, 7256814
2, 2, 21
2, 57680, 6677290, 7186872
1, 57680, 7256814, 7766256
3, 2, 21
2, 54796, 7186872, 7690855
1, 54796, 7766256, 8270545
4, 2, 21
2, 56238, 7690855, 8201655
1, 56238, 8270545, 8781146
5, 2, 21
2, 57680, 8201655, 8713005
1, 57680, 8781146, 9292808
6, 2, 21
2, 56238, 8713005, 9217923
1, 56238, 9292808, 9797584
7, 2, 21
2, 44702, 9217923, 15742022
1, 44702, 9797584, 16321342
8, 2, 21
2, 54796, 15742022, 16248616
1, 54796, 16321342, 16828279
9, 2, 21
2, 59122, 16248616, 16751733
1, 59122, 16828279, 17331322
10, 2, 21
2, 57680, 16751733, 17264589
1, 57680, 17331322, 17844111
11, 1, 21
2, 80752, 17264589, 17769654
12, 1, 21
1, 56238, 17844111, 18353623
13, 1, 21
3, 76426, 16996603, 17497885
14, 1, 21
2, 134156, 17769654, 18274453
15, 1, 21
1, 59122, 18353623, 18859835
16, 1, 21
3, 64890, 17497885, 17999722
17, 1, 21
2, 103874, 18274453, 18775122
18, 1, 21
1, 51912, 18859835, 19399013
19, 1, 21
3, 60564, 17999722, 18508730
20, 1, 21
2, 122620, 18775122, 19282579
21, 1, 21
1, 51912, 19399013, 19908126
22, 1, 21
3, 79310, 18508730, 19014884
23, 1, 21
2, 160112, 19282579, 19786245
24, 1, 21
1, 56238, 19908126, 20409803
25, 1, 21
4, 74984, 18421777, 18924657
26, 1, 21
3, 73542, 19014884, 19517855
27, 1, 21
2, 201955, 19786245, 20288600
28, 1, 21
1, 54796, 20409803, 20918927
29, 1, 21
4, 77868, 18924657, 19427834
30, 1, 21
3, 76426, 19517855, 20022581
31, 1, 21
2, 206281, 20288600, 20790136
32, 1, 21
1, 56238, 20918927, 21420394
33, 1, 21
4, 60564, 19427834, 19934859
34, 1, 21
3, 66332, 20022581, 20535227
35, 1, 21
2, 158695, 20790136, 21294225
36, 1, 21
1, 51912, 21420394, 21936116
37, 1, 21
4, 49028, 19934859, 20441659
38, 1, 21
3, 51912, 20535227, 21082005
39, 1, 21
2, 150043, 21294225, 21796473
40, 1, 21
1, 41818, 21936116, 22437198
41, 1, 21
4, 67774, 20441659, 20946569
42, 1, 21
3, 76426, 21082005, 21592877
43, 1, 21
2, 203397, 21796473, 22300399
44, 1, 21
1, 59122, 22437198, 22948851
45, 1, 21
4, 69216, 20946569, 21453625
46, 1, 21
2, 174532, 22300399, 22807520
47, 1, 21
1, 56238, 22948851, 23450232
48, 1, 21
4, 60564, 21453625, 21960489
49, 1, 21
2, 102432, 22807520, 23312098
50, 1, 21
1, 43260, 23450232, 23956286
51, 1, 21
4, 70658, 21960489, 22499805
52, 1, 21
2, 102432, 23312098, 23814922
53, 1, 21
1, 43260, 23956286, 24475671
54, 1, 21
4, 47586, 22499805, 23012912
55, 1, 21
2, 99548, 23814922, 24320264
56, 1, 21
1, 49028, 24475671, 24985705
57, 1, 21
4, 73542, 23012912, 23519398
58, 1, 21
2, 129830, 24320264, 24823461
59, 1, 21
1, 56238, 24985705, 25497529
60, 1, 21
4, 74984, 23519398, 24020146
61, 1, 21
2, 132714, 24823461, 25326593
62, 1, 21
1, 59122, 25497529, 25998189
63, 1, 21
4, 73542, 24020146, 24528491
64, 1, 21
2, 132714, 25326593, 25827093
65, 1, 21
1, 59122, 25998189, 26503923
66, 1, 21
4, 79310, 24528491, 25034282
67, 1, 21
2, 139924, 25827093, 26335677
68, 1, 21
1, 59122, 26503923, 27004174
69, 1, 21
4, 76426, 25034282, 25544634
70, 1, 21
2, 132714, 26335677, 26835893
71, 1, 21
1, 59122, 27004174, 27515808
72, 1, 21
4, 73542, 25544634, 26053136
73, 1, 21
2, 128388, 26835893, 27340769
74, 1, 21
1, 56238, 27515808, 28018307
75, 1, 21
4, 74984, 26053136, 26553267
76, 1, 21
2, 135598, 27340769, 27847298
77, 1, 21
1, 59122, 28018307, 28527637
78, 1, 21
4, 74984, 26553267, 27054881
79, 1, 21
2, 132714, 27847298, 28347508
80, 1, 21
1, 59122, 28527637, 29035591
81, 1, 21
3, 62006, 21592877, 27938152
82, 1, 21
4, 70658, 27054881, 27560427
83, 1, 21
2, 170231, 28347508, 28849207
84, 1, 21
1, 57680, 29035591, 29539060
85, 1, 21
3, 60564, 27938152, 28441957
86, 1, 21
4, 63448, 27560427, 28067217
87, 1, 21
2, 178883, 28849207, 29350558
88, 1, 21
1, 50470, 29539060, 30042836
89, 1, 21
3, 72100, 28441957, 28956514
90, 1, 21
4, 72100, 28067217, 28569388
91, 1, 21
2, 194745, 29350558, 29852800
92, 1, 21
1, 56238, 30042836, 30555027
93, 1, 21
3, 73542, 28956514, 29465182
94, 1, 21
4, 74984, 28569388, 29077662
95, 1, 21
2, 200513, 29852800, 30353513
96, 1, 21
1, 57680, 30555027, 31058808
97, 1, 21
3, 70658, 29465182, 29971993
98, 1, 21
4, 72100, 29077662, 29582676
99, 1, 21
2, 193303, 30353513, 30856162
100, 1, 21
1, 59122, 31058808, 31560736
101, 1, 21
3, 76426, 29971993, 30484089
102, 1, 21
2, 134156, 30856162, 31358382
103, 1, 21
1, 59122, 31560736, 32065101
104, 1, 21
3, 74984, 30484089, 30989807
105, 1, 21
2, 132714, 31358382, 31862818
106, 1, 21
1, 59122, 32065101, 32569773
107, 1, 21
3, 74984, 30989807, 31495207
108, 1, 21
2, 137040, 31862818, 32369817
109, 1, 21
1, 59122, 32569773, 33074431
110, 1, 21
3, 73542, 31495207, 31996566
111, 1, 21
2, 129830, 32369817, 32871234
112, 1, 21
1, 59122, 33074431, 33578753
113, 1, 21
3, 64890, 31996566, 32501264
114, 1, 21
2, 112526, 32871234, 33380265
115, 1, 21
1, 50470, 33578753, 34079686
116, 1, 21
2, 25981, 33380265, 33889932
117, 1, 21
1, 18746, 34079686, 34597605
118, 1, 21
2, 31749, 33889932, 34404922
119, 1, 21
1, 34608, 34597605, 35101523
120, 1, 21
2, 36075, 34404922, 34914184
121, 1, 21
1, 34608, 35101523, 35607004
122, 1, 21
2, 40401, 34914184, 35414850
123, 1, 21
3, 36050, 32501264, 34923275
124, 1, 21
1, 44702, 35607004, 36117874
125, 1, 21
2, 188952, 35414850, 35916773
126, 1, 21
1, 57680, 36117874, 36618003
127, 1, 21
3, 164388, 34923275, 35480633
128, 1, 21
2, 161554, 35916773, 36420588
129, 1, 21
1, 46144, 36618003, 37150603
130, 1, 21
3, 96614, 35480633, 35990773
131, 1, 21
2, 162996, 36420588, 36921945
132, 1, 21
1, 46144, 37150603, 37660106
133, 1, 21
3, 171598, 35990773, 36493870
134, 1, 21
2, 233654, 36921945, 37429236
135, 1, 21
1, 57680, 37660106, 38160731
136, 1, 21
3, 165830, 36493870, 36994035
137, 1, 21
2, 213466, 37429236, 37931304
138, 1, 21
1, 54796, 38160731, 38660829
139, 1, 21
3, 147084, 36994035, 37500565
140, 1, 21
2, 201930, 37931304, 38435725
141, 1, 21
1, 56238, 38660829, 39171907
142, 1, 21
2, 90871, 38435725, 38945364
143, 1, 21
1, 53354, 39171907, 39682060
144, 1, 21
2, 47611, 38945364, 39456409
145, 1, 21
1, 44702, 39682060, 40191836
146, 1, 21
2, 49053, 39456409, 39958127
147, 1, 21
1, 54796, 40191836, 40700438
148, 1, 21
2, 59147, 39958127, 40466030
149, 1, 21
1, 59122, 40700438, 41222341
150, 1, 21
3, 136990, 37500565, 40153749
151, 1, 21
2, 113968, 40466030, 40968171
152, 1, 21
1, 44702, 41222341, 41726047
153, 1, 21
3, 134106, 40153749, 40655733
154, 1, 21
2, 178858, 40968171, 41470131
155, 1, 21
1, 50470, 41726047, 42232202
156, 1, 21
3, 160062, 40655733, 41156192
157, 1, 21
2, 222118, 41470131, 41970474
158, 1, 21
1, 59122, 42232202, 42739796
159, 1, 21
3, 165830, 41156192, 41657436
160, 1, 21
2, 199046, 41970474, 42472870
161, 1, 21
1, 53354, 42739796, 43249956
162, 1, 21
3, 136990, 41657436, 42160021
163, 1, 21
2, 213466, 42472870, 42974544
164, 1, 21
1, 59122, 43249956, 43760476
165, 1, 21
3, 164388, 42160021, 42660596
166, 1, 21
2, 217792, 42974544, 43477147
167, 1, 21
1, 56238, 43760476, 44263102
168, 1, 21
3, 155736, 42660596, 43164221
169, 1, 21
2, 145692, 43477147, 43980593
170, 1, 21
1, 49028, 44263102, 44776849
171, 1, 21
2, 47611, 43980593, 44490264
172, 1, 21
1, 49028, 44776849, 45294422
173, 1, 21
2, 41843, 44490264, 44992283
174, 1, 21
1, 40376, 45294422, 45797940
175, 1, 21
2, 38959, 44992283, 45518928
176, 1, 21
1, 37492, 45797940, 46317254
177, 1, 21
2, 41843, 45518928, 46023969
178, 1, 21
1, 49028, 46317254, 46820703
179, 1, 21
2, 56263, 46023969, 46527048
180, 1, 21
1, 57680, 46820703, 47328003
181, 1, 21
2, 59147, 46527048, 47032274
182, 1, 21
1, 59122, 47328003, 47839684
183, 1, 21
2, 59147, 47032274, 47537712
184, 1, 21
1, 60564, 47839684, 48346175
185, 1, 21
2, 57705, 47537712, 48039542
186, 1, 21
1, 54796, 48346175, 48860539
187, 1, 21
2, 49053, 48039542, 48568435
188, 1, 21
1, 38934, 48860539, 49365784
189, 1, 21
2, 41843, 48568435, 49072736
190, 1, 21
1, 47586, 49365784, 49870900
191, 1, 21
2, 43285, 49072736, 49578333
192, 1, 21
1, 36050, 49870900, 50379286
193, 1, 21
2, 37517, 49578333, 50082807
194, 1, 21
1, 46144, 50379286, 50934259
195, 1, 21
2, 41843, 50082807, 50587887
196, 1, 21
1, 46144, 50934259, 51440847
197, 1, 21
2, 53379, 50587887, 51092691
198, 1, 21
1, 59122, 51440847, 51941196
199, 1, 21
2, 60589, 51092691, 51603282
200, 1, 21
1, 60564, 51941196, 52448930
201, 1, 21
2, 60589, 51603282, 52114914
202, 1, 21
1, 59122, 52448930, 52953518
203, 1, 21
2, 59147, 52114914, 52618038
204, 1, 21
1, 60564, 52953518, 53464844
205, 1, 21
2, 59147, 52618038, 53124594
206, 1, 21
1, 59122, 53464844, 53975271
207, 1, 21
3, 1442, 43164221, 52914223
208, 1, 21
2, 93780, 53124594, 53626197
209, 1, 21
1, 59122, 53975271, 54480208
210, 1, 21
3, 165830, 52914223, 53415927
211, 1, 21
2, 220676, 53626197, 54128781
212, 1, 21
1, 59122, 54480208, 54984143
213, 1, 21
3, 177366, 53415927, 53919906
214, 1, 21
2, 243748, 54128781, 54632750
215, 1, 21
1, 60564, 54984143, 55494568
216, 1, 21
3, 184576, 53919906, 54420310
217, 1, 21
2, 239422, 54632750, 55132864
218, 1, 21
1, 60564, 55494568, 56006035
219, 1, 21
3, 171598, 54420310, 54922404
220, 1, 21
2, 233654, 55132864, 55636712
221, 1, 21
1, 57680, 56006035, 56507046
222, 1, 21
3, 173040, 54922404, 55422506
223, 1, 21
2, 232212, 55636712, 56138720
224, 1, 21
1, 59122, 56507046, 57007238
225, 1, 21
3, 174482, 55422506, 55924574
226, 1, 21
2, 232212, 56138720, 56640643
227, 1, 21
1, 60564, 57007238, 57513515
228, 1, 21
3, 171598, 55924574, 56428232
229, 1, 21
2, 233654, 56640643, 57142623
230, 1, 21
1, 59122, 57513515, 58013935
231, 1, 21
3, 167272, 56428232, 56930888
232, 1, 21
2, 225002, 57142623, 57645216
233, 1, 21
1, 59122, 58013935, 58519932
234, 1, 21
3, 164388, 56930888, 57433151
235, 1, 21
2, 226444, 57645216, 58146434
236, 1, 21
1, 60564, 58519932, 59023722
237, 1, 21
3, 177366, 57433151, 57934890
238, 1, 21
2, 200488, 58146434, 58649598
239, 1, 21
1, 56238, 59023722, 59524887
240, 1, 21
2, 54821, 58649598, 59152332
241, 1, 21
1, 56238, 59524887, 60031522
242, 1, 21
2, 54821, 59152332, 59654914
243, 1, 21
1, 56238, 60031522, 60541508
244, 1, 21
2, 56263, 59654914, 60158403
245, 1, 21
1, 56238, 60541508, 61048821
246, 1, 21
2, 57705, 60158403, 60669104
247, 1, 21
1, 57680, 61048821, 61555418
248, 1, 21
2, 57705, 60669104, 61171132
249, 1, 21
1, 59122, 61555418, 62066070
250, 1, 21
2, 57705, 61171132, 61672082
251, 1, 21
1, 57680, 62066070, 62566184
252, 1, 21
2, 57705, 61672082, 62180714
253, 1, 21
1, 53354, 62566184, 63066984
254, 1, 21
2, 53379, 62180714, 62694231
255, 1, 21
1, 53354, 63066984, 63573899
256, 1, 21
2, 53379, 62694231, 63203201
257, 1, 21
1, 53354, 63573899, 64081034
258, 1, 21
2, 53379, 63203201, 63703719
259, 1, 21
1, 54796, 64081034, 64585977
260, 1, 21
2, 54821, 63703719, 64205888
261, 1, 21
1, 54796, 64585977, 65090020
262, 1, 21
2, 56263, 64205888, 64714935
263, 1, 21
1, 56238, 65090020, 65590835
264, 1, 21
2, 56263, 64714935, 65219858
265, 1, 21
1, 56238, 65590835, 66094969
266, 1, 21
2, 56263, 65219858, 65723030
