0, 2, 21
2, 54796, 5651475, 6211310
1, 54796, 6218262, 6777744
1, 2, 21
2, 53354, 6211310, 6714165
1, 53354, 6777744, 7280669
2, 2, 21
2, 57680, 6714165, 7223920
1, 57680, 7280669, 7790092
3, 2, 21
2, 54796, 7223920, 7728058
1, 54796, 7790092, 8294442
4, 2, 21
2, 56238, 7728058, 8238410
1, 56238, 8294442, 8804847
5, 2, 21
2, 70658, 8238410, 8864168
1, 70658, 8804847, 9430854
6, 2, 21
2, 86520, 8864168, 9649939
1, 86520, 9430854, 10215733
7, 2, 21
2, 1442, 9649939, 15779464
1, 1442, 10215733, 16345949
8, 2, 21
2, 54796, 15779464, 16286914
1, 54796, 16345949, 16853168
9, 1, 21
1, 73542, 16853168, 17478425
10, 1, 21
2, 75009, 16286914, 16923592
11, 1, 21
1, 86520, 17478425, 18266642
12, 1, 21
2, 99523, 16923592, 17710060
13, 1, 21
3, 76426, 17053750, 17555740
14, 1, 21
2, 134131, 17710060, 18218336
15, 1, 21
3, 64890, 17555740, 18058723
16, 1, 21
2, 113943, 18218336, 18720061
17, 1, 21
1, 124012, 18266642, 19425574
18, 1, 21
3, 59122, 18058723, 18559105
19, 1, 21
2, 112526, 18720061, 19221516
20, 1, 21
1, 64890, 19425574, 20064613
21, 1, 21
3, 79310, 18559105, 19065480
22, 1, 21
2, 151460, 19221516, 19723142
23, 1, 21
4, 73542, 18446930, 18951478
24, 1, 21
3, 73542, 19065480, 19568643
25, 1, 21
2, 197604, 19723142, 20227120
26, 1, 21
1, 85078, 20064613, 20856114
27, 1, 21
4, 74984, 18951478, 19451772
28, 1, 21
3, 76426, 19568643, 20072538
29, 1, 21
2, 203397, 20227120, 20729363
30, 1, 21
4, 66332, 19451772, 19967770
31, 1, 21
3, 66332, 20072538, 20579131
32, 1, 21
2, 175974, 20729363, 21234030
33, 1, 21
4, 51912, 19967770, 20469900
34, 1, 21
3, 51912, 20579131, 21085080
35, 1, 21
2, 138482, 21234030, 21737315
36, 1, 21
1, 149968, 20856114, 22386122
37, 1, 21
4, 67774, 20469900, 20976601
38, 1, 21
3, 66332, 21085080, 21590012
39, 1, 21
2, 197629, 21737315, 22245612
40, 1, 21
1, 67774, 22386122, 23032085
41, 1, 21
2, 188927, 22245612, 22745624
42, 1, 21
4, 86520, 20976601, 21607983
43, 1, 21
1, 70658, 23032085, 23663632
44, 1, 21
2, 103874, 22745624, 23249298
45, 1, 21
4, 57680, 21607983, 22108401
46, 1, 21
1, 43260, 23663632, 24174297
47, 1, 21
2, 111084, 23249298, 23755559
48, 1, 21
4, 59122, 22108401, 22617617
49, 1, 21
1, 53354, 24174297, 24807301
50, 1, 21
4, 54796, 22617617, 23120293
51, 1, 21
2, 161579, 23755559, 24541678
52, 1, 21
4, 70658, 23120293, 23620507
53, 1, 21
1, 79310, 24807301, 25569111
54, 1, 21
2, 125504, 24541678, 25042195
55, 1, 21
4, 87962, 23620507, 24250354
56, 1, 21
1, 73542, 25569111, 26196083
57, 1, 21
2, 160112, 25042195, 25672381
58, 1, 21
4, 139874, 24250354, 25227693
59, 1, 21
1, 92288, 26196083, 26981501
60, 1, 21
2, 255284, 25672381, 26650650
61, 1, 21
1, 175924, 26981501, 28518480
62, 1, 21
3, 73542, 21590012, 28041069
63, 1, 21
2, 611458, 26650650, 28890914
64, 1, 21
3, 62006, 28041069, 28546961
65, 1, 21
4, 390782, 25227693, 28058516
66, 1, 21
2, 175974, 28890914, 29396600
67, 1, 21
1, 173040, 28518480, 30107028
68, 1, 21
3, 72100, 28546961, 29053897
69, 1, 21
4, 69216, 28058516, 28564948
70, 1, 21
2, 196187, 29396600, 29904091
71, 1, 21
1, 69216, 30107028, 30732045
72, 1, 21
3, 95172, 29053897, 29689768
73, 1, 21
4, 80752, 28564948, 29192482
74, 1, 21
2, 248099, 29904091, 30529846
75, 1, 21
1, 92288, 30732045, 31526024
76, 1, 21
3, 113918, 29689768, 30479677
77, 1, 21
2, 281240, 30529846, 31317534
78, 1, 21
2, 132664, 31317534, 31817872
79, 1, 21
2, 134106, 31817872, 32319178
80, 1, 21
1, 180250, 31526024, 33057821
81, 1, 21
3, 224952, 30479677, 32011759
82, 1, 21
2, 196162, 32319178, 33100486
83, 1, 21
3, 76426, 32011759, 32590838
84, 1, 21
1, 121128, 33057821, 34140260
85, 1, 21
2, 95222, 33100486, 33604616
86, 1, 21
1, 20188, 34140260, 34648829
87, 1, 21
2, 20213, 33604616, 34107438
88, 1, 21
1, 33166, 34648829, 35177753
89, 1, 21
2, 40401, 34107438, 34745118
90, 1, 21
1, 47586, 35177753, 35811404
91, 1, 21
2, 57705, 34745118, 35529061
92, 1, 21
3, 33166, 32590838, 34994681
93, 1, 21
1, 46144, 35811404, 36316927
94, 1, 21
2, 220676, 35529061, 36044408
95, 1, 21
3, 164388, 34994681, 35552412
96, 1, 21
1, 57680, 36316927, 36823990
97, 1, 21
2, 132714, 36044408, 36551448
98, 1, 21
3, 96614, 35552412, 36064373
99, 1, 21
1, 41818, 36823990, 37324738
100, 1, 21
2, 196162, 36551448, 37056324
101, 1, 21
3, 171598, 36064373, 36568019
102, 1, 21
1, 46144, 37324738, 37836066
103, 1, 21
2, 226444, 37056324, 37557433
104, 1, 21
3, 206206, 36568019, 37193197
105, 1, 21
1, 57680, 37836066, 38336755
106, 1, 21
2, 209140, 37557433, 38059171
107, 1, 21
3, 141316, 37193197, 37694592
108, 1, 21
1, 69216, 38336755, 38973380
109, 1, 21
2, 201930, 38059171, 38563796
110, 1, 21
2, 62006, 38563796, 39075309
111, 1, 21
1, 102382, 38973380, 39960796
112, 1, 21
2, 49053, 39075309, 39583598
113, 1, 21
1, 44702, 39960796, 40468959
114, 1, 21
2, 60589, 39583598, 40213927
115, 1, 21
1, 72100, 40468959, 41096783
116, 1, 21
2, 59147, 40213927, 40717446
117, 1, 21
3, 102382, 37694592, 40231434
118, 1, 21
1, 51912, 41096783, 41610714
119, 1, 21
2, 148576, 40717446, 41221383
120, 1, 21
3, 168714, 40231434, 40859464
121, 1, 21
1, 41818, 41610714, 42115087
122, 1, 21
2, 209140, 41221383, 41724132
123, 1, 21
3, 165830, 40859464, 41361913
124, 1, 21
1, 59122, 42115087, 42622412
125, 1, 21
2, 219234, 41724132, 42224916
126, 1, 21
1, 57680, 42622412, 43125310
127, 1, 21
3, 180250, 41361913, 41991833
128, 1, 21
2, 193278, 42224916, 42725986
129, 1, 21
3, 162946, 41991833, 42493752
130, 1, 21
1, 66332, 43125310, 43754896
131, 1, 21
2, 220676, 42725986, 43230036
132, 1, 21
3, 157178, 42493752, 43003553
133, 1, 21
2, 255259, 43230036, 43856940
134, 1, 21
1, 108150, 43754896, 44745328
135, 1, 21
2, 49053, 43856940, 44371609
136, 1, 21
1, 56238, 44745328, 45333704
137, 1, 21
2, 49053, 44371609, 44876426
138, 1, 21
1, 40376, 45333704, 45862034
139, 1, 21
2, 50495, 44876426, 45507524
140, 1, 21
1, 49028, 45862034, 46501182
141, 1, 21
1, 49028, 46501182, 47008157
142, 1, 21
2, 85128, 45507524, 46490868
143, 1, 21
1, 57680, 47008157, 47519661
144, 1, 21
1, 72100, 47519661, 48147912
145, 1, 21
1, 106708, 48147912, 49128926
146, 1, 21
1, 38934, 49128926, 49638785
147, 1, 21
2, 288500, 46490868, 49239152
148, 1, 21
1, 60564, 49638785, 50274051
149, 1, 21
2, 46169, 49239152, 49771553
150, 1, 21
2, 37492, 49771553, 50284959
151, 1, 21
1, 73542, 50274051, 51254510
152, 1, 21
2, 51937, 50284959, 50926078
153, 1, 21
1, 74984, 51254510, 51959593
154, 1, 21
2, 59147, 50926078, 51428456
155, 1, 21
2, 60564, 51428456, 51937948
156, 1, 21
1, 74984, 51959593, 52589534
157, 1, 21
2, 73567, 51937948, 52566173
158, 1, 21
1, 92288, 52589534, 53377372
159, 1, 21
2, 115385, 52566173, 53551892
160, 1, 21
3, 83636, 43003553, 53002746
161, 1, 21
2, 216325, 53551892, 54052634
162, 1, 21
3, 165830, 53002746, 53503823
163, 1, 21
1, 177366, 53377372, 54903621
164, 1, 21
2, 233654, 54052634, 54554411
165, 1, 21
3, 223510, 53503823, 54132432
166, 1, 21
2, 242281, 54554411, 55056176
167, 1, 21
3, 276864, 54132432, 54914010
168, 1, 21
2, 230745, 55056176, 55556653
169, 1, 21
2, 286958, 55556653, 56184436
170, 1, 21
2, 307146, 56184436, 56852679
171, 1, 21
3, 524888, 54914010, 56443598
172, 1, 21
2, 279773, 56852679, 57478573
173, 1, 21
2, 353290, 57478573, 58260592
174, 1, 21
2, 190344, 58260592, 58868422
175, 1, 21
2, 56238, 58868422, 59377490
176, 1, 21
2, 69216, 59377490, 60010655
177, 1, 21
2, 87962, 60010655, 60799060
178, 1, 21
2, 174482, 60799060, 62328158
179, 1, 21
1, 986328, 54903621, 63593695
180, 1, 21
1, 66332, 63593695, 64225169
181, 1, 21
1, 85078, 64225169, 65017287
182, 1, 21
1, 168714, 65017287, 66544758
