0, 2, 21
2, 72100, 5569329, 6318777
1, 72104, 6128241, 6877330
1, 2, 21
2, 144200, 6318777, 7617119
1, 144204, 6877330, 8175754
2, 2, 21
2, 144200, 7617119, 8905193
1, 144204, 8175754, 9463932
3, 2, 21
2, 217742, 8905193, 16971399
1, 217746, 9463932, 17530152
4, 2, 21
2, 77868, 16971399, 17629737
1, 72104, 17530152, 18187891
5, 2, 21
2, 80752, 17629737, 17940370
1, 36054, 18187891, 18498899
6, 2, 21
2, 43260, 17940370, 18102513
1, 18750, 18498899, 18661202
7, 2, 21
2, 23072, 18102513, 18192925
1, 10098, 18661202, 18751188
8, 2, 21
2, 337428, 18192925, 19599808
1, 144204, 18751188, 20158252
9, 2, 21
2, 271096, 19599808, 20266983
1, 72104, 20158252, 20825211
10, 2, 21
2, 134106, 20266983, 20588671
1, 36054, 20825211, 21147021
11, 2, 21
2, 69216, 20588671, 20757459
1, 18750, 21147021, 21315863
12, 2, 21
2, 496048, 20757459, 22218082
1, 144204, 21315863, 22775818
13, 2, 21
2, 220626, 22218082, 22862772
1, 72104, 22775818, 23420223
14, 2, 21
2, 95172, 22862772, 23304816
1, 36054, 23420223, 23861845
15, 2, 21
2, 41818, 23304816, 23477847
1, 18750, 23861845, 24034893
16, 2, 21
2, 12978, 23477847, 23573914
1, 10098, 24034893, 24130879
17, 2, 21
2, 335986, 23573914, 25059487
1, 144204, 24130879, 25617841
18, 2, 21
2, 327334, 25059487, 26281610
1, 144204, 25617841, 26839766
19, 2, 21
2, 162946, 26281610, 26900976
1, 72104, 26839766, 27458340
20, 2, 21
2, 327334, 26900976, 28145423
1, 144204, 27458340, 28703893
21, 2, 21
2, 431158, 28145423, 29452309
1, 144204, 28703893, 30010186
22, 2, 21
2, 250908, 29452309, 30092848
1, 72104, 30010186, 30651129
23, 2, 21
2, 124012, 30092848, 30401086
1, 36054, 30651129, 30959339
24, 2, 21
2, 372036, 30401086, 31620460
1, 144204, 30959339, 32178700
25, 2, 21
2, 162946, 31620460, 32233191
1, 72104, 32178700, 32791074
26, 2, 21
2, 80752, 32233191, 32539300
1, 36054, 32791074, 33097048
27, 2, 21
2, 258118, 32539300, 34400266
1, 144204, 33097048, 34957960
28, 2, 21
2, 72100, 34400266, 35349775
1, 72104, 34957960, 35907553
29, 2, 21
2, 67774, 35349775, 35656564
1, 36054, 35907553, 36214906
30, 2, 21
2, 77868, 35656564, 35826219
1, 18750, 36214906, 36384529
31, 2, 21
2, 41818, 35826219, 35911904
1, 10098, 36384529, 36470054
32, 2, 21
2, 23072, 35911904, 35960282
1, 5772, 36470054, 36518189
33, 2, 21
2, 543634, 35960282, 37445618
1, 144204, 36518189, 38004138
34, 2, 21
2, 268212, 37445618, 38097523
1, 72104, 38004138, 38656026
35, 2, 21
2, 131222, 38097523, 38424718
1, 36054, 38656026, 38983095
36, 2, 21
2, 196112, 38424718, 39876466
1, 144204, 38983095, 40434953
37, 2, 21
2, 72100, 39876466, 40498081
1, 72104, 40434953, 41056262
38, 2, 21
2, 477302, 40498081, 41942095
1, 144204, 41056262, 42500392
39, 2, 21
2, 265328, 41942095, 42611211
1, 72104, 42500392, 43169188
40, 2, 21
2, 135548, 42611211, 42923567
1, 36054, 43169188, 43481767
41, 2, 21
2, 72100, 42923567, 43084656
1, 18750, 43481767, 43642646
42, 2, 21
2, 383572, 43084656, 44484413
1, 144204, 43642646, 45042872
43, 2, 21
2, 72100, 44484413, 45436837
1, 72104, 45042872, 45994578
44, 2, 21
2, 36050, 45436837, 45888659
1, 36054, 45994578, 46447125
45, 2, 21
2, 144200, 45888659, 47152811
1, 144204, 46447125, 47710234
46, 2, 21
2, 72100, 47152811, 47757079
1, 72104, 47710234, 48314496
47, 2, 21
2, 144200, 47757079, 49347022
1, 144204, 48314496, 49905151
48, 2, 21
2, 144200, 49347022, 51022107
1, 144204, 49905151, 51577414
49, 2, 21
2, 144200, 51022107, 52242856
1, 144204, 51577414, 52800773
50, 2, 21
2, 72100, 52242856, 52854755
1, 72104, 52800773, 53413184
51, 2, 21
2, 308588, 52854755, 54106466
1, 144204, 53413184, 54664776
52, 2, 21
2, 279748, 54106466, 54713569
1, 72104, 54664776, 55272015
53, 2, 21
2, 147084, 54713569, 55024758
1, 36054, 55272015, 55583177
54, 2, 21
2, 571032, 55024758, 56266535
1, 144204, 55583177, 56824814
55, 2, 21
2, 558054, 56266535, 57480102
1, 144204, 56824814, 58038524
56, 2, 21
2, 547960, 57480102, 58769858
1, 144204, 58038524, 59327375
57, 2, 21
2, 144200, 58769858, 60101057
1, 144204, 59327375, 60657474
58, 2, 21
2, 72100, 60101057, 60743908
1, 72104, 60657474, 61302598
59, 2, 21
2, 144200, 60743908, 62007325
1, 144204, 61302598, 62565051
60, 2, 21
2, 144200, 62007325, 63372812
1, 144204, 62565051, 63931546
61, 2, 21
2, 144200, 63372812, 64703706
1, 144204, 63931546, 65262284
