0, 2, 21
2, 54796, 5630166, 6190303
1, 54796, 6217796, 6777828
1, 2, 21
2, 53354, 6190303, 6695577
1, 53354, 6777828, 7283226
2, 2, 21
2, 57680, 6695577, 7208337
1, 57680, 7283226, 7795045
3, 2, 21
2, 54796, 7208337, 7712464
1, 54796, 7795045, 8300173
4, 2, 21
2, 54796, 7712464, 8212612
1, 54796, 8300173, 8800348
5, 2, 21
2, 56238, 8212612, 8715137
1, 56238, 8800348, 9302432
6, 2, 21
2, 56238, 8715137, 9218826
1, 56238, 9302432, 9806519
7, 2, 21
2, 47586, 9218826, 15768621
1, 47586, 9806519, 16355975
8, 2, 21
2, 54796, 15768621, 16276358
1, 54796, 16355975, 16864203
9, 2, 21
2, 59122, 16276358, 16781002
1, 59122, 16864203, 17368294
10, 2, 21
2, 56238, 16781002, 17285107
1, 56238, 17368294, 17868870
11, 2, 21
2, 87962, 17285107, 17786457
1, 54796, 17868870, 18374105
12, 1, 21
3, 76426, 16990360, 17492720
13, 1, 21
2, 131247, 17786457, 18294196
14, 1, 21
1, 57680, 18374105, 18884759
15, 1, 21
3, 64890, 17492720, 17996250
16, 2, 21
2, 106758, 18294196, 18804570
1, 54796, 18884759, 19392049
17, 1, 21
3, 60564, 17996250, 18505424
18, 1, 21
2, 121153, 18804570, 19305628
19, 1, 21
1, 46144, 19392049, 19902825
20, 1, 21
3, 79310, 18505424, 19012794
21, 1, 21
2, 168764, 19305628, 19809175
22, 1, 21
1, 56238, 19902825, 20412879
23, 1, 21
4, 73542, 18434244, 18942257
24, 1, 21
3, 73542, 19012794, 19515847
25, 1, 21
2, 201955, 19809175, 20313841
26, 1, 21
1, 53354, 20412879, 20913554
27, 1, 21
4, 77868, 18942257, 19444910
28, 1, 21
3, 76426, 19515847, 20019992
29, 1, 21
2, 209165, 20313841, 20815416
30, 1, 21
1, 56238, 20913554, 21418370
31, 1, 21
4, 64890, 19444910, 19949249
32, 1, 21
3, 66332, 20019992, 20533044
33, 1, 21
2, 148601, 20815416, 21317513
34, 1, 21
1, 51912, 21418370, 21927168
35, 1, 21
4, 51912, 19949249, 20496417
36, 1, 21
3, 51912, 20533044, 21079743
37, 1, 21
2, 165905, 21317513, 21820853
38, 1, 21
1, 46144, 21927168, 22434948
39, 1, 21
4, 77868, 20496417, 21007267
40, 1, 21
3, 76426, 21079743, 21590345
41, 1, 21
2, 203397, 21820853, 22323895
42, 1, 21
1, 53354, 22434948, 22941434
43, 1, 21
4, 74984, 21007267, 21510381
44, 1, 21
2, 167322, 22323895, 22832212
45, 1, 21
1, 56238, 22941434, 23445863
46, 1, 21
4, 59122, 21510381, 22014926
47, 1, 21
2, 108200, 22832212, 23337624
48, 1, 21
1, 44702, 23445863, 23965314
49, 1, 21
4, 59122, 22014926, 22542062
50, 1, 21
2, 99548, 23337624, 23842087
51, 1, 21
1, 44702, 23965314, 24473629
52, 1, 21
4, 57680, 22542062, 23043011
53, 1, 21
2, 100990, 23842087, 24346840
54, 1, 21
1, 43260, 24473629, 24977079
55, 1, 21
4, 73542, 23043011, 23543277
56, 1, 21
2, 128388, 24346840, 24851910
57, 1, 21
1, 54796, 24977079, 25481568
58, 1, 21
4, 73542, 23543277, 24046277
59, 1, 21
2, 128388, 24851910, 25353452
60, 1, 21
1, 56238, 25481568, 25989917
61, 1, 21
4, 74984, 24046277, 24548208
62, 1, 21
2, 131272, 25353452, 25862083
63, 1, 21
1, 53354, 25989917, 26493425
64, 1, 21
4, 79310, 24548208, 25053432
65, 1, 21
2, 132714, 25862083, 26371881
66, 1, 21
1, 53354, 26493425, 27004203
67, 1, 21
4, 74984, 25053432, 25557459
68, 1, 21
2, 128388, 26371881, 26878635
69, 1, 21
1, 53354, 27004203, 27507270
70, 1, 21
4, 72100, 25557459, 26059501
71, 1, 21
2, 128388, 26878635, 27384245
72, 1, 21
1, 54796, 27507270, 28014640
73, 1, 21
4, 76426, 26059501, 26563070
74, 1, 21
2, 128388, 27384245, 27889485
75, 1, 21
1, 53354, 28014640, 28519508
76, 1, 21
4, 73542, 26563070, 27063865
77, 1, 21
2, 122620, 27889485, 28395987
78, 1, 21
1, 50470, 28519508, 29026638
79, 1, 21
3, 62006, 21590345, 27936383
80, 1, 21
4, 70658, 27063865, 27571145
81, 1, 21
2, 165905, 28395987, 28897078
82, 1, 21
1, 53354, 29026638, 29528108
83, 1, 21
3, 62006, 27936383, 28442535
84, 1, 21
4, 64890, 27571145, 28076009
85, 1, 21
2, 196187, 28897078, 29399010
86, 1, 21
1, 51912, 29528108, 30036506
87, 1, 21
3, 72100, 28442535, 28947124
88, 1, 21
4, 72100, 28076009, 28585590
89, 1, 21
2, 187535, 29399010, 29903163
90, 1, 21
1, 44702, 30036506, 30541055
91, 1, 21
3, 76426, 28947124, 29452633
92, 1, 21
4, 73542, 28585590, 29092421
93, 1, 21
2, 197629, 29903163, 30407638
94, 1, 21
1, 53354, 30541055, 31045708
95, 1, 21
3, 67774, 29452633, 29954931
96, 1, 21
2, 157228, 30407638, 30909552
97, 1, 21
1, 59122, 31045708, 31551111
98, 1, 21
3, 72100, 29954931, 30463586
99, 1, 21
2, 134156, 30909552, 31413046
100, 1, 21
1, 60564, 31551111, 32062035
101, 1, 21
3, 74984, 30463586, 30970918
102, 1, 21
2, 134156, 31413046, 31916618
103, 1, 21
1, 60564, 32062035, 32573902
104, 1, 21
3, 74984, 30970918, 31476261
105, 1, 21
2, 134156, 31916618, 32422826
106, 1, 21
1, 59122, 32573902, 33075029
107, 1, 21
3, 73542, 31476261, 31979473
108, 1, 21
2, 126946, 32422826, 32927434
109, 1, 21
1, 59122, 33075029, 33579721
110, 1, 21
3, 64890, 31979473, 32483733
111, 1, 21
2, 112526, 32927434, 33438193
112, 1, 21
1, 60564, 33579721, 34088525
113, 1, 21
2, 59147, 33438193, 33956175
114, 1, 21
1, 51912, 34088525, 34591594
115, 1, 21
2, 20213, 33956175, 34468571
116, 1, 21
1, 20188, 34591594, 35094392
117, 1, 21
2, 33191, 34468571, 34977929
118, 1, 21
1, 30282, 35094392, 35596375
119, 1, 21
2, 36075, 34977929, 35484026
120, 1, 21
3, 38934, 32483733, 34923819
121, 1, 21
1, 37492, 35596375, 36118003
122, 1, 21
2, 204814, 35484026, 35989013
123, 1, 21
1, 43260, 36118003, 36618675
124, 1, 21
3, 164388, 34923819, 35481720
125, 1, 21
2, 142808, 35989013, 36495758
126, 1, 21
1, 57680, 36618675, 37120402
127, 1, 21
3, 96614, 35481720, 35992773
128, 1, 21
2, 203372, 36495758, 36996078
129, 1, 21
1, 47586, 37120402, 37628697
130, 1, 21
3, 171598, 35992773, 36496066
131, 1, 21
2, 209140, 36996078, 37498636
132, 1, 21
1, 41818, 37628697, 38138144
133, 1, 21
3, 165830, 36496066, 36996845
134, 1, 21
2, 216350, 37498636, 37999779
135, 1, 21
1, 59122, 38138144, 38642039
136, 1, 21
3, 147084, 36996845, 37503419
137, 1, 21
2, 200488, 37999779, 38500289
138, 1, 21
1, 54796, 38642039, 39144151
139, 1, 21
2, 60589, 38500289, 39003864
140, 1, 21
1, 56238, 39144151, 39646044
141, 1, 21
2, 54821, 39003864, 39505036
142, 1, 21
1, 53354, 39646044, 40147255
143, 1, 21
2, 47611, 39505036, 40010214
144, 1, 21
1, 47586, 40147255, 40652703
145, 1, 21
2, 49053, 40010214, 40513788
146, 1, 21
1, 49028, 40652703, 41153274
147, 1, 21
3, 136990, 37503419, 40157163
148, 1, 21
2, 137040, 40513788, 41020678
149, 1, 21
1, 59122, 41153274, 41658102
150, 1, 21
3, 134106, 40157163, 40660988
151, 1, 21
2, 191836, 41020678, 41521286
152, 1, 21
1, 43260, 41658102, 42160783
153, 1, 21
3, 160062, 40660988, 41162101
154, 1, 21
2, 210582, 41521286, 42022299
155, 1, 21
1, 50470, 42160783, 42671733
156, 1, 21
3, 165830, 41162101, 41663754
157, 1, 21
2, 197604, 42022299, 42522300
158, 1, 21
1, 59122, 42671733, 43178225
159, 1, 21
3, 136990, 41663754, 42166464
160, 1, 21
2, 219234, 42522300, 43024317
161, 1, 21
1, 54796, 43178225, 43687434
162, 1, 21
3, 165830, 42166464, 42668443
163, 1, 21
2, 207698, 43024317, 43528360
164, 1, 21
1, 57680, 43687434, 44195455
165, 1, 21
3, 152852, 42668443, 43168682
166, 1, 21
2, 132714, 43528360, 44030037
167, 1, 21
1, 57680, 44195455, 44706078
168, 1, 21
2, 53379, 44030037, 44531716
169, 1, 21
1, 51912, 44706078, 45226580
170, 1, 21
2, 47611, 44531716, 45043179
171, 1, 21
1, 50470, 45226580, 45736607
172, 1, 21
2, 43285, 45043179, 45556522
173, 1, 21
1, 37492, 45736607, 46239076
174, 1, 21
2, 36075, 45556522, 46059724
175, 1, 21
1, 37492, 46239076, 46751217
176, 1, 21
2, 41843, 46059724, 46564558
177, 1, 21
1, 46144, 46751217, 47255735
178, 1, 21
2, 56263, 46564558, 47066125
179, 1, 21
1, 57680, 47255735, 47765080
180, 1, 21
2, 59147, 47066125, 47571202
181, 1, 21
1, 59122, 47765080, 48269697
182, 1, 21
2, 59147, 47571202, 48078730
183, 1, 21
1, 59122, 48269697, 48773372
184, 1, 21
2, 57705, 48078730, 48584535
185, 1, 21
1, 54796, 48773372, 49276745
186, 1, 21
2, 47611, 48584535, 49097248
187, 1, 21
1, 44702, 49276745, 49787389
188, 1, 21
2, 41843, 49097248, 49601911
189, 1, 21
1, 43260, 49787389, 50290273
190, 1, 21
2, 43285, 49601911, 50108303
191, 1, 21
1, 40376, 50290273, 50796833
192, 1, 21
2, 37517, 50108303, 50612834
193, 1, 21
1, 41818, 50796833, 51302280
194, 1, 21
2, 41843, 50612834, 51118000
195, 1, 21
1, 38934, 51302280, 51807017
196, 1, 21
2, 53379, 51118000, 51623146
197, 1, 21
1, 57680, 51807017, 52308765
198, 1, 21
2, 60589, 51623146, 52134033
199, 1, 21
1, 60564, 52308765, 52818091
200, 1, 21
2, 60589, 52134033, 52645817
201, 1, 21
1, 59122, 52818091, 53322459
202, 1, 21
2, 59147, 52645817, 53149463
203, 1, 21
1, 60564, 53322459, 53834285
204, 1, 21
3, 2884, 43168682, 52922552
205, 1, 21
2, 111084, 53149463, 53654695
206, 1, 21
1, 59122, 53834285, 54341955
207, 1, 21
3, 165830, 52922552, 53425212
208, 1, 21
2, 220676, 53654695, 54155218
209, 1, 21
1, 59122, 54341955, 54852560
210, 1, 21
3, 175924, 53425212, 53925256
211, 1, 21
2, 243748, 54155218, 54656575
212, 1, 21
1, 59122, 54852560, 55353308
213, 1, 21
3, 184576, 53925256, 54425699
214, 1, 21
2, 235096, 54656575, 55156752
215, 1, 21
1, 60564, 55353308, 55862225
216, 1, 21
3, 171598, 54425699, 54927410
217, 1, 21
2, 235096, 55156752, 55658705
218, 1, 21
1, 60564, 55862225, 56371691
219, 1, 21
3, 173040, 54927410, 55428686
220, 1, 21
2, 235096, 55658705, 56161201
221, 1, 21
1, 59122, 56371691, 56879782
222, 1, 21
3, 174482, 55428686, 55931299
223, 1, 21
2, 227886, 56161201, 56663710
224, 1, 21
1, 59122, 56879782, 57390246
225, 1, 21
3, 170156, 55931299, 56431357
226, 1, 21
2, 233654, 56663710, 57164046
227, 1, 21
1, 60564, 57390246, 57897131
228, 1, 21
3, 167272, 56431357, 56934079
229, 1, 21
2, 223560, 57164046, 57664764
230, 1, 21
1, 60564, 57897131, 58406893
231, 1, 21
3, 164388, 56934079, 57436597
232, 1, 21
2, 227886, 57664764, 58168180
233, 1, 21
1, 59122, 58406893, 58911151
234, 1, 21
3, 177366, 57436597, 57940488
235, 1, 21
2, 186068, 58168180, 58676310
236, 1, 21
1, 60564, 58911151, 59419750
237, 1, 21
2, 60589, 58676310, 59182833
238, 1, 21
1, 59122, 59419750, 59933141
239, 1, 21
2, 54821, 59182833, 59685235
240, 1, 21
1, 56238, 59933141, 60442106
241, 1, 21
2, 54821, 59685235, 60188335
242, 1, 21
1, 54796, 60442106, 60945743
243, 1, 21
2, 56263, 60188335, 60692758
244, 1, 21
1, 56238, 60945743, 61451595
245, 1, 21
2, 57705, 60692758, 61204011
246, 1, 21
1, 57680, 61451595, 61956460
247, 1, 21
2, 57705, 61204011, 61706512
248, 1, 21
1, 57680, 61956460, 62459620
249, 1, 21
2, 57705, 61706512, 62207667
250, 1, 21
1, 59122, 62459620, 62968077
251, 1, 21
2, 57705, 62207667, 62716204
252, 1, 21
1, 54796, 62968077, 63473693
253, 1, 21
2, 53379, 62716204, 63230196
254, 1, 21
1, 53354, 63473693, 63985392
255, 1, 21
2, 53379, 63230196, 63739179
256, 1, 21
1, 53354, 63985392, 64488211
257, 1, 21
2, 53379, 63739179, 64239922
258, 1, 21
1, 54796, 64488211, 64997839
259, 1, 21
2, 54821, 64239922, 64743859
260, 1, 21
1, 54796, 64997839, 65498932
261, 1, 21
2, 56263, 64743859, 65251391
262, 1, 21
1, 56238, 65498932, 66001467
263, 1, 21
2, 56263, 65251391, 65756347
264, 1, 21
1, 56238, 66001467, 66511516
265, 1, 21
2, 56263, 65756347, 66260395
266, 1, 21
1, 56238, 66511516, 67023813
