0, 2, 21
2, 54796, 5643081, 6202042
1, 54796, 6219634, 6778861
1, 2, 21
2, 53354, 6202042, 6704545
1, 53354, 6778861, 7281426
2, 2, 21
2, 57680, 6704545, 7214165
1, 57680, 7281426, 7791131
3, 2, 21
2, 54796, 7214165, 7719338
1, 54796, 7791131, 8295475
4, 2, 21
2, 56238, 7719338, 8229480
1, 56238, 8295475, 8805665
5, 2, 21
2, 57680, 8229480, 8739889
1, 57680, 8805665, 9317081
6, 2, 21
2, 56238, 8739889, 9245183
1, 56238, 9317081, 9822212
7, 2, 21
2, 44702, 9245183, 15769489
1, 44702, 9822212, 16346054
8, 2, 21
2, 54796, 15769489, 16276503
1, 54796, 16346054, 16853494
9, 2, 21
2, 74984, 16276503, 16913561
1, 74984, 16853494, 17490438
10, 1, 21
2, 100940, 16913561, 17695703
11, 1, 21
1, 86520, 17490438, 18278771
12, 1, 21
3, 77868, 17009207, 17517992
13, 1, 21
2, 132714, 17695703, 18197326
14, 1, 21
3, 64890, 17517992, 18085296
15, 1, 21
2, 112501, 18197326, 18698394
16, 1, 21
1, 122570, 18278771, 19424500
17, 1, 21
3, 69216, 18085296, 18587967
18, 1, 21
2, 112526, 18698394, 19199137
19, 1, 21
1, 64890, 19424500, 20056969
20, 1, 21
3, 79310, 18587967, 19095185
21, 1, 21
2, 150018, 19199137, 19701951
22, 1, 21
4, 73542, 18449568, 18954622
23, 1, 21
3, 73542, 19095185, 19598806
24, 1, 21
2, 199046, 19701951, 20208417
25, 1, 21
1, 82194, 20056969, 20852853
26, 1, 21
4, 79310, 18954622, 19460189
27, 1, 21
3, 74984, 19598806, 20104275
28, 1, 21
2, 201955, 20208417, 20711127
29, 1, 21
1, 53354, 20852853, 21365770
30, 1, 21
4, 64890, 19460189, 19965225
31, 2, 21
2, 173090, 20711127, 21211897
3, 63448, 20104275, 20617991
32, 1, 21
1, 53354, 21365770, 21867512
33, 1, 21
4, 50470, 19965225, 20503447
34, 2, 21
2, 137040, 21211897, 21712758
3, 47586, 20617991, 21119686
35, 1, 21
1, 49028, 21867512, 22473415
36, 1, 21
4, 76426, 20503447, 21009994
37, 1, 21
3, 74984, 21119686, 21620971
38, 1, 21
2, 245215, 21712758, 22330165
39, 1, 21
1, 53354, 22473415, 22986311
40, 1, 21
4, 73542, 21009994, 21516370
41, 1, 21
2, 175974, 22330165, 22838051
42, 1, 21
1, 69216, 22986311, 23614873
43, 1, 21
4, 59122, 21516370, 22021605
44, 1, 21
2, 106758, 22838051, 23339550
45, 1, 21
1, 43260, 23614873, 24120816
46, 1, 21
4, 70658, 22021605, 22647335
47, 1, 21
2, 122620, 23339550, 23976389
48, 1, 21
1, 54796, 24120816, 24750179
49, 1, 21
4, 59122, 22647335, 23150487
50, 1, 21
1, 49028, 24750179, 25253360
51, 1, 21
2, 180325, 23976389, 24762804
52, 1, 21
4, 72100, 23150487, 23654408
53, 1, 21
1, 56238, 25253360, 25764008
54, 1, 21
2, 126946, 24762804, 25268921
55, 1, 21
4, 90846, 23654408, 24287195
56, 1, 21
1, 72100, 25764008, 26389639
57, 1, 21
2, 207698, 25268921, 26054218
58, 1, 21
4, 149968, 24287195, 25265549
59, 1, 21
1, 109592, 26389639, 27373704
60, 1, 21
2, 321616, 26054218, 27278197
61, 1, 21
3, 62006, 21620971, 27966462
62, 1, 21
2, 460023, 27278197, 28888028
63, 1, 21
3, 79310, 27966462, 28599185
64, 1, 21
1, 307146, 27373704, 30084927
65, 1, 21
2, 232212, 28888028, 29515689
66, 1, 21
3, 67774, 28599185, 29104710
67, 1, 21
4, 470092, 25265549, 28588260
68, 1, 21
2, 193278, 29515689, 30020189
69, 1, 21
1, 69216, 30084927, 30721420
70, 1, 21
3, 90846, 29104710, 29729746
71, 1, 21
4, 90846, 28588260, 29214985
72, 1, 21
2, 252425, 30020189, 30646694
73, 1, 21
1, 59122, 30721420, 31231492
74, 1, 21
2, 142783, 30646694, 31150047
75, 1, 21
1, 72100, 31231492, 31865232
76, 1, 21
3, 141316, 29729746, 30711222
77, 1, 21
2, 134156, 31150047, 31656184
78, 1, 21
1, 115360, 31865232, 32851830
79, 1, 21
2, 167297, 31656184, 32287782
80, 1, 21
3, 255234, 30711222, 32508918
81, 1, 21
2, 249491, 32287782, 33271683
82, 1, 21
1, 147084, 32851830, 34137976
83, 1, 21
2, 72125, 33271683, 33943078
84, 1, 21
1, 27398, 34137976, 34710830
85, 1, 21
2, 27423, 33943078, 34462182
86, 1, 21
1, 43260, 34710830, 35338684
87, 1, 21
2, 38959, 34462182, 35098673
88, 1, 21
1, 54796, 35338684, 36131974
89, 1, 21
3, 43260, 32508918, 34977858
90, 1, 21
2, 177416, 35098673, 35880992
91, 1, 21
1, 57680, 36131974, 36639640
92, 1, 21
3, 164388, 34977858, 35535190
93, 1, 21
2, 186068, 35880992, 36383069
94, 1, 21
1, 51912, 36639640, 37149801
95, 1, 21
3, 96614, 35535190, 36046730
96, 1, 21
2, 147134, 36383069, 36886079
97, 1, 21
1, 37492, 37149801, 37658487
98, 1, 21
3, 171598, 36046730, 36550221
99, 1, 21
2, 223560, 36886079, 37388008
100, 1, 21
1, 59122, 37658487, 38163638
101, 1, 21
3, 207648, 36550221, 37181105
102, 1, 21
2, 210582, 37388008, 37888546
103, 1, 21
1, 56238, 38163638, 38666351
104, 1, 21
3, 141316, 37181105, 37682721
105, 1, 21
2, 204814, 37888546, 38391392
106, 1, 21
1, 85078, 38666351, 39456538
107, 1, 21
2, 116827, 38391392, 38905190
108, 1, 21
2, 51912, 38905190, 39408963
109, 1, 21
1, 82194, 39456538, 40295634
110, 1, 21
2, 43285, 39408963, 39915510
111, 1, 21
1, 63448, 40295634, 40924777
112, 1, 21
2, 66357, 39915510, 40507480
113, 1, 21
3, 100940, 37682721, 40211338
114, 1, 21
1, 59122, 40924777, 41432350
115, 1, 21
2, 124062, 40507480, 41009652
116, 1, 21
1, 41818, 41432350, 41939209
117, 1, 21
2, 171623, 41009652, 41512826
118, 1, 21
3, 224952, 40211338, 40995567
119, 1, 21
1, 63448, 41939209, 42567709
120, 1, 21
2, 216350, 41512826, 42015867
121, 1, 21
3, 161504, 40995567, 41497720
122, 1, 21
1, 59122, 42567709, 43075656
123, 1, 21
2, 196162, 42015867, 42519225
124, 1, 21
3, 175924, 41497720, 42126199
125, 1, 21
2, 211999, 42519225, 43020821
126, 1, 21
1, 67774, 43075656, 43710342
127, 1, 21
3, 161504, 42126199, 42626631
128, 2, 21
2, 256726, 43020821, 43647193
1, 59122, 43710342, 44223014
129, 1, 21
3, 145642, 42626631, 43128034
130, 2, 21
2, 126921, 43647193, 44150316
1, 53354, 44223014, 44727024
131, 1, 21
2, 47586, 44150316, 44660683
132, 1, 21
1, 60564, 44727024, 45357732
133, 1, 21
1, 41818, 45357732, 45858252
134, 1, 21
2, 56288, 44660683, 45293253
135, 1, 21
1, 47586, 45858252, 46505154
136, 1, 21
2, 75009, 45293253, 46276730
137, 1, 21
1, 79310, 46505154, 47297720
138, 1, 21
1, 57680, 47297720, 47802582
139, 1, 21
1, 92288, 47802582, 48586769
140, 1, 21
1, 83636, 48586769, 49408503
141, 1, 21
2, 302920, 46276730, 49138098
142, 1, 21
1, 41818, 49408503, 49923260
143, 1, 21
2, 50495, 49138098, 49644238
144, 1, 21
1, 50470, 49923260, 50549488
145, 1, 21
2, 34633, 49644238, 50151835
146, 1, 21
1, 41818, 50549488, 51054881
147, 1, 21
2, 43285, 50151835, 50661121
148, 1, 21
1, 51912, 51054881, 51680544
149, 1, 21
2, 60589, 50661121, 51287805
150, 1, 21
1, 59122, 51680544, 52184144
151, 1, 21
2, 60589, 51287805, 51800110
152, 1, 21
1, 60564, 52184144, 52691775
153, 1, 21
2, 75009, 51800110, 52433699
154, 1, 21
1, 73542, 52691775, 53320184
155, 1, 21
2, 115385, 52433699, 53422392
156, 1, 21
3, 49028, 43128034, 53018337
157, 1, 21
1, 115360, 53320184, 54306185
158, 1, 21
2, 154344, 53422392, 53925346
159, 1, 21
3, 157178, 53018337, 53518875
160, 1, 21
2, 219209, 53925346, 54425444
161, 1, 21
3, 214858, 53518875, 54147501
162, 1, 21
2, 239397, 54425444, 54926111
163, 1, 21
2, 229278, 54926111, 55427292
164, 1, 21
3, 275422, 54147501, 54928782
165, 1, 21
2, 230745, 55427292, 55928529
166, 1, 21
2, 284074, 55928529, 56556120
167, 1, 21
3, 501816, 54928782, 56455201
168, 1, 21
2, 213441, 56556120, 57057201
169, 1, 21
2, 282632, 57057201, 57682274
170, 1, 21
2, 428274, 57682274, 58661665
171, 1, 21
2, 108150, 58661665, 59163529
172, 1, 21
2, 54796, 59163529, 59664332
173, 1, 21
2, 54796, 59664332, 60167807
174, 1, 21
2, 87962, 60167807, 60949910
175, 1, 21
2, 139874, 60949910, 62176020
176, 1, 21
1, 1133412, 54306185, 64311341
