0, 2, 21
2, 72100, 5549420, 6295844
1, 72104, 6114889, 6861350
1, 2, 21
2, 144200, 6295844, 7620740
1, 144204, 6861350, 8185866
2, 2, 21
2, 144200, 7620740, 8909828
1, 144204, 8185866, 9475071
3, 2, 21
2, 217742, 8909828, 16974391
1, 217746, 9475071, 17539546
4, 2, 21
2, 86520, 16974391, 17634674
1, 72104, 17539546, 18199106
5, 2, 21
2, 82194, 17634674, 17944289
1, 36054, 18199106, 18509778
6, 2, 21
2, 43260, 17944289, 18105235
1, 18750, 18509778, 18670206
7, 2, 21
2, 23072, 18105235, 18193249
1, 10098, 18670206, 18758123
8, 2, 21
2, 344638, 18193249, 19596410
1, 144204, 18758123, 20161697
9, 2, 21
2, 262444, 19596410, 20262205
1, 72104, 20161697, 20827228
10, 2, 21
2, 131222, 20262205, 20583295
1, 36054, 20827228, 21148839
11, 2, 21
2, 69216, 20583295, 20752580
1, 18750, 21148839, 21317968
12, 2, 21
2, 483070, 20752580, 22201948
1, 144204, 21317968, 22766114
13, 2, 21
2, 216300, 22201948, 22844498
1, 72104, 22766114, 23409565
14, 2, 21
2, 83636, 22844498, 23286057
1, 36054, 23409565, 23851138
15, 2, 21
2, 44702, 23286057, 23459545
1, 18750, 23851138, 24024052
16, 2, 21
2, 20188, 23459545, 23555758
1, 10098, 24024052, 24120153
17, 2, 21
2, 318682, 23555758, 25039949
1, 144204, 24120153, 25604969
18, 2, 21
2, 317240, 25039949, 26261888
1, 144204, 25604969, 26826444
19, 2, 21
2, 164388, 26261888, 26880251
1, 72104, 26826444, 27445144
20, 2, 21
2, 330218, 26880251, 28153361
1, 144204, 27445144, 28717311
21, 2, 21
2, 477302, 28153361, 29548865
1, 144204, 28717311, 30113597
22, 2, 21
2, 258118, 29548865, 30190584
1, 72104, 30113597, 30755039
23, 2, 21
2, 124012, 30190584, 30500267
1, 36054, 30755039, 31065430
24, 2, 21
2, 387898, 30500267, 31721161
1, 144204, 31065430, 32286384
25, 2, 21
2, 162946, 31721161, 32333977
1, 72104, 32286384, 32898516
26, 2, 21
2, 82194, 32333977, 32640040
1, 36054, 32898516, 33204517
27, 2, 21
2, 224952, 32640040, 34500422
1, 144204, 33204517, 35065541
28, 2, 21
2, 74984, 34500422, 35454150
1, 72104, 35065541, 36017960
29, 2, 21
2, 139874, 35454150, 35760608
1, 36054, 36017960, 36324899
30, 2, 21
2, 76426, 35760608, 35931199
1, 18750, 36324899, 36495055
31, 2, 21
2, 15862, 35931199, 36016401
1, 10098, 36495055, 36580548
32, 2, 21
2, 21630, 36016401, 36063823
1, 5772, 36580548, 36628902
33, 2, 21
2, 565264, 36063823, 37550668
1, 144204, 36628902, 38115179
34, 2, 21
2, 262444, 37550668, 38202828
1, 72104, 38115179, 38767679
35, 2, 21
2, 116802, 38202828, 38530570
1, 36054, 38767679, 39094783
36, 2, 21
2, 144200, 38530570, 39980776
1, 144204, 39094783, 40545922
37, 2, 21
2, 72100, 39980776, 40602743
1, 72104, 40545922, 41167867
38, 2, 21
2, 560938, 40602743, 42049801
1, 144204, 41167867, 42612694
39, 2, 21
2, 262444, 42049801, 42716636
1, 72104, 42612694, 43281766
40, 2, 21
2, 139874, 42716636, 43029291
1, 36054, 43281766, 43594492
41, 2, 21
2, 72100, 43029291, 43194407
1, 18750, 43594492, 43759600
42, 2, 21
2, 298494, 43194407, 44596260
1, 144204, 43759600, 45161352
43, 2, 21
2, 72100, 44596260, 45548688
1, 72104, 45161352, 46113250
44, 2, 21
2, 36050, 45548688, 46001314
1, 36054, 46113250, 46565938
45, 2, 21
2, 144200, 46001314, 47263451
1, 144204, 46565938, 47827580
46, 2, 21
2, 72100, 47263451, 47871925
1, 72104, 47827580, 48436921
47, 2, 21
2, 144200, 47871925, 49461411
1, 144204, 48436921, 50026697
48, 2, 21
2, 144200, 49461411, 51127533
1, 144204, 50026697, 51692770
49, 2, 21
2, 144200, 51127533, 52348796
1, 144204, 51692770, 52913911
50, 2, 21
2, 72100, 52348796, 52960665
1, 72104, 52913911, 53525200
51, 2, 21
2, 389340, 52960665, 54206834
1, 144204, 53525200, 54772043
52, 2, 21
2, 301378, 54206834, 54832909
1, 72104, 54772043, 55397198
53, 2, 21
2, 144200, 54832909, 55152859
1, 36054, 55397198, 55718016
54, 2, 21
2, 578242, 55152859, 56399588
1, 144204, 55718016, 56963934
55, 2, 21
2, 553728, 56399588, 57612370
1, 144204, 56963934, 58176764
56, 2, 21
2, 447020, 57612370, 58838187
1, 144204, 58176764, 59403514
57, 2, 21
2, 144200, 58838187, 60147549
1, 144204, 59403514, 60712799
58, 2, 21
2, 72100, 60147549, 60791790
1, 72104, 60712799, 61357265
59, 2, 21
2, 144200, 60791790, 62045684
1, 144204, 61357265, 62611124
60, 2, 21
2, 144200, 62045684, 63409866
1, 144204, 62611124, 63975038
61, 2, 21
2, 144200, 63409866, 64741209
1, 144204, 63975038, 65306077
