0, 2, 21
2, 54796, 5574534, 6136964
1, 54796, 6126537, 6688920
1, 2, 21
2, 53354, 6136964, 6639574
1, 53354, 6688920, 7191096
2, 2, 21
2, 57680, 6639574, 7149064
1, 57680, 7191096, 7700480
3, 2, 21
2, 54796, 7149064, 7652599
1, 54796, 7700480, 8204608
4, 2, 21
2, 56238, 7652599, 8163024
1, 56238, 8204608, 8714973
5, 2, 21
2, 57680, 8163024, 8675543
1, 57680, 8714973, 9226678
6, 2, 21
2, 56238, 8675543, 9179320
1, 56238, 9226678, 9731346
7, 2, 21
2, 44702, 9179320, 15703109
1, 44702, 9731346, 16255102
8, 2, 21
2, 54796, 15703109, 16210886
1, 54796, 16255102, 16762962
9, 2, 21
2, 59122, 16210886, 16714509
1, 59122, 16762962, 17266603
10, 1, 21
2, 56238, 16714509, 17222287
11, 1, 21
1, 57680, 17266603, 17779393
12, 1, 21
2, 77893, 17222287, 17724604
13, 1, 21
1, 56238, 17779393, 18289955
14, 1, 21
3, 76426, 17002244, 17505679
15, 1, 21
2, 132714, 17724604, 18224979
16, 1, 21
1, 59122, 18289955, 18796408
17, 1, 21
3, 64890, 17505679, 18010351
18, 1, 21
2, 106758, 18224979, 18735972
19, 1, 21
1, 51912, 18796408, 19335724
20, 1, 21
3, 59122, 18010351, 18512315
21, 1, 21
2, 119736, 18735972, 19236377
22, 1, 21
1, 51912, 19335724, 19845071
23, 1, 21
3, 79310, 18512315, 19017908
24, 1, 21
2, 160112, 19236377, 19740254
25, 1, 21
1, 56238, 19845071, 20346938
26, 1, 21
4, 74984, 18433390, 18933751
27, 1, 21
3, 73542, 19017908, 19522108
28, 1, 21
2, 200513, 19740254, 20242184
29, 1, 21
1, 54796, 20346938, 20856188
30, 1, 21
4, 79310, 18933751, 19440022
31, 1, 21
3, 76426, 19522108, 20030526
32, 1, 21
2, 209165, 20242184, 20742985
33, 1, 21
1, 56238, 20856188, 21357471
34, 1, 21
4, 64890, 19440022, 19952946
35, 1, 21
3, 66332, 20030526, 20538626
36, 1, 21
2, 161579, 20742985, 21249037
37, 1, 21
1, 50470, 21357471, 21857513
38, 1, 21
3, 50470, 20538626, 21047521
39, 1, 21
4, 49028, 19952946, 20481107
40, 1, 21
2, 152927, 21249037, 21754002
41, 1, 21
1, 41818, 21857513, 22362203
42, 1, 21
3, 64890, 21047521, 21551564
43, 1, 21
4, 77868, 20481107, 20992927
44, 1, 21
2, 201955, 21754002, 22258015
45, 1, 21
1, 59122, 22362203, 22874192
46, 1, 21
3, 70658, 21551564, 22052081
47, 1, 21
4, 74984, 20992927, 21496059
48, 1, 21
2, 188977, 22258015, 22758736
49, 1, 21
1, 56238, 22874192, 23374947
50, 1, 21
4, 57680, 21496059, 22005287
51, 1, 21
2, 99548, 22758736, 23261120
52, 1, 21
1, 43260, 23374947, 23881232
53, 1, 21
4, 54796, 22005287, 22510077
54, 1, 21
2, 93780, 23261120, 23764695
55, 1, 21
1, 43260, 23881232, 24393627
56, 1, 21
4, 53354, 22510077, 23019494
57, 1, 21
2, 102432, 23764695, 24265126
58, 1, 21
1, 47586, 24393627, 24899731
59, 1, 21
4, 73542, 23019494, 23521620
60, 1, 21
2, 128388, 24265126, 24766963
61, 1, 21
1, 56238, 24899731, 25408133
62, 1, 21
4, 74984, 23521620, 24028292
63, 1, 21
2, 132714, 24766963, 25269151
64, 1, 21
1, 59122, 25408133, 25913730
65, 1, 21
4, 73542, 24028292, 24530764
66, 1, 21
2, 132714, 25269151, 25771668
67, 1, 21
1, 57680, 25913730, 26413789
68, 1, 21
4, 79310, 24530764, 25035420
69, 1, 21
2, 137040, 25771668, 26274918
70, 1, 21
1, 59122, 26413789, 26924568
71, 1, 21
4, 74984, 25035420, 25536721
72, 1, 21
2, 132714, 26274918, 26778385
73, 1, 21
1, 57680, 26924568, 27429759
74, 1, 21
4, 72100, 25536721, 26039878
75, 1, 21
2, 128388, 26778385, 27283070
76, 1, 21
1, 56238, 27429759, 27939716
77, 1, 21
4, 76426, 26039878, 26544161
78, 1, 21
2, 134156, 27283070, 27789765
79, 1, 21
1, 57680, 27939716, 28443900
80, 1, 21
4, 74984, 26544161, 27050508
81, 1, 21
2, 134156, 27789765, 28299911
82, 1, 21
1, 59122, 28443900, 28954838
83, 1, 21
3, 5768, 22052081, 28016515
84, 1, 21
4, 70658, 27050508, 27554958
85, 1, 21
2, 158695, 28299911, 28801665
86, 1, 21
1, 59122, 28954838, 29464050
87, 1, 21
3, 62006, 28016515, 28522238
88, 1, 21
4, 63448, 27554958, 28057541
89, 1, 21
2, 180325, 28801665, 29304733
90, 1, 21
1, 50470, 29464050, 29971868
91, 1, 21
3, 72100, 28522238, 29030482
92, 1, 21
4, 69216, 28057541, 28564106
93, 1, 21
2, 190419, 29304733, 29805723
94, 1, 21
1, 56238, 29971868, 30481318
95, 1, 21
3, 76426, 29030482, 29538003
96, 1, 21
4, 73542, 28564106, 29066634
97, 1, 21
2, 204839, 29805723, 30309263
98, 1, 21
1, 59122, 30481318, 30986219
99, 1, 21
3, 72100, 29538003, 30042256
100, 1, 21
2, 190394, 30309263, 30811303
101, 1, 21
1, 60564, 30986219, 31496867
102, 1, 21
3, 74984, 30042256, 30545540
103, 1, 21
2, 135598, 30811303, 31319839
104, 1, 21
1, 60564, 31496867, 32007668
105, 1, 21
3, 74984, 30545540, 31053482
106, 1, 21
2, 132714, 31319839, 31824093
107, 1, 21
1, 59122, 32007668, 32510971
108, 1, 21
3, 74984, 31053482, 31557927
109, 1, 21
2, 134156, 31824093, 32325922
110, 1, 21
1, 59122, 32510971, 33015673
111, 1, 21
3, 73542, 31557927, 32060618
112, 1, 21
2, 131272, 32325922, 32827062
113, 1, 21
1, 59122, 33015673, 33521967
114, 1, 21
3, 63448, 32060618, 32566711
115, 1, 21
2, 115410, 32827062, 33332967
116, 1, 21
1, 51912, 33521967, 34034931
117, 1, 21
2, 31749, 33332967, 33855371
118, 1, 21
1, 18746, 34034931, 34547877
119, 1, 21
2, 31749, 33855371, 34363150
120, 1, 21
1, 34608, 34547877, 35053245
121, 1, 21
2, 38959, 34363150, 34864278
122, 1, 21
1, 34608, 35053245, 35554963
123, 1, 21
2, 36075, 34864278, 35364570
124, 1, 21
1, 44702, 35554963, 36064583
125, 1, 21
3, 33166, 32566711, 34977551
126, 1, 21
2, 161554, 35364570, 35864585
127, 1, 21
1, 57680, 36064583, 36568044
128, 1, 21
3, 164388, 34977551, 35534415
129, 1, 21
2, 175974, 35864585, 36366002
130, 1, 21
1, 46144, 36568044, 37101692
131, 1, 21
3, 96614, 35534415, 36044551
132, 1, 21
2, 148576, 36366002, 36869347
133, 1, 21
1, 46144, 37101692, 37612294
134, 1, 21
3, 171598, 36044551, 36547722
135, 1, 21
2, 233654, 36869347, 37370188
136, 1, 21
1, 59122, 37612294, 38121333
137, 1, 21
3, 165830, 36547722, 37048186
138, 1, 21
2, 210582, 37370188, 37872774
139, 1, 21
1, 56238, 38121333, 38633078
140, 1, 21
3, 147084, 37048186, 37554354
141, 1, 21
2, 204814, 37872774, 38373472
142, 1, 21
1, 56238, 38633078, 39141173
143, 1, 21
2, 116827, 38373472, 38877601
144, 1, 21
1, 53354, 39141173, 39650641
145, 1, 21
2, 50495, 38877601, 39396384
146, 1, 21
1, 43260, 39650641, 40157881
147, 1, 21
2, 47611, 39396384, 39899866
148, 1, 21
1, 56238, 40157881, 40663183
149, 1, 21
2, 59147, 39899866, 40407135
150, 1, 21
1, 57680, 40663183, 41172598
151, 1, 21
3, 136990, 37554354, 40207536
152, 1, 21
2, 86570, 40407135, 40909447
153, 1, 21
1, 44702, 41172598, 41677412
154, 1, 21
3, 134106, 40207536, 40709705
155, 1, 21
2, 175974, 40909447, 41409462
156, 1, 21
1, 50470, 41677412, 42180063
157, 1, 21
3, 160062, 40709705, 41210389
158, 1, 21
2, 225002, 41409462, 41911977
159, 1, 21
1, 59122, 42180063, 42687675
160, 1, 21
3, 165830, 41210389, 41711912
161, 1, 21
2, 206256, 41911977, 42417038
162, 1, 21
1, 53354, 42687675, 43198146
163, 1, 21
3, 136990, 41711912, 42214775
164, 1, 21
2, 207698, 42417038, 42921066
165, 1, 21
1, 59122, 43198146, 43707911
166, 1, 21
3, 165830, 42214775, 42718511
167, 1, 21
2, 222118, 42921066, 43423008
168, 1, 21
1, 56238, 43707911, 44210673
169, 1, 21
3, 154294, 42718511, 43220111
170, 1, 21
2, 168764, 43423008, 43925550
171, 1, 21
1, 49028, 44210673, 44723157
172, 1, 21
2, 46169, 43925550, 44427721
173, 1, 21
1, 47586, 44723157, 45228237
174, 1, 21
2, 43285, 44427721, 44936786
175, 1, 21
1, 40376, 45228237, 45731732
176, 1, 21
2, 38959, 44936786, 45450745
177, 1, 21
1, 37492, 45731732, 46250561
178, 1, 21
2, 40401, 45450745, 45959926
179, 1, 21
1, 49028, 46250561, 46753795
180, 1, 21
2, 56263, 45959926, 46464622
181, 1, 21
1, 57680, 46753795, 47262319
182, 1, 21
2, 59147, 46464622, 46970891
183, 1, 21
1, 59122, 47262319, 47774386
184, 1, 21
2, 59147, 46970891, 47476539
185, 1, 21
1, 60564, 47774386, 48280965
186, 1, 21
2, 59147, 47476539, 47984307
187, 1, 21
1, 54796, 48280965, 48795166
188, 1, 21
2, 49053, 47984307, 48501768
189, 1, 21
1, 38934, 48795166, 49300690
190, 1, 21
2, 41843, 48501768, 49016435
191, 1, 21
1, 47586, 49300690, 49805928
192, 1, 21
2, 43285, 49016435, 49520978
193, 1, 21
1, 36050, 49805928, 50314076
194, 1, 21
2, 37517, 49520978, 50033697
195, 1, 21
1, 46144, 50314076, 50869026
196, 1, 21
2, 41843, 50033697, 50538160
197, 1, 21
1, 46144, 50869026, 51376040
198, 1, 21
2, 53379, 50538160, 51044457
199, 1, 21
1, 59122, 51376040, 51876403
200, 1, 21
2, 60589, 51044457, 51553707
201, 1, 21
1, 60564, 51876403, 52384156
202, 1, 21
2, 60589, 51553707, 52065685
203, 1, 21
1, 59122, 52384156, 52888603
204, 1, 21
2, 59147, 52065685, 52568659
205, 1, 21
1, 60564, 52888603, 53399790
206, 1, 21
2, 59147, 52568659, 53073351
207, 1, 21
1, 59122, 53399790, 53910250
208, 1, 21
3, 1442, 43220111, 52970065
209, 1, 21
2, 69266, 53073351, 53577391
210, 1, 21
1, 59122, 53910250, 54415086
211, 1, 21
3, 165830, 52970065, 53471439
212, 1, 21
2, 223560, 53577391, 54082155
213, 1, 21
1, 59122, 54415086, 54918825
214, 1, 21
3, 177366, 53471439, 53974048
215, 1, 21
2, 239422, 54082155, 54582950
216, 1, 21
1, 60564, 54918825, 55429078
217, 1, 21
3, 184576, 53974048, 54474749
218, 1, 21
2, 242306, 54582950, 55083836
219, 1, 21
1, 60564, 55429078, 55940677
220, 1, 21
3, 171598, 54474749, 54976750
221, 1, 21
2, 230770, 55083836, 55586515
222, 1, 21
1, 57680, 55940677, 56441655
223, 1, 21
3, 173040, 54976750, 55477611
224, 1, 21
2, 232212, 55586515, 56089315
225, 1, 21
1, 59122, 56441655, 56941737
226, 1, 21
3, 174482, 55477611, 55980152
227, 1, 21
2, 232212, 56089315, 56589813
228, 1, 21
1, 60564, 56941737, 57447732
229, 1, 21
3, 168714, 55980152, 56483935
230, 1, 21
2, 227886, 56589813, 57091091
231, 1, 21
1, 59122, 57447732, 57947930
232, 1, 21
3, 167272, 56483935, 56986687
233, 1, 21
2, 226444, 57091091, 57593682
234, 1, 21
1, 59122, 57947930, 58454065
235, 1, 21
3, 164388, 56986687, 57489750
236, 1, 21
2, 225002, 57593682, 58096509
237, 1, 21
1, 60564, 58454065, 58957446
238, 1, 21
3, 177366, 57489750, 57991864
239, 1, 21
2, 230770, 58096509, 58598659
240, 1, 21
1, 56238, 58957446, 59458322
241, 1, 21
2, 56263, 58598659, 59112999
242, 1, 21
1, 56238, 59458322, 59964631
243, 1, 21
2, 54821, 59112999, 59615495
244, 1, 21
1, 56238, 59964631, 60474387
245, 1, 21
2, 56263, 59615495, 60119091
246, 1, 21
1, 56238, 60474387, 60987336
247, 1, 21
2, 57705, 60119091, 60629629
248, 1, 21
1, 57680, 60987336, 61488118
249, 1, 21
2, 57705, 60629629, 61131571
250, 1, 21
1, 59122, 61488118, 61998519
251, 1, 21
2, 57705, 61131571, 61632393
252, 1, 21
1, 57680, 61998519, 62498786
253, 1, 21
2, 57705, 61632393, 62142169
254, 1, 21
1, 53354, 62498786, 63000495
255, 1, 21
2, 53379, 62142169, 62656070
256, 1, 21
1, 53354, 63000495, 63507842
257, 1, 21
2, 53379, 62656070, 63165169
258, 1, 21
1, 53354, 63507842, 64015453
259, 1, 21
2, 53379, 63165169, 63666083
260, 1, 21
1, 54796, 64015453, 64520659
261, 1, 21
2, 54821, 63666083, 64168425
262, 1, 21
1, 54796, 64520659, 65024384
263, 1, 21
2, 56263, 64168425, 64676782
264, 1, 21
1, 56238, 65024384, 65525119
265, 1, 21
2, 56263, 64676782, 65181670
266, 1, 21
1, 56238, 65525119, 66029121
267, 1, 21
2, 56263, 65181670, 65685065
