0, 2, 21
2, 102382, 4687563, 5693544
1, 102382, 5270711, 6280007
1, 2, 21
2, 111034, 5693544, 6694476
1, 111034, 6280007, 7280793
2, 2, 21
2, 112476, 6694476, 7707063
1, 112476, 7280793, 8293570
3, 2, 21
2, 109592, 7707063, 14810362
1, 109592, 8293570, 15396660
4, 2, 21
2, 113918, 14810362, 15819464
1, 113918, 15396660, 16406003
5, 1, 21
2, 139874, 15819464, 16822862
6, 1, 21
1, 112476, 16406003, 17415293
7, 1, 21
3, 141316, 16033657, 17036503
8, 1, 21
2, 239422, 16822862, 17826750
9, 1, 21
3, 138432, 17036503, 18041541
10, 1, 21
2, 284099, 17826750, 18827252
11, 1, 21
1, 245140, 17415293, 19421072
12, 1, 21
3, 149968, 18041541, 19047116
13, 1, 21
2, 403810, 18827252, 19827490
14, 1, 21
1, 256676, 19421072, 20423711
15, 1, 21
3, 118244, 19047116, 20054052
16, 1, 21
2, 315848, 19827490, 20830929
17, 1, 21
1, 206206, 20423711, 21425498
18, 1, 21
2, 379271, 20830929, 21831016
19, 1, 21
1, 258118, 21425498, 22428032
20, 1, 21
2, 200463, 21831016, 22840005
21, 1, 21
1, 198996, 22428032, 23435774
22, 1, 21
2, 230745, 22840005, 23842019
23, 1, 21
1, 232162, 23435774, 24436640
24, 1, 21
2, 266795, 23842019, 24844317
25, 1, 21
1, 266770, 24436640, 25440099
26, 1, 21
1, 271096, 25440099, 26446026
27, 1, 21
2, 533590, 24844317, 26848567
28, 1, 21
3, 139874, 20054052, 26972356
29, 1, 21
2, 298519, 26848567, 27854041
30, 1, 21
3, 134106, 26972356, 27981551
31, 1, 21
2, 377829, 27854041, 28855476
32, 1, 21
3, 148526, 27981551, 28988250
33, 1, 21
3, 149968, 28988250, 29995280
34, 1, 21
2, 651834, 28855476, 30860668
35, 1, 21
1, 1129086, 26446026, 31540328
36, 1, 21
3, 148526, 29995280, 30997392
37, 1, 21
2, 406694, 30860668, 32934704
38, 1, 21
1, 191786, 31540328, 33560660
39, 1, 21
2, 66357, 32934704, 33937449
40, 1, 21
3, 96614, 30997392, 33896701
41, 1, 21
2, 249491, 33937449, 34937890
42, 1, 21
1, 165830, 33560660, 35561913
43, 1, 21
3, 250908, 33896701, 34897323
44, 1, 21
2, 323058, 34937890, 35940295
45, 1, 21
1, 87962, 35561913, 36567072
46, 1, 21
3, 325892, 34897323, 35897761
47, 1, 21
2, 442744, 35940295, 36943907
48, 1, 21
1, 116802, 36567072, 37589449
49, 1, 21
3, 302820, 35897761, 36898486
50, 1, 21
2, 278356, 36943907, 37954705
51, 1, 21
2, 96614, 37954705, 38961204
52, 1, 21
3, 2884, 36898486, 39123872
53, 1, 21
2, 178833, 38961204, 39963209
54, 1, 21
3, 294168, 39123872, 40126156
55, 1, 21
2, 405227, 39963209, 40964958
56, 1, 21
3, 621502, 40126156, 42129284
57, 1, 21
2, 765727, 40964958, 42972109
58, 1, 21
2, 89404, 42972109, 43983097
59, 1, 21
1, 728210, 37589449, 44637672
60, 1, 21
1, 77868, 44637672, 45645244
61, 1, 21
2, 191836, 43983097, 45993669
62, 1, 21
1, 115360, 45645244, 46654399
63, 1, 21
2, 118269, 45993669, 46999287
64, 1, 21
1, 204764, 46654399, 48662470
65, 1, 21
1, 79310, 48662470, 49664668
66, 1, 21
1, 98056, 49664668, 50700224
67, 1, 21
1, 119686, 50700224, 51709823
68, 1, 21
3, 2884, 42129284, 51883621
69, 1, 21
2, 804761, 46999287, 53057114
70, 1, 21
3, 343196, 51883621, 52885980
71, 1, 21
2, 483095, 53057114, 54058462
72, 1, 21
2, 461440, 54058462, 55058738
73, 1, 21
2, 914228, 55058738, 57060127
74, 1, 21
2, 272538, 57060127, 58064114
75, 1, 21
2, 111034, 58064114, 59067177
76, 1, 21
2, 227836, 59067177, 61067920
77, 1, 21
1, 1160810, 51709823, 61718431
