0, 2, 21
2, 72100, 4636045, 5379918
1, 72104, 5232529, 5979619
1, 2, 21
2, 144200, 5379918, 6675291
1, 144204, 5979619, 7275202
2, 2, 21
2, 144200, 6675291, 7964978
1, 144204, 7275202, 8564903
3, 2, 21
2, 217742, 7964978, 16030568
1, 217746, 8564903, 16630708
4, 2, 21
2, 74984, 16030568, 16689254
1, 72104, 16630708, 17289302
5, 2, 21
2, 80752, 16689254, 17001136
1, 36054, 17289302, 17600585
6, 2, 21
2, 43260, 17001136, 17161866
1, 18750, 17600585, 17761421
7, 2, 21
2, 23072, 17161866, 17249981
1, 10098, 17761421, 17849433
8, 2, 21
2, 327334, 17249981, 18657446
1, 144204, 17849433, 19256847
9, 2, 21
2, 271096, 18657446, 19323639
1, 171602, 19256847, 19923651
10, 2, 21
2, 134106, 19323639, 19645731
1, 86524, 19923651, 20245716
11, 2, 21
2, 69216, 19645731, 19814300
1, 43264, 20245716, 20414352
12, 2, 21
2, 498932, 19814300, 21264887
1, 321570, 20414352, 21864983
13, 2, 21
2, 232162, 21264887, 21911423
1, 164392, 21864983, 22508856
14, 2, 21
2, 90846, 21911423, 22352341
1, 90850, 22508856, 22950501
15, 2, 21
2, 43260, 22352341, 22525285
1, 43264, 22950501, 23123097
16, 2, 21
2, 17304, 22525285, 22620666
1, 17308, 23123097, 23218753
17, 2, 21
2, 334544, 22620666, 24107308
1, 334548, 23218753, 24704680
18, 2, 21
2, 328776, 24107308, 25328337
1, 328780, 24704680, 25925096
19, 2, 21
2, 162946, 25328337, 25944629
1, 162950, 25925096, 26543014
20, 2, 21
2, 328776, 25944629, 27186674
1, 328780, 26543014, 27786416
21, 2, 21
2, 434042, 27186674, 28491183
1, 321570, 27786416, 29090023
22, 2, 21
2, 255234, 28491183, 29130182
1, 162950, 29090023, 29729089
23, 2, 21
2, 126896, 29130182, 29437832
1, 80756, 29729089, 30037203
24, 2, 21
2, 361942, 29437832, 30655804
1, 183138, 30037203, 31255724
25, 2, 21
2, 162946, 30655804, 31267810
1, 72104, 31255724, 31867515
26, 2, 21
2, 80752, 31267810, 31574386
1, 36054, 31867515, 32173248
27, 2, 21
2, 256676, 31574386, 33433089
1, 144204, 32173248, 34033050
28, 2, 21
2, 72100, 33433089, 34381518
1, 72104, 34033050, 34981292
29, 2, 21
2, 69216, 34381518, 34688196
1, 36054, 34981292, 35287910
30, 2, 21
2, 77868, 34688196, 34858040
1, 18750, 35287910, 35457859
31, 2, 21
2, 41818, 34858040, 34943791
1, 10098, 35457859, 35543190
32, 2, 21
2, 23072, 34943791, 34991777
1, 5772, 35543190, 35591493
33, 2, 21
2, 545076, 34991777, 36476176
1, 144204, 35591493, 37075976
34, 2, 21
2, 272538, 36476176, 37127694
1, 72104, 37075976, 37727546
35, 2, 21
2, 132664, 37127694, 37455454
1, 36054, 37727546, 38054584
36, 2, 21
2, 187460, 37455454, 38906487
1, 144204, 38054584, 39506410
37, 2, 21
2, 72100, 38906487, 39527606
1, 72104, 39506410, 40127519
38, 2, 21
2, 491722, 39527606, 40971142
1, 144204, 40127519, 41570935
39, 2, 21
2, 266770, 40971142, 41641003
1, 72104, 41570935, 42239276
40, 2, 21
2, 135548, 41641003, 41951954
1, 36054, 42239276, 42551716
41, 2, 21
2, 73542, 41951954, 42112551
1, 18750, 42551716, 42712335
42, 2, 21
2, 366268, 42112551, 43511334
1, 144204, 42712335, 44111155
43, 2, 21
2, 72100, 43511334, 44462291
1, 72104, 44111155, 45062076
44, 2, 21
2, 36050, 44462291, 44914497
1, 36054, 45062076, 45514195
45, 2, 21
2, 144200, 44914497, 46173885
1, 144204, 45514195, 46773629
46, 2, 21
2, 72100, 46173885, 46776695
1, 72104, 46773629, 47376353
47, 2, 21
2, 144200, 46776695, 48364956
1, 144204, 47376353, 48964786
48, 2, 21
2, 144200, 48364956, 50028846
1, 144204, 48964786, 50628672
49, 2, 21
2, 144200, 50028846, 51248534
1, 144204, 50628672, 51847789
50, 2, 21
2, 72100, 51248534, 51858893
1, 72104, 51847789, 52457961
51, 2, 21
2, 317240, 51858893, 53095459
1, 144204, 52457961, 53694802
52, 2, 21
2, 289842, 53095459, 53699728
1, 72104, 53694802, 54299215
53, 2, 21
2, 148526, 53699728, 54006774
1, 36054, 54299215, 54605625
54, 2, 21
2, 571032, 54006774, 55238758
1, 144204, 54605625, 55838409
55, 2, 21
2, 555170, 55238758, 56451422
1, 144204, 55838409, 57049929
56, 2, 21
2, 532098, 56451422, 57675467
1, 144204, 57049929, 58275228
57, 2, 21
2, 144200, 57675467, 58986335
1, 144204, 58275228, 59586381
58, 2, 21
2, 72100, 58986335, 59629911
1, 72104, 59586381, 60229891
59, 2, 21
2, 144200, 59629911, 60881607
1, 144204, 60229891, 61481432
60, 2, 21
2, 144200, 60881607, 62243468
1, 144204, 61481432, 62843508
61, 2, 21
2, 144200, 62243468, 63573248
1, 144204, 62843508, 64172936
