0, 2, 21
2, 102382, 4661363, 5671074
1, 102382, 5262966, 6274318
1, 2, 21
2, 111034, 5671074, 6675704
1, 111034, 6274318, 7279014
2, 2, 21
2, 111034, 6675704, 7676143
1, 111034, 7279014, 8279410
3, 2, 21
2, 111034, 7676143, 14791228
1, 111034, 8279410, 15394469
4, 2, 21
2, 113918, 14791228, 15802522
1, 113918, 15394469, 16405327
5, 2, 21
2, 136990, 15802522, 16804041
1, 111034, 16405327, 17406507
6, 1, 21
3, 141316, 16054790, 17056186
7, 1, 21
2, 236513, 16804041, 17804669
8, 1, 21
1, 112476, 17406507, 18415956
9, 1, 21
3, 135548, 17056186, 18059149
10, 1, 21
2, 278356, 17804669, 18808783
11, 1, 21
1, 129780, 18415956, 19422115
12, 1, 21
3, 149968, 18059149, 19066681
13, 1, 21
2, 408136, 18808783, 19813125
14, 1, 21
1, 259560, 19422115, 20426752
15, 1, 21
3, 118244, 19066681, 20074916
16, 1, 21
2, 312964, 19813125, 20813314
17, 1, 21
1, 204764, 20426752, 21434426
18, 1, 21
3, 141316, 20074916, 21081410
19, 1, 21
2, 386506, 20813314, 21814899
20, 1, 21
1, 261002, 21434426, 22442881
21, 1, 21
2, 207673, 21814899, 22818867
22, 1, 21
1, 207648, 22442881, 23449644
23, 1, 21
2, 224977, 22818867, 23820572
24, 1, 21
1, 226394, 23449644, 24451752
25, 1, 21
2, 265353, 23820572, 24820868
26, 1, 21
1, 266770, 24451752, 25457436
27, 1, 21
2, 271121, 24820868, 25820884
28, 1, 21
1, 271096, 25457436, 26462290
29, 1, 21
2, 262469, 25820884, 26821798
30, 1, 21
1, 263886, 26462290, 27465420
31, 1, 21
3, 1442, 21081410, 27017942
32, 1, 21
2, 291334, 26821798, 27830248
33, 1, 21
1, 256676, 27465420, 28470107
34, 1, 21
3, 134106, 27017942, 28031612
35, 1, 21
2, 380738, 27830248, 28832510
36, 1, 21
1, 245140, 28470107, 29475289
37, 1, 21
3, 147084, 28031612, 29037086
38, 1, 21
2, 380738, 28832510, 29835958
39, 1, 21
1, 232162, 29475289, 30482334
40, 1, 21
3, 149968, 29037086, 30045508
41, 1, 21
2, 265378, 29835958, 30838778
42, 1, 21
1, 119686, 30482334, 31492629
43, 1, 21
3, 147084, 30045508, 31050082
44, 1, 21
2, 265378, 30838778, 31842266
45, 1, 21
1, 118244, 31492629, 32494725
46, 2, 21
2, 155761, 31842266, 32944437
1, 79310, 32494725, 33546978
47, 2, 21
2, 66332, 32944437, 33947900
1, 66332, 33546978, 34550694
48, 1, 21
3, 99498, 31050082, 33970047
49, 2, 21
2, 232187, 33947900, 34948896
1, 98056, 34550694, 35551649
50, 1, 21
3, 250908, 33970047, 34971835
51, 1, 21
2, 323033, 34948896, 35951604
52, 1, 21
1, 87962, 35551649, 36558894
53, 1, 21
3, 325892, 34971835, 35973915
54, 1, 21
2, 444186, 35951604, 36951734
55, 1, 21
1, 115360, 36558894, 37564261
56, 1, 21
3, 302820, 35973915, 36975303
57, 2, 21
2, 294218, 36951734, 37965722
1, 109592, 37564261, 38568528
58, 2, 21
2, 96614, 37965722, 38972055
1, 96614, 38568528, 39575087
59, 1, 21
3, 2884, 36975303, 39200690
60, 1, 21
2, 164413, 38972055, 39972188
61, 1, 21
1, 102382, 39575087, 40579991
62, 1, 21
3, 292726, 39200690, 40200902
63, 1, 21
2, 400926, 39972188, 40974331
64, 1, 21
1, 108150, 40579991, 41590006
65, 1, 21
3, 302820, 40200902, 41204732
66, 1, 21
2, 412462, 40974331, 41977515
67, 1, 21
1, 111034, 41590006, 42595451
68, 1, 21
3, 320124, 41204732, 42208599
69, 1, 21
2, 372086, 41977515, 42983476
70, 1, 21
1, 111034, 42595451, 43599254
71, 1, 21
2, 89429, 42983476, 43994508
72, 1, 21
1, 89404, 43599254, 44609924
73, 1, 21
2, 77893, 43994508, 45004524
74, 1, 21
1, 77868, 44609924, 45620134
75, 1, 21
2, 115385, 45004524, 46013799
76, 1, 21
1, 115360, 45620134, 46629345
77, 1, 21
2, 118269, 46013799, 47020676
78, 1, 21
1, 118244, 46629345, 47643157
79, 1, 21
2, 87987, 47020676, 48032468
80, 1, 21
1, 87962, 47643157, 48646971
81, 2, 21
2, 80777, 48032468, 49046354
1, 79310, 48646971, 49649046
82, 2, 21
2, 93730, 49046354, 50049019
1, 93730, 49649046, 50651733
83, 2, 21
2, 119686, 50049019, 51060322
1, 119686, 50651733, 51663064
84, 2, 21
2, 118244, 51060322, 52068450
1, 118244, 51663064, 52670815
85, 1, 21
3, 2884, 42208599, 51962364
86, 2, 21
2, 288425, 52068450, 53069270
1, 116802, 52670815, 53672019
87, 1, 21
3, 343196, 51962364, 52965634
88, 1, 21
2, 483095, 53069270, 54071992
89, 1, 21
1, 119686, 53672019, 54680805
90, 1, 21
3, 356174, 52965634, 53967455
91, 1, 21
2, 461490, 54071992, 55074145
92, 1, 21
1, 116802, 54680805, 55685883
93, 1, 21
3, 347522, 53967455, 54969712
94, 1, 21
2, 464374, 55074145, 56075030
95, 1, 21
1, 119686, 55685883, 56688535
96, 1, 21
3, 337428, 54969712, 55970695
97, 1, 21
2, 447070, 56075030, 57075307
98, 1, 21
1, 118244, 56688535, 57690330
99, 1, 21
3, 341754, 55970695, 56974023
100, 2, 21
2, 291334, 57075307, 58089730
1, 115360, 57690330, 58690536
101, 2, 21
2, 111034, 58089730, 59090329
1, 111034, 58690536, 59693569
102, 2, 21
2, 113918, 59090329, 60098833
1, 113918, 59693569, 60702137
103, 2, 21
2, 115360, 60098833, 61101942
1, 115360, 60702137, 61705202
104, 2, 21
2, 106708, 61101942, 62110501
1, 106708, 61705202, 62713702
105, 2, 21
2, 106708, 62110501, 63113849
1, 106708, 62713702, 63717135
106, 2, 21
2, 112476, 63113849, 64124411
1, 112476, 63717135, 64727456
