0, 2, 21
2, 102382, 5547249, 6558759
1, 102382, 6088624, 7100202
1, 2, 21
2, 111034, 6558759, 7561277
1, 111034, 7100202, 8102763
2, 2, 21
2, 222068, 7561277, 15679718
1, 222068, 8102763, 16221117
3, 2, 21
2, 113918, 15679718, 16688692
1, 113918, 16221117, 17230303
4, 1, 21
2, 132664, 16688692, 17695005
5, 1, 21
1, 112476, 17230303, 18239745
6, 1, 21
3, 141316, 16998565, 18020590
7, 1, 21
2, 239422, 17695005, 18708703
8, 1, 21
3, 136990, 18020590, 19026424
9, 1, 21
1, 213416, 18239745, 20247485
10, 1, 21
2, 282682, 18708703, 19708880
11, 1, 21
4, 144200, 18412777, 19414372
12, 1, 21
3, 149968, 19026424, 20033882
13, 1, 21
2, 399484, 19708880, 20711640
14, 1, 21
1, 111034, 20247485, 21254864
15, 1, 21
4, 109592, 19414372, 20415144
16, 1, 21
3, 118244, 20033882, 21041907
17, 1, 21
2, 311547, 20711640, 21714283
18, 1, 21
1, 98056, 21254864, 22307793
19, 1, 21
4, 134106, 20415144, 21422906
20, 1, 21
2, 377854, 21714283, 22718148
21, 1, 21
1, 113918, 22307793, 23309719
22, 1, 21
4, 129780, 21422906, 22426263
23, 1, 21
2, 207698, 22718148, 23724458
24, 1, 21
1, 86520, 23309719, 24326567
25, 1, 21
4, 113918, 22426263, 23427011
26, 1, 21
1, 98056, 24326567, 25334695
27, 1, 21
4, 145642, 23427011, 24427871
28, 1, 21
2, 484612, 23724458, 25726216
29, 1, 21
1, 116802, 25334695, 26344061
30, 1, 21
4, 154294, 24427871, 25428051
31, 1, 21
2, 271146, 25726216, 26728633
32, 1, 21
4, 147084, 25428051, 26429223
33, 1, 21
1, 232162, 26344061, 28349965
34, 1, 21
3, 141316, 21041907, 27968959
35, 1, 21
2, 559571, 26728633, 28751365
36, 1, 21
4, 279748, 26429223, 28432381
37, 1, 21
3, 134106, 27968959, 28978242
38, 1, 21
2, 372086, 28751365, 29751503
39, 1, 21
3, 148526, 28978242, 29985270
40, 1, 21
2, 405227, 29751503, 30752604
41, 1, 21
1, 337428, 28349965, 31376085
42, 1, 21
2, 266795, 30752604, 31756741
43, 1, 21
1, 237930, 31376085, 33387047
44, 2, 21
2, 418205, 31756741, 33861140
1, 74984, 33387047, 34402528
45, 1, 21
2, 66332, 33861140, 34863232
46, 1, 21
3, 395108, 29985270, 34899669
47, 2, 21
2, 237955, 34863232, 35864467
1, 164388, 34402528, 36405737
48, 1, 21
3, 250908, 34899669, 35901932
49, 1, 21
2, 321591, 35864467, 36869248
50, 1, 21
3, 325892, 35901932, 36902268
51, 1, 21
2, 442719, 36869248, 37872012
52, 1, 21
1, 203322, 36405737, 38418083
53, 1, 21
3, 302820, 36902268, 37903518
54, 1, 21
2, 288450, 37872012, 38880237
55, 2, 21
2, 96614, 38880237, 39888287
1, 206206, 38418083, 40428508
56, 1, 21
3, 2884, 37903518, 40128966
57, 1, 21
2, 171623, 39888287, 40892200
58, 1, 21
3, 294168, 40128966, 41130930
59, 1, 21
1, 209090, 40428508, 42430675
60, 1, 21
2, 402368, 40892200, 41894392
61, 1, 21
3, 621502, 41130930, 43133823
62, 1, 21
2, 775821, 41894392, 43897893
63, 1, 21
2, 89404, 43897893, 44908946
64, 1, 21
1, 312914, 42430675, 45462932
65, 1, 21
1, 77868, 45462932, 46473096
66, 1, 21
2, 191836, 44908946, 46915756
67, 1, 21
1, 115360, 46473096, 47481695
68, 1, 21
2, 118269, 46915756, 47920158
69, 1, 21
1, 204764, 47481695, 49485443
70, 1, 21
1, 173040, 49485443, 51489455
71, 1, 21
1, 119686, 51489455, 52500139
72, 1, 21
1, 118244, 52500139, 53506559
73, 1, 21
3, 2884, 43133823, 52887753
74, 1, 21
2, 794667, 47920158, 53979983
75, 1, 21
3, 343196, 52887753, 53890621
76, 1, 21
2, 483095, 53979983, 54983699
77, 1, 21
2, 462882, 54983699, 55987172
78, 1, 21
2, 912786, 55987172, 57987472
79, 1, 21
2, 284074, 57987472, 58998763
80, 1, 21
2, 111034, 58998763, 60001877
81, 1, 21
2, 227836, 60001877, 62002202
82, 1, 21
1, 1149274, 53506559, 63512574
