0, 2, 21
2, 72100, 5500414, 6246499
1, 72104, 6053077, 6798698
1, 2, 21
2, 144200, 6246499, 7538196
1, 144204, 6798698, 8090722
2, 2, 21
2, 144200, 7538196, 8824568
1, 144204, 8090722, 9377179
3, 2, 21
2, 217742, 8824568, 16885678
1, 217746, 9377179, 17438196
4, 2, 21
2, 83636, 16885678, 17543060
1, 72104, 17438196, 18095470
5, 2, 21
2, 80752, 17543060, 17855314
1, 36054, 18095470, 18407972
6, 2, 21
2, 41818, 17855314, 18016291
1, 18750, 18407972, 18568238
7, 2, 21
2, 23072, 18016291, 18103852
1, 10098, 18568238, 18655974
8, 2, 21
2, 333102, 18103852, 19505769
1, 144204, 18655974, 20058422
9, 2, 21
2, 269654, 19505769, 20170935
1, 72104, 20058422, 20723525
10, 2, 21
2, 131222, 20170935, 20492655
1, 36054, 20723525, 21045256
11, 2, 21
2, 67774, 20492655, 20661402
1, 18750, 21045256, 21213946
12, 2, 21
2, 494606, 20661402, 22112393
1, 144204, 21213946, 22664878
13, 2, 21
2, 227836, 22112393, 22756302
1, 72104, 22664878, 23308749
14, 2, 21
2, 96614, 22756302, 23197935
1, 36054, 23308749, 23750528
15, 2, 21
2, 41818, 23197935, 23370804
1, 18750, 23750528, 23923403
16, 2, 21
2, 12978, 23370804, 23466545
1, 10098, 23923403, 24019151
17, 2, 21
2, 344638, 23466545, 24976210
1, 144204, 24019151, 25528471
18, 2, 21
2, 330218, 24976210, 26197228
1, 144204, 25528471, 26748715
19, 2, 21
2, 160062, 26197228, 26814351
1, 72104, 26748715, 27366568
20, 2, 21
2, 315798, 26814351, 28057244
1, 144204, 27366568, 28609556
21, 2, 21
2, 435484, 28057244, 29392209
1, 144204, 28609556, 29944272
22, 2, 21
2, 263886, 29392209, 30061899
1, 72104, 29944272, 30614135
23, 2, 21
2, 126896, 30061899, 30373552
1, 36054, 30614135, 30925619
24, 2, 21
2, 367710, 30373552, 31591027
1, 144204, 30925619, 32143366
25, 2, 21
2, 162946, 31591027, 32203069
1, 72104, 32143366, 32755130
26, 2, 21
2, 80752, 32203069, 32508622
1, 36054, 32755130, 33060665
27, 2, 21
2, 245140, 32508622, 34368184
1, 144204, 33060665, 34920540
28, 2, 21
2, 72100, 34368184, 35318080
1, 72104, 34920540, 35868875
29, 2, 21
2, 96614, 35318080, 35623517
1, 36054, 35868875, 36175375
30, 2, 21
2, 79310, 35623517, 35795514
1, 18750, 36175375, 36346885
31, 2, 21
2, 41818, 35795514, 35884229
1, 10098, 36346885, 36435861
32, 2, 21
2, 15862, 35884229, 35933740
1, 5772, 36435861, 36485877
33, 2, 21
2, 550844, 35933740, 37419967
1, 144204, 36485877, 37971560
34, 2, 21
2, 263886, 37419967, 38071560
1, 72104, 37971560, 38623494
35, 2, 21
2, 138432, 38071560, 38397943
1, 36054, 38623494, 38950241
36, 2, 21
2, 160062, 38397943, 39847850
1, 144204, 38950241, 40399945
37, 2, 21
2, 72100, 39847850, 40469157
1, 72104, 40399945, 41021255
38, 2, 21
2, 523446, 40469157, 41912909
1, 144204, 41021255, 42464841
39, 2, 21
2, 263886, 41912909, 42581805
1, 72104, 42464841, 43133214
40, 2, 21
2, 135548, 42581805, 42893488
1, 36054, 43133214, 43445737
41, 2, 21
2, 72100, 42893488, 43054655
1, 18750, 43445737, 43606547
42, 2, 21
2, 335986, 43054655, 44452703
1, 144204, 43606547, 45005054
43, 2, 21
2, 72100, 44452703, 45403611
1, 72104, 45005054, 45955989
44, 2, 21
2, 36050, 45403611, 45855782
1, 36054, 45955989, 46408079
45, 2, 21
2, 144200, 45855782, 47115175
1, 144204, 46408079, 47667571
46, 2, 21
2, 72100, 47115175, 47717941
1, 72104, 47667571, 48270250
47, 2, 21
2, 144200, 47717941, 49306364
1, 144204, 48270250, 49858689
48, 2, 21
2, 144200, 49306364, 50970267
1, 144204, 49858689, 51522621
49, 2, 21
2, 144200, 50970267, 52189439
1, 144204, 51522621, 52741772
50, 2, 21
2, 72100, 52189439, 52799650
1, 72104, 52741772, 53351732
51, 2, 21
2, 344638, 52799650, 54038044
1, 144204, 53351732, 54589099
52, 2, 21
2, 294168, 54038044, 54641330
1, 72104, 54589099, 55193180
53, 2, 21
2, 149968, 54641330, 54947634
1, 36054, 55193180, 55499834
54, 2, 21
2, 569590, 54947634, 56180026
1, 144204, 55499834, 56732323
55, 2, 21
2, 555170, 56180026, 57391358
1, 144204, 56732323, 57943735
56, 2, 21
2, 500374, 57391358, 58617018
1, 144204, 57943735, 59168711
57, 2, 21
2, 144200, 58617018, 59923418
1, 144204, 59168711, 60476017
58, 2, 21
2, 72100, 59923418, 60566870
1, 72104, 60476017, 61119472
59, 2, 21
2, 144200, 60566870, 61818580
1, 144204, 61119472, 62371189
60, 2, 21
2, 144200, 61818580, 63192518
1, 144204, 62371189, 63745085
61, 2, 21
2, 144200, 63192518, 64522425
1, 144204, 63745085, 65074510
