0, 2, 21
2, 102382, 5598888, 6609757
1, 102382, 6041572, 7052012
1, 2, 21
2, 109592, 6609757, 7610213
1, 109592, 7052012, 8052710
2, 2, 21
2, 111034, 7610213, 8615112
1, 111034, 8052710, 9057424
3, 2, 21
2, 112476, 8615112, 15743290
1, 112476, 9057424, 16185437
4, 2, 21
2, 113918, 15743290, 16753352
1, 113918, 16185437, 17195809
5, 2, 21
2, 132664, 16753352, 17756830
1, 109592, 17195809, 18199314
6, 1, 21
3, 141316, 17060244, 18062669
7, 1, 21
2, 240839, 17756830, 18764759
8, 1, 21
1, 113918, 18199314, 19216901
9, 1, 21
3, 138432, 18062669, 19069558
10, 1, 21
2, 282682, 18764759, 19764871
11, 1, 21
1, 100940, 19216901, 20225979
12, 1, 21
4, 151410, 18470760, 19479760
13, 1, 21
3, 149968, 19069558, 20076612
14, 1, 21
2, 405277, 19764871, 20771028
15, 1, 21
1, 106708, 20225979, 21226181
16, 1, 21
4, 115360, 19479760, 20480682
17, 1, 21
3, 116802, 20076612, 21077172
18, 1, 21
2, 312989, 20771028, 21773478
19, 1, 21
1, 96614, 21226181, 22237631
20, 1, 21
4, 142758, 20480682, 21487522
21, 1, 21
2, 383622, 21773478, 22778229
22, 1, 21
1, 106708, 22237631, 23238955
23, 1, 21
4, 122570, 21487522, 22521679
24, 1, 21
2, 206256, 22778229, 23781518
25, 1, 21
1, 95172, 23238955, 24251959
26, 1, 21
4, 122570, 22521679, 23522299
27, 1, 21
2, 217792, 23781518, 24788822
28, 1, 21
1, 87962, 24251959, 25254034
29, 1, 21
4, 147084, 23522299, 24524076
30, 1, 21
2, 259610, 24788822, 25788996
31, 1, 21
1, 112476, 25254034, 26259477
32, 1, 21
4, 152852, 24524076, 25527642
33, 1, 21
2, 268262, 25788996, 26792041
34, 1, 21
1, 116802, 26259477, 27260655
35, 1, 21
4, 144200, 25527642, 26533504
36, 1, 21
2, 256726, 26792041, 27793551
37, 1, 21
1, 112476, 27260655, 28261768
38, 1, 21
3, 141316, 21077172, 28004031
39, 1, 21
4, 144200, 26533504, 27534615
40, 1, 21
2, 291359, 27793551, 28795338
41, 1, 21
1, 113918, 28261768, 29268807
42, 1, 21
3, 134106, 28004031, 29021711
43, 1, 21
4, 132664, 27534615, 28537789
44, 1, 21
2, 374995, 28795338, 29798316
45, 1, 21
1, 106708, 29268807, 30279501
46, 1, 21
3, 147084, 29021711, 30030618
47, 1, 21
4, 145642, 28537789, 29539837
48, 1, 21
2, 382205, 29798316, 30800121
49, 1, 21
1, 105266, 30279501, 31285142
50, 1, 21
3, 149968, 30030618, 31039172
51, 1, 21
2, 266820, 30800121, 31802008
52, 1, 21
1, 119686, 31285142, 32293657
53, 1, 21
3, 148526, 31039172, 32044111
54, 1, 21
2, 265378, 31802008, 32807278
55, 1, 21
1, 118244, 32293657, 33298867
56, 2, 21
2, 177391, 32807278, 33888249
1, 103824, 33298867, 34329223
57, 2, 21
2, 54796, 33888249, 34889277
1, 54796, 34329223, 35330720
58, 1, 21
3, 98056, 32044111, 34953180
59, 1, 21
2, 219209, 34889277, 35890485
60, 1, 21
1, 85078, 35330720, 36339733
61, 1, 21
3, 250908, 34953180, 35955062
62, 1, 21
2, 333152, 35890485, 36892296
63, 1, 21
1, 99498, 36339733, 37411182
64, 1, 21
3, 325892, 35955062, 36955753
65, 1, 21
2, 434092, 36892296, 37892805
66, 1, 21
1, 111034, 37411182, 38412070
67, 1, 21
3, 302820, 36955753, 37957748
68, 1, 21
2, 295660, 37892805, 38904644
69, 1, 21
1, 112476, 38412070, 39421293
70, 1, 21
2, 95197, 38904644, 39911683
71, 1, 21
1, 93730, 39421293, 40428820
72, 1, 21
3, 2884, 37957748, 40183160
73, 1, 21
2, 174532, 39911683, 40912568
74, 1, 21
1, 112476, 40428820, 41438750
75, 1, 21
3, 294168, 40183160, 41186600
76, 1, 21
2, 389390, 40912568, 41916481
77, 1, 21
1, 98056, 41438750, 42450424
78, 1, 21
3, 301378, 41186600, 42187417
79, 1, 21
2, 412462, 41916481, 42918933
80, 1, 21
1, 111034, 42450424, 43455113
81, 1, 21
3, 320124, 42187417, 43190716
82, 1, 21
2, 374970, 42918933, 43924428
83, 1, 21
1, 112476, 43455113, 44464648
84, 1, 21
2, 96639, 43924428, 44931989
85, 1, 21
1, 98056, 44464648, 45474384
86, 1, 21
2, 77893, 44931989, 45943608
87, 1, 21
1, 74984, 45474384, 46474923
88, 1, 21
2, 103849, 45943608, 46950021
89, 1, 21
1, 106708, 46474923, 47478917
90, 1, 21
2, 118269, 46950021, 47956342
91, 1, 21
1, 118244, 47478917, 48483723
92, 1, 21
2, 98081, 47956342, 48993614
93, 1, 21
1, 92288, 48483723, 49491408
94, 1, 21
2, 82219, 48993614, 49994651
95, 1, 21
1, 82194, 49491408, 50493165
96, 1, 21
2, 83661, 49994651, 51000337
97, 1, 21
1, 86520, 50493165, 51503723
98, 1, 21
2, 119711, 51000337, 52010026
99, 1, 21
1, 119686, 51503723, 52513736
100, 1, 21
2, 118269, 52010026, 53012969
101, 1, 21
1, 118244, 52513736, 53516507
102, 1, 21
3, 2884, 43190716, 52944516
103, 1, 21
2, 289892, 53012969, 54015968
104, 1, 21
1, 116802, 53516507, 54521147
105, 1, 21
3, 341754, 52944516, 53945236
106, 1, 21
2, 483120, 54015968, 55019543
107, 1, 21
1, 118244, 54521147, 55521211
108, 1, 21
3, 356174, 53945236, 54948076
109, 1, 21
2, 461490, 55019543, 56022246
110, 1, 21
1, 118244, 55521211, 56528172
111, 1, 21
3, 347522, 54948076, 55950846
112, 1, 21
2, 462932, 56022246, 57024934
113, 1, 21
1, 118244, 56528172, 57529357
114, 1, 21
3, 337428, 55950846, 56954601
115, 1, 21
2, 447070, 57024934, 58027000
116, 1, 21
1, 118244, 57529357, 58533375
117, 1, 21
3, 340312, 56954601, 57955141
118, 1, 21
2, 291334, 58027000, 59033880
119, 1, 21
1, 118244, 58533375, 59544253
120, 1, 21
2, 109617, 59033880, 60034625
121, 1, 21
1, 111034, 59544253, 60554086
122, 1, 21
2, 113943, 60034625, 61045090
123, 1, 21
1, 113918, 60554086, 61563961
124, 1, 21
2, 116827, 61045090, 62055401
125, 1, 21
1, 116802, 61563961, 62575744
126, 1, 21
2, 108175, 62055401, 63060312
127, 1, 21
1, 106708, 62575744, 63575827
128, 1, 21
2, 105291, 63060312, 64060314
129, 1, 21
1, 106708, 63575827, 64580771
130, 1, 21
2, 111059, 64060314, 65060691
131, 1, 21
1, 111034, 64580771, 65582017
132, 1, 21
2, 111059, 65060691, 66072784
133, 1, 21
1, 111034, 65582017, 66589564
