0, 2, 21
2, 46144, 5587267, 6096978
1, 46144, 6140890, 6652172
1, 2, 21
2, 47586, 6096978, 6598754
1, 47586, 6652172, 7154185
2, 2, 21
2, 57680, 6598754, 7110668
1, 57680, 7154185, 7665284
3, 2, 21
2, 54796, 7110668, 7611875
1, 54796, 7665284, 8167298
4, 2, 21
2, 82194, 7611875, 8367560
1, 82194, 8167298, 8922806
5, 2, 21
2, 57680, 8367560, 8879845
1, 57680, 8922806, 9435252
6, 2, 21
2, 89404, 8879845, 15809854
1, 89404, 9435252, 16365102
7, 2, 21
2, 54796, 15809854, 16317009
1, 54796, 16365102, 16872396
8, 2, 21
2, 87962, 16317009, 17072810
1, 87962, 16872396, 17628098
9, 1, 21
2, 126896, 17072810, 17844204
10, 1, 21
3, 77868, 16998163, 17505849
11, 1, 21
2, 132689, 17844204, 18348739
12, 1, 21
3, 64890, 17505849, 18069135
13, 1, 21
2, 100965, 18348739, 18852338
14, 1, 21
1, 196112, 17628098, 19446588
15, 1, 21
3, 69216, 18069135, 18574487
16, 1, 21
2, 125504, 18852338, 19352732
17, 1, 21
3, 79310, 18574487, 19082284
18, 1, 21
1, 79310, 19446588, 20205927
19, 1, 21
2, 175974, 19352732, 19857762
20, 1, 21
4, 74984, 18455524, 18961195
21, 1, 21
3, 73542, 19082284, 19587154
22, 1, 21
2, 201930, 19857762, 20360402
23, 1, 21
4, 79310, 18961195, 19465521
24, 1, 21
3, 76426, 19587154, 20095569
25, 1, 21
4, 64890, 19465521, 19976863
26, 1, 21
2, 288475, 20360402, 21116719
27, 1, 21
3, 62006, 20095569, 20598185
28, 1, 21
1, 188902, 20205927, 21991231
29, 1, 21
2, 138482, 21116719, 21618315
30, 1, 21
4, 49028, 19976863, 20510158
31, 1, 21
3, 47586, 20598185, 21100162
32, 1, 21
1, 41818, 21991231, 22502826
33, 1, 21
2, 194745, 21618315, 22123131
34, 1, 21
4, 76426, 20510158, 21016131
35, 1, 21
3, 74984, 21100162, 21603121
36, 1, 21
1, 56238, 22502826, 23009926
37, 1, 21
2, 197629, 22123131, 22624679
38, 1, 21
4, 74984, 21016131, 21524006
39, 1, 21
2, 116827, 22624679, 23131632
40, 1, 21
4, 59122, 21524006, 22028720
41, 1, 21
1, 76426, 23009926, 23778539
42, 1, 21
2, 102432, 23131632, 23639371
43, 1, 21
1, 51912, 23778539, 24283167
44, 1, 21
4, 86520, 22028720, 22780940
45, 1, 21
2, 93780, 23639371, 24140203
46, 1, 21
4, 62006, 22780940, 23287858
47, 1, 21
1, 103824, 24283167, 25416395
48, 1, 21
2, 178858, 24140203, 24880223
49, 1, 21
4, 70658, 23287858, 23795847
50, 1, 21
1, 59122, 25416395, 25924936
51, 1, 21
2, 194720, 24880223, 25630652
52, 1, 21
4, 165830, 23795847, 24929731
53, 1, 21
1, 132664, 25924936, 27051720
54, 1, 21
3, 62006, 21603121, 27949031
55, 1, 21
2, 894115, 25630652, 28896326
56, 1, 21
4, 435484, 24929731, 28087595
57, 1, 21
3, 100940, 27949031, 28707152
58, 1, 21
1, 346080, 27051720, 30096005
59, 1, 21
2, 285591, 28896326, 29648558
60, 1, 21
4, 72100, 28087595, 28595175
61, 1, 21
3, 72100, 28707152, 29215963
62, 1, 21
1, 56238, 30096005, 30607203
63, 1, 21
4, 111034, 28595175, 29349196
64, 1, 21
3, 108150, 29215963, 29967721
65, 1, 21
1, 87962, 30607203, 31369017
66, 1, 21
2, 627420, 29648558, 31406417
67, 1, 21
2, 200438, 31406417, 32157628
68, 1, 21
3, 364826, 29967721, 32493270
69, 1, 21
2, 295635, 32157628, 33422425
70, 1, 21
1, 318682, 31369017, 34150469
71, 1, 21
2, 27423, 33422425, 33967405
72, 1, 21
1, 18746, 34150469, 34668224
73, 1, 21
1, 36050, 34668224, 35203652
74, 1, 21
2, 51962, 33967405, 34725190
75, 1, 21
1, 51912, 35203652, 35959579
76, 1, 21
3, 31724, 32493270, 34888488
77, 1, 21
2, 69266, 34725190, 35490693
78, 1, 21
1, 56238, 35959579, 36472251
79, 1, 21
2, 206231, 35490693, 35992551
80, 1, 21
3, 164388, 34888488, 35456496
81, 1, 21
1, 51912, 36472251, 36984131
82, 1, 21
2, 142808, 35992551, 36492783
83, 1, 21
3, 96614, 35456496, 35974251
84, 1, 21
1, 37492, 36984131, 37492541
85, 1, 21
2, 196162, 36492783, 36996980
86, 1, 21
3, 168714, 35974251, 36475659
87, 1, 21
2, 223535, 36996980, 37500566
88, 1, 21
1, 87962, 37492541, 38246296
89, 1, 21
3, 236488, 36475659, 37229349
90, 1, 21
2, 209140, 37500566, 38001082
91, 1, 21
1, 56238, 38246296, 38757265
92, 1, 21
3, 147084, 37229349, 37730428
93, 1, 21
2, 197604, 38001082, 38501123
94, 1, 21
2, 59122, 38501123, 39022651
95, 1, 21
2, 49028, 39022651, 39524252
96, 1, 21
1, 154294, 38757265, 40309625
97, 1, 21
1, 56238, 40309625, 40816993
98, 1, 21
2, 75034, 39524252, 40275377
99, 1, 21
3, 69216, 37730428, 40168438
100, 1, 21
2, 154319, 40275377, 41049848
101, 1, 21
1, 77868, 40816993, 41611992
102, 1, 21
2, 203347, 41049848, 41552093
103, 1, 21
1, 49028, 41611992, 42115340
104, 1, 21
3, 288400, 40168438, 41174108
105, 1, 21
1, 59122, 42115340, 42621637
106, 1, 21
2, 321641, 41552093, 42310440
107, 1, 21
3, 220626, 41174108, 41925993
108, 1, 21
1, 59122, 42621637, 43127626
109, 1, 21
2, 196162, 42310440, 42811603
110, 1, 21
3, 158620, 41925993, 42428818
111, 1, 21
1, 51912, 43127626, 43628333
112, 1, 21
2, 220676, 42811603, 43311612
113, 1, 21
3, 160062, 42428818, 42934618
114, 1, 21
1, 57680, 43628333, 44133375
115, 1, 21
2, 227886, 43311612, 44064675
116, 1, 21
1, 74984, 44133375, 44878745
117, 1, 21
2, 46169, 44064675, 44567191
118, 2, 21
2, 43260, 44567191, 45076604
1, 66332, 44878745, 45632054
119, 1, 21
1, 40376, 45632054, 46160467
120, 1, 21
1, 67774, 46160467, 46910957
121, 1, 21
1, 57680, 46910957, 47418187
122, 1, 21
1, 87962, 47418187, 48172485
123, 1, 21
1, 86520, 48172485, 48950973
124, 1, 21
2, 363509, 45076604, 48654593
125, 1, 21
1, 38934, 48950973, 49456499
126, 2, 21
2, 63473, 48654593, 49407136
1, 47586, 49456499, 49961988
127, 1, 21
1, 36050, 49961988, 50470343
128, 1, 21
1, 46144, 50470343, 51025606
129, 1, 21
2, 154344, 49407136, 51196788
130, 1, 21
1, 74984, 51025606, 51776556
131, 1, 21
2, 60589, 51196788, 51707793
132, 1, 21
1, 60564, 51776556, 52287799
133, 1, 21
2, 89429, 51707793, 52468931
134, 1, 21
1, 132664, 52287799, 53414510
135, 1, 21
3, 90846, 42934618, 52968895
136, 1, 21
2, 207698, 52468931, 53719852
137, 1, 21
3, 144200, 52968895, 53469449
138, 1, 21
2, 199021, 53719852, 54220749
139, 1, 21
3, 171598, 53469449, 53970291
140, 1, 21
2, 240839, 54220749, 54722080
141, 1, 21
2, 233604, 54722080, 55223321
142, 1, 21
3, 263886, 53970291, 54722729
143, 1, 21
2, 227861, 55223321, 55723942
144, 1, 21
2, 343196, 55723942, 56475263
145, 1, 21
2, 1052660, 56475263, 59245539
146, 1, 21
2, 82194, 59245539, 60003017
147, 1, 21
1, 1136296, 53414510, 63424917
148, 1, 21
1, 297052, 63424917, 66225103
149, 1, 21
2, 637414, 60003017, 65838276
