0, 2, 21
2, 72100, 5528952, 6276677
1, 72104, 6083769, 6831696
1, 2, 21
2, 144200, 6276677, 7579118
1, 144204, 6831696, 8133958
2, 2, 21
2, 144200, 7579118, 8896882
1, 144204, 8133958, 9451828
3, 2, 21
2, 217742, 8896882, 16963633
1, 217746, 9451828, 17518685
4, 2, 21
2, 82194, 16963633, 17623389
1, 72104, 17518685, 18178003
5, 2, 21
2, 82194, 17623389, 17934510
1, 36054, 18178003, 18489487
6, 2, 21
2, 43260, 17934510, 18095244
1, 18750, 18489487, 18650209
7, 2, 21
2, 23072, 18095244, 18183317
1, 10098, 18650209, 18738230
8, 2, 21
2, 340312, 18183317, 19588164
1, 144204, 18738230, 20142729
9, 2, 21
2, 268212, 19588164, 20254714
1, 72104, 20142729, 20808768
10, 2, 21
2, 135548, 20254714, 20578862
1, 36054, 20808768, 21133414
11, 2, 21
2, 69216, 20578862, 20748105
1, 18750, 21133414, 21303068
12, 2, 21
2, 497490, 20748105, 22208400
1, 144204, 21303068, 22762180
13, 2, 21
2, 213416, 22208400, 22863261
1, 72104, 22762180, 23417875
14, 2, 21
2, 96614, 22863261, 23305378
1, 36054, 23417875, 23859679
15, 2, 21
2, 41818, 23305378, 23478057
1, 18750, 23859679, 24032578
16, 2, 21
2, 12978, 23478057, 23573996
1, 10098, 24032578, 24128404
17, 2, 21
2, 340312, 23573996, 25060635
1, 144204, 24128404, 25614450
18, 2, 21
2, 330218, 25060635, 26294577
1, 144204, 25614450, 26846119
19, 2, 21
2, 165830, 26294577, 26920078
1, 72104, 26846119, 27473673
20, 2, 21
2, 320124, 26920078, 28165547
1, 144204, 27473673, 28719911
21, 2, 21
2, 444136, 28165547, 29473351
1, 144204, 28719911, 30027788
22, 2, 21
2, 256676, 29473351, 30117094
1, 72104, 30027788, 30670874
23, 2, 21
2, 124012, 30117094, 30425140
1, 36054, 30670874, 30979370
24, 2, 21
2, 367710, 30425140, 31645795
1, 144204, 30979370, 32199965
25, 2, 21
2, 162946, 31645795, 32266318
1, 72104, 32199965, 32820242
26, 2, 21
2, 83636, 32266318, 32577140
1, 36054, 32820242, 33131903
27, 2, 21
2, 237930, 32577140, 34443137
1, 144204, 33131903, 34996861
28, 2, 21
2, 72100, 34443137, 35392556
1, 72104, 34996861, 35947253
29, 2, 21
2, 111034, 35392556, 35699126
1, 36054, 35947253, 36253842
30, 2, 21
2, 82194, 35699126, 35869642
1, 18750, 36253842, 36423841
31, 2, 21
2, 34608, 35869642, 35954711
1, 10098, 36423841, 36509359
32, 2, 21
2, 7210, 35954711, 36002973
1, 5772, 36509359, 36557557
33, 2, 21
2, 562380, 36002973, 37490207
1, 144204, 36557557, 38043649
34, 2, 21
2, 261002, 37490207, 38142755
1, 72104, 38043649, 38697054
35, 2, 21
2, 141316, 38142755, 38469953
1, 36054, 38697054, 39023565
36, 2, 21
2, 149968, 38469953, 39922407
1, 144204, 39023565, 40476346
37, 2, 21
2, 72100, 39922407, 40545556
1, 72104, 40476346, 41099899
38, 2, 21
2, 530656, 40545556, 41991229
1, 144204, 41099899, 42545813
39, 2, 21
2, 266770, 41991229, 42660935
1, 72104, 42545813, 43215049
40, 2, 21
2, 134106, 42660935, 42973823
1, 36054, 43215049, 43527902
41, 2, 21
2, 72100, 42973823, 43134942
1, 18750, 43527902, 43689110
42, 2, 21
2, 328776, 43134942, 44536510
1, 144204, 43689110, 45089953
43, 2, 21
2, 72100, 44536510, 45488122
1, 72104, 45089953, 46042633
44, 2, 21
2, 36050, 45488122, 45942229
1, 36054, 46042633, 46495886
45, 2, 21
2, 144200, 45942229, 47202857
1, 144204, 46495886, 47757595
46, 2, 21
2, 72100, 47202857, 47806348
1, 72104, 47757595, 48361083
47, 2, 21
2, 144200, 47806348, 49397291
1, 144204, 48361083, 49951865
48, 2, 21
2, 144200, 49397291, 51063353
1, 144204, 49951865, 51618139
49, 2, 21
2, 144200, 51063353, 52282746
1, 144204, 51618139, 52837535
50, 2, 21
2, 72100, 52282746, 52893023
1, 72104, 52837535, 53447652
51, 2, 21
2, 359058, 52893023, 54131558
1, 144204, 53447652, 54685092
52, 2, 21
2, 294168, 54131558, 54735464
1, 72104, 54685092, 55290143
53, 2, 21
2, 147084, 54735464, 55042106
1, 36054, 55290143, 55596671
54, 2, 21
2, 571032, 55042106, 56275404
1, 144204, 55596671, 56830013
55, 2, 21
2, 556612, 56275404, 57495348
1, 144204, 56830013, 58049828
56, 2, 21
2, 485954, 57495348, 58720316
1, 144204, 58049828, 59275171
57, 2, 21
2, 144200, 58720316, 60029662
1, 144204, 59275171, 60584300
58, 2, 21
2, 72100, 60029662, 60674300
1, 72104, 60584300, 61229028
59, 2, 21
2, 144200, 60674300, 61928075
1, 144204, 61229028, 62482348
60, 2, 21
2, 144200, 61928075, 63291178
1, 144204, 62482348, 63846091
61, 2, 21
2, 144200, 63291178, 64622560
1, 144204, 63846091, 65177250
