0, 2, 21
2, 54796, 5586196, 6146807
1, 54796, 6135802, 6696204
1, 2, 21
2, 53354, 6146807, 6651630
1, 53354, 6696204, 7201080
2, 2, 21
2, 56238, 6651630, 7152467
1, 56238, 7201080, 7701995
3, 2, 21
2, 50470, 7152467, 7662758
1, 50470, 7701995, 8212060
4, 2, 21
2, 56238, 7662758, 8174665
1, 56238, 8212060, 8723611
5, 2, 21
2, 56238, 8174665, 8682246
1, 56238, 8723611, 9231719
6, 2, 21
2, 57680, 8682246, 9196394
1, 57680, 9231719, 9745966
7, 2, 21
2, 50470, 9196394, 15773243
1, 50470, 9745966, 16322409
8, 2, 21
2, 54796, 15773243, 16281689
1, 54796, 16322409, 16831146
9, 2, 21
2, 59122, 16281689, 16786432
1, 59122, 16831146, 17335848
10, 2, 21
2, 57680, 16786432, 17300467
1, 57680, 17335848, 17850115
11, 2, 21
2, 87962, 17300467, 17802585
1, 54796, 17850115, 18352128
12, 1, 21
3, 77868, 17022385, 17529367
13, 1, 21
2, 132689, 17802585, 18308943
14, 1, 21
1, 59122, 18352128, 18860120
15, 1, 21
3, 64890, 17529367, 18092960
16, 1, 21
2, 105316, 18308943, 18822341
17, 1, 21
1, 53354, 18860120, 19412351
18, 1, 21
3, 69216, 18092960, 18600014
19, 1, 21
2, 125504, 18822341, 19332115
20, 1, 21
1, 51912, 19412351, 19923126
21, 1, 21
3, 77868, 18600014, 19101262
22, 1, 21
2, 168764, 19332115, 19832392
23, 1, 21
1, 56238, 19923126, 20430350
24, 1, 21
4, 74984, 18475634, 18983882
25, 1, 21
3, 73542, 19101262, 19606201
26, 1, 21
2, 199071, 19832392, 20334200
27, 1, 21
1, 53354, 20430350, 20934152
28, 1, 21
4, 79310, 18983882, 19490837
29, 1, 21
3, 76426, 19606201, 20114257
30, 1, 21
2, 209165, 20334200, 20838402
31, 1, 21
1, 54796, 20934152, 21435773
32, 1, 21
4, 64890, 19490837, 20002010
33, 1, 21
3, 62006, 20114257, 20620008
34, 1, 21
2, 147159, 20838402, 21341342
35, 1, 21
1, 51912, 21435773, 21946623
36, 1, 21
4, 49028, 20002010, 20524963
37, 1, 21
3, 47586, 20620008, 21138292
38, 1, 21
2, 164463, 21341342, 21844873
39, 1, 21
1, 41818, 21946623, 22455531
40, 1, 21
4, 76426, 20524963, 21025713
41, 1, 21
3, 70658, 21138292, 21642588
42, 1, 21
2, 200513, 21844873, 22348729
43, 1, 21
1, 57680, 22455531, 22956819
44, 1, 21
4, 74984, 21025713, 21532369
45, 1, 21
2, 174532, 22348729, 22859546
46, 1, 21
1, 56238, 22956819, 23458077
47, 1, 21
4, 59122, 21532369, 22036985
48, 1, 21
2, 108200, 22859546, 23361081
49, 1, 21
1, 43260, 23458077, 23968471
50, 1, 21
4, 59122, 22036985, 22546245
51, 1, 21
2, 96664, 23361081, 23866273
52, 1, 21
1, 44702, 23968471, 24479943
53, 1, 21
4, 54796, 22546245, 23047876
54, 1, 21
2, 103874, 23866273, 24369675
55, 1, 21
1, 46144, 24479943, 24991703
56, 1, 21
4, 73542, 23047876, 23551381
57, 1, 21
2, 126946, 24369675, 24870712
58, 1, 21
1, 56238, 24991703, 25500311
59, 1, 21
4, 73542, 23551381, 24053756
60, 1, 21
2, 134156, 24870712, 25379910
61, 1, 21
1, 59122, 25500311, 26006466
62, 1, 21
4, 74984, 24053756, 24558239
63, 1, 21
2, 134156, 25379910, 25881242
64, 1, 21
1, 59122, 26006466, 26516674
65, 1, 21
4, 79310, 24558239, 25063875
66, 1, 21
2, 138482, 25881242, 26387400
67, 1, 21
1, 60564, 26516674, 27027482
68, 1, 21
4, 76426, 25063875, 25573133
69, 1, 21
2, 132714, 26387400, 26889174
70, 1, 21
1, 59122, 27027482, 27538195
71, 1, 21
4, 72100, 25573133, 26078025
72, 1, 21
2, 129830, 26889174, 27391611
73, 1, 21
1, 57680, 27538195, 28048582
74, 1, 21
4, 76426, 26078025, 26581847
75, 1, 21
2, 131272, 27391611, 27892447
76, 1, 21
1, 59122, 28048582, 28554060
77, 1, 21
4, 73542, 26581847, 27083032
78, 1, 21
2, 132714, 27892447, 28398943
79, 1, 21
1, 59122, 28554060, 29060804
80, 1, 21
3, 67774, 21642588, 28059317
81, 1, 21
4, 70658, 27083032, 27589565
82, 1, 21
2, 161579, 28398943, 28903409
83, 1, 21
1, 59122, 29060804, 29566456
84, 1, 21
3, 62006, 28059317, 28568715
85, 1, 21
4, 63448, 27589565, 28094157
86, 1, 21
2, 188977, 28903409, 29404902
87, 1, 21
1, 50470, 29566456, 30068461
88, 1, 21
3, 72100, 28568715, 29076620
89, 1, 21
4, 70658, 28094157, 28596175
90, 1, 21
2, 196187, 29404902, 29905038
91, 1, 21
1, 56238, 30068461, 30577309
92, 1, 21
3, 74984, 29076620, 29579371
93, 1, 21
4, 72100, 28596175, 29103272
94, 1, 21
2, 203397, 29905038, 30410295
95, 1, 21
1, 57680, 30577309, 31080927
96, 1, 21
3, 72100, 29579371, 30082720
97, 1, 21
2, 167322, 30410295, 30910705
98, 1, 21
1, 57680, 31080927, 31582515
99, 1, 21
3, 74984, 30082720, 30584709
100, 1, 21
2, 132714, 30910705, 31412902
101, 1, 21
1, 59122, 31582515, 32084237
102, 1, 21
3, 74984, 30584709, 31090212
103, 1, 21
2, 134156, 31412902, 31916203
104, 1, 21
1, 59122, 32084237, 32589825
105, 1, 21
3, 74984, 31090212, 31593484
106, 1, 21
2, 134156, 31916203, 32425808
107, 1, 21
1, 59122, 32589825, 33102116
108, 1, 21
3, 73542, 31593484, 32094335
109, 1, 21
2, 129830, 32425808, 32928361
110, 1, 21
1, 59122, 33102116, 33610459
111, 1, 21
3, 64890, 32094335, 32600288
112, 1, 21
2, 109642, 32928361, 33435580
113, 1, 21
1, 51912, 33610459, 34114266
114, 1, 21
2, 28865, 33435580, 33965541
115, 1, 21
1, 18746, 34114266, 34615233
116, 1, 21
2, 31749, 33965541, 34473965
117, 1, 21
1, 31724, 34615233, 35119674
118, 1, 21
2, 36075, 34473965, 34983746
119, 1, 21
1, 36050, 35119674, 35629752
120, 1, 21
2, 41843, 34983746, 35494343
121, 1, 21
3, 33166, 32600288, 35004044
122, 1, 21
1, 43260, 35629752, 36129964
123, 1, 21
2, 204814, 35494343, 35997142
124, 1, 21
1, 57680, 36129964, 36631177
125, 1, 21
3, 164388, 35004044, 35562138
126, 1, 21
2, 148576, 35997142, 36506144
127, 1, 21
1, 47586, 36631177, 37140298
128, 1, 21
3, 96614, 35562138, 36073209
129, 1, 21
2, 178858, 36506144, 37007840
130, 1, 21
1, 41818, 37140298, 37649743
131, 1, 21
3, 170156, 36073209, 36573334
132, 1, 21
2, 227886, 37007840, 37508479
133, 1, 21
1, 59122, 37649743, 38153696
134, 1, 21
3, 165830, 36573334, 37073664
135, 1, 21
2, 212024, 37508479, 38009505
136, 1, 21
1, 54796, 38153696, 38655395
137, 1, 21
3, 148526, 37073664, 37585376
138, 1, 21
2, 200488, 38009505, 38511562
139, 1, 21
1, 56238, 38655395, 39158943
140, 1, 21
2, 80777, 38511562, 39016790
141, 1, 21
1, 54796, 39158943, 39676768
142, 1, 21
2, 47611, 39016790, 39521784
143, 1, 21
1, 47586, 39676768, 40199958
144, 1, 21
2, 49053, 39521784, 40023297
145, 1, 21
1, 53354, 40199958, 40711396
146, 1, 21
2, 59147, 40023297, 40531039
147, 1, 21
1, 59122, 40711396, 41219971
148, 1, 21
3, 136990, 37585376, 40239014
149, 1, 21
2, 121178, 40531039, 41038128
150, 1, 21
1, 43260, 41219971, 41725157
151, 1, 21
3, 134106, 40239014, 40742017
152, 1, 21
2, 181742, 41038128, 41538968
153, 1, 21
1, 50470, 41725157, 42230414
154, 1, 21
3, 160062, 40742017, 41244918
155, 1, 21
2, 220676, 41538968, 42039092
156, 1, 21
1, 59122, 42230414, 42737977
157, 1, 21
3, 165830, 41244918, 41747246
158, 1, 21
2, 197604, 42039092, 42542178
159, 1, 21
1, 53354, 42737977, 43238032
160, 1, 21
3, 136990, 41747246, 42250447
161, 1, 21
2, 213466, 42542178, 43043728
162, 1, 21
1, 57680, 43238032, 43743436
163, 1, 21
3, 164388, 42250447, 42752137
164, 1, 21
2, 216350, 43043728, 43547637
165, 1, 21
1, 56238, 43743436, 44247080
166, 1, 21
3, 154294, 42752137, 43255210
167, 1, 21
2, 141366, 43547637, 44056592
168, 1, 21
1, 49028, 44247080, 44758709
169, 1, 21
2, 47611, 44056592, 44567094
170, 1, 21
1, 50470, 44758709, 45278360
171, 1, 21
2, 41843, 44567094, 45068875
172, 1, 21
1, 38934, 45278360, 45781658
173, 1, 21
2, 37517, 45068875, 45585195
174, 1, 21
1, 38934, 45781658, 46295153
175, 1, 21
2, 41843, 45585195, 46095100
176, 1, 21
1, 46144, 46295153, 46796197
177, 1, 21
2, 57705, 46095100, 46607282
178, 1, 21
1, 57680, 46796197, 47305122
179, 1, 21
2, 59147, 46607282, 47114543
180, 1, 21
1, 59122, 47305122, 47812188
181, 1, 21
2, 59147, 47114543, 47621161
182, 1, 21
1, 59122, 47812188, 48314706
183, 1, 21
2, 57705, 47621161, 48127457
184, 1, 21
1, 54796, 48314706, 48822547
185, 1, 21
2, 47611, 48127457, 48640309
186, 1, 21
1, 44702, 48822547, 49364696
187, 1, 21
2, 41843, 48640309, 49145257
188, 1, 21
1, 47586, 49364696, 49879898
189, 1, 21
2, 43285, 49145257, 49651927
190, 1, 21
1, 36050, 49879898, 50380064
191, 1, 21
2, 37517, 49651927, 50158113
192, 1, 21
1, 44702, 50380064, 50886893
193, 1, 21
2, 41843, 50158113, 50663046
194, 1, 21
1, 40376, 50886893, 51398437
195, 1, 21
2, 53379, 50663046, 51168515
196, 1, 21
1, 59122, 51398437, 51901342
197, 1, 21
2, 60589, 51168515, 51679454
198, 1, 21
1, 60564, 51901342, 52409690
199, 1, 21
2, 59147, 51679454, 52179635
200, 1, 21
1, 59122, 52409690, 52915200
201, 1, 21
2, 59147, 52179635, 52683646
202, 1, 21
1, 59122, 52915200, 53415405
203, 1, 21
2, 59147, 52683646, 53189761
204, 1, 21
1, 59122, 53415405, 53926643
205, 1, 21
3, 2884, 43255210, 53008421
206, 1, 21
2, 99548, 53189761, 53691767
207, 1, 21
1, 59122, 53926643, 54434028
208, 1, 21
3, 165830, 53008421, 53511206
209, 1, 21
2, 220676, 53691767, 54194138
210, 1, 21
1, 59122, 54434028, 54935962
211, 1, 21
3, 175924, 53511206, 54011275
212, 1, 21
2, 243748, 54194138, 54698178
213, 1, 21
1, 60564, 54935962, 55446785
214, 1, 21
3, 184576, 54011275, 54512286
215, 1, 21
2, 237980, 54698178, 55201172
216, 1, 21
1, 60564, 55446785, 55956267
217, 1, 21
3, 171598, 54512286, 55014627
218, 1, 21
2, 235096, 55201172, 55704381
219, 1, 21
1, 59122, 55956267, 56466456
220, 1, 21
3, 173040, 55014627, 55516210
221, 1, 21
2, 230770, 55704381, 56204588
222, 1, 21
1, 59122, 56466456, 56974146
223, 1, 21
3, 173040, 55516210, 56016300
224, 1, 21
2, 229328, 56204588, 56704862
225, 1, 21
1, 60564, 56974146, 57482728
226, 1, 21
3, 170156, 56016300, 56516430
227, 1, 21
2, 235096, 56704862, 57206455
228, 1, 21
1, 60564, 57482728, 57993384
229, 1, 21
3, 167272, 56516430, 57019564
230, 1, 21
2, 223560, 57206455, 57709235
231, 1, 21
1, 59122, 57993384, 58498793
232, 1, 21
3, 164388, 57019564, 57523328
233, 1, 21
2, 226444, 57709235, 58211531
234, 1, 21
1, 60564, 58498793, 59005823
235, 1, 21
3, 177366, 57523328, 58025359
236, 1, 21
2, 199046, 58211531, 58721276
237, 1, 21
1, 57680, 59005823, 59514704
238, 1, 21
2, 54821, 58721276, 59222255
239, 1, 21
1, 56238, 59514704, 60020507
240, 1, 21
2, 54821, 59222255, 59727272
241, 1, 21
1, 54796, 60020507, 60521727
242, 1, 21
2, 56263, 59727272, 60231674
243, 1, 21
1, 56238, 60521727, 61027150
244, 1, 21
2, 57705, 60231674, 60742650
245, 1, 21
1, 57680, 61027150, 61534177
246, 1, 21
2, 57705, 60742650, 61245484
247, 1, 21
1, 57680, 61534177, 62037448
248, 1, 21
2, 59147, 61245484, 61759322
249, 1, 21
1, 59122, 62037448, 62550043
250, 1, 21
2, 57705, 61759322, 62269832
251, 1, 21
1, 54796, 62550043, 63059387
252, 1, 21
2, 53379, 62269832, 62782938
253, 1, 21
1, 53354, 63059387, 63564369
254, 1, 21
2, 53379, 62782938, 63292721
255, 1, 21
1, 53354, 63564369, 64071244
256, 1, 21
2, 53379, 63292721, 63793836
257, 1, 21
1, 54796, 64071244, 64580837
258, 1, 21
2, 54821, 63793836, 64295737
259, 1, 21
1, 56238, 64580837, 65097001
260, 1, 21
2, 56263, 64295737, 64803862
261, 1, 21
1, 56238, 65097001, 65597668
262, 1, 21
2, 56263, 64803862, 65308883
263, 1, 21
1, 56238, 65597668, 66102126
264, 1, 21
2, 56263, 65308883, 65812216
