0, 2, 21
2, 752, 506167, 4441077, 5442265
1, 752, 506142, 5008748, 6009977
1, 2, 21
2, 752, 1023845, 5442265, 7446473
1, 752, 1023820, 6009977, 8013127
2, 2, 21
2, 752, 516261, 7446473, 8447530
1, 752, 516236, 8013127, 9013286
3, 2, 21
2, 752, 506167, 8447530, 9446534
1, 752, 507584, 9013286, 10014153
4, 2, 21
2, 752, 503283, 9446534, 10449432
1, 752, 503258, 10014153, 11017112
5, 2, 21
2, 752, 516261, 10449432, 11452016
1, 752, 516236, 11017112, 12019652
6, 2, 21
2, 752, 517703, 11452016, 12453194
1, 752, 517678, 12019652, 13020861
7, 2, 21
2, 752, 517703, 12453194, 13456769
1, 752, 516236, 13020861, 14023068
8, 2, 21
2, 752, 4814863, 13456769, 23459694
1, 752, 4816280, 14023068, 24025241
9, 2, 21
2, 752, 14420, 33460386, 33490229
1, 752, 4839352, 24025241, 34027698
10, 2, 21
2, 752, 4765835, 33490229, 43460635
1, 752, 4780230, 34027698, 44028314
11, 2, 21
2, 752, 526355, 43460635, 44497722
1, 752, 526330, 44028314, 45064853
12, 2, 21
2, 752, 5793, 46500475, 46517735
1, 752, 977676, 45064853, 47066943
13, 2, 21
2, 752, 4915803, 46517735, 56499980
1, 752, 4915778, 47066943, 57067409
