0, 2, 21
2, 752, 1442025, 4474172, 7313424
1, 752, 1442004, 5041976, 7880893
1, 2, 21
2, 752, 1442025, 7313424, 10233998
1, 752, 1442004, 7880893, 10801338
2, 2, 21
2, 752, 1442025, 10233998, 13189349
1, 752, 1442004, 10801338, 13756858
3, 2, 21
2, 752, 1442025, 13189349, 16141064
1, 752, 1442004, 13756858, 16708570
4, 2, 21
2, 752, 1442025, 16141064, 19073997
1, 752, 1442004, 16708570, 19640325
5, 2, 21
2, 752, 1444909, 19073997, 22175448
1, 752, 1442004, 19640325, 22736306
6, 2, 21
2, 752, 1436257, 22175448, 25381277
1, 752, 1442004, 22736306, 25948886
7, 2, 21
2, 752, 1442025, 25381277, 28396663
1, 752, 1442004, 25948886, 28964226
8, 2, 21
2, 752, 1442025, 28396663, 31390738
1, 752, 1442004, 28964226, 31957984
9, 2, 21
2, 752, 1442025, 31390738, 34545646
1, 752, 1442004, 31957984, 35112971
10, 2, 21
2, 752, 1442025, 34545646, 37679692
1, 752, 1442004, 35112971, 38247145
11, 2, 21
2, 752, 1442025, 37679692, 40750635
1, 752, 1442004, 38247145, 41318072
12, 2, 21
2, 752, 1442025, 40750635, 43838367
1, 752, 1442004, 41318072, 44405919
13, 2, 21
2, 752, 1442025, 43838367, 46936053
1, 752, 1442004, 44405919, 47503548
14, 2, 21
2, 752, 1442025, 46936053, 50062550
1, 752, 1442004, 47503548, 50629905
15, 2, 21
2, 752, 1442025, 50062550, 53187308
1, 752, 1442004, 50629905, 53754660
16, 2, 21
2, 752, 1442025, 53187308, 56227891
1, 752, 1442004, 53754660, 56795295
17, 2, 21
2, 752, 1442025, 56227891, 59606007
1, 752, 1442004, 56795295, 60170802
18, 2, 21
2, 752, 1442025, 59606007, 62671620
1, 752, 1442004, 60170802, 63238953
