0, 2, 21
2, 752, 504725, 4454882, 5456423
1, 752, 504700, 5029494, 6030888
1, 2, 21
2, 752, 497515, 5456423, 6456562
1, 752, 497490, 6030888, 7031199
2, 2, 21
2, 752, 501841, 6456562, 7458178
1, 752, 501816, 7031199, 8032897
3, 2, 21
2, 752, 527797, 7458178, 8460743
1, 752, 527772, 8032897, 9035268
4, 2, 21
2, 752, 491747, 8460743, 9461354
1, 752, 491722, 9035268, 10035864
5, 2, 21
2, 752, 455697, 9461354, 10462302
1, 752, 455672, 10035864, 11037054
6, 2, 21
2, 752, 480211, 10462302, 11463969
1, 752, 480186, 11037054, 12037733
7, 2, 21
2, 752, 473001, 11463969, 12466142
1, 752, 472976, 12037733, 13040371
8, 2, 21
2, 752, 520587, 12466142, 13467529
1, 752, 520562, 13040371, 14042169
9, 2, 21
2, 752, 447045, 13467529, 14468479
1, 752, 447020, 14042169, 15042964
10, 2, 21
2, 752, 517703, 14468479, 15469824
1, 752, 517678, 15042964, 16044491
11, 2, 21
2, 752, 514819, 15469824, 16472147
1, 752, 514794, 16044491, 17046669
12, 2, 21
2, 752, 481653, 16472147, 17472883
1, 752, 481628, 17046669, 18047093
13, 2, 21
2, 752, 490305, 17472883, 18473191
1, 752, 490280, 18047093, 19047385
14, 2, 21
2, 752, 507609, 18473191, 19474115
1, 752, 507584, 19047385, 20048603
15, 2, 21
2, 752, 511935, 19474115, 20474614
1, 752, 511910, 20048603, 21049274
16, 2, 21
2, 752, 494631, 20474614, 21477025
1, 752, 494606, 21049274, 22051676
17, 2, 21
2, 752, 509051, 21477025, 22480287
1, 752, 509026, 22051676, 23054828
18, 2, 21
2, 752, 480211, 22480287, 23481103
1, 752, 480186, 23054828, 24055704
19, 2, 21
2, 752, 490305, 23481103, 24483640
1, 752, 490280, 24055704, 25057068
20, 2, 21
2, 752, 484537, 24483640, 25482776
1, 752, 485954, 25057068, 26057128
21, 2, 21
2, 752, 496073, 25482776, 26484606
1, 752, 496048, 26057128, 27059136
22, 2, 21
2, 752, 474443, 26484606, 27487075
1, 752, 474418, 27059136, 28061655
23, 2, 21
2, 752, 494631, 27487075, 28488172
1, 752, 494606, 28061655, 29062703
24, 2, 21
2, 752, 458581, 28488172, 29490312
1, 752, 458556, 29062703, 30064943
25, 2, 21
2, 752, 513377, 29490312, 30491027
1, 752, 513352, 30064943, 31065553
26, 2, 21
2, 752, 527797, 30491027, 31492454
1, 752, 527772, 31065553, 32067121
27, 2, 21
2, 752, 510493, 31492454, 32493734
1, 752, 510468, 32067121, 33068304
28, 2, 21
2, 752, 435509, 32493734, 33496587
1, 752, 435484, 33068304, 34070877
29, 2, 21
2, 752, 481653, 33496587, 34498961
1, 752, 481628, 34070877, 35073269
30, 2, 21
2, 752, 480211, 34498961, 35501439
1, 752, 480186, 35073269, 36075754
31, 2, 21
2, 752, 501841, 35501439, 36502899
1, 752, 501816, 36075754, 37077000
32, 2, 21
2, 752, 485979, 36502899, 37503538
1, 752, 485954, 37077000, 38077803
33, 2, 21
2, 752, 484537, 37503538, 38505206
1, 752, 484512, 38077803, 39079098
34, 2, 21
2, 752, 500399, 38505206, 39507795
1, 752, 500374, 39079098, 40081461
35, 2, 21
2, 752, 467233, 39507795, 40508976
1, 752, 467208, 40081461, 41083362
36, 2, 21
2, 752, 465791, 40508976, 41530179
1, 752, 465766, 41083362, 42104517
37, 2, 21
2, 752, 496073, 41530179, 42530574
1, 752, 496048, 42104517, 43104893
38, 2, 21
2, 752, 478769, 42530574, 43531680
1, 752, 478744, 43104893, 44106036
39, 2, 21
2, 752, 473001, 43531680, 44534200
1, 752, 472976, 44106036, 45108039
40, 2, 21
2, 752, 475885, 44534200, 45534230
1, 752, 475860, 45108039, 46108600
41, 2, 21
2, 752, 436951, 45534230, 46536180
1, 752, 436926, 46108600, 47110338
42, 2, 21
2, 752, 483095, 46536180, 47538241
1, 752, 483070, 47110338, 48112670
43, 2, 21
2, 752, 464349, 47538241, 48539560
1, 752, 464324, 48112670, 49113787
44, 2, 21
2, 752, 425415, 48539560, 49541471
1, 752, 425390, 49113787, 50115834
45, 2, 21
2, 752, 491747, 49541471, 50542385
1, 752, 491722, 50115834, 51116765
46, 2, 21
2, 752, 496073, 50542385, 51544124
1, 752, 496048, 51116765, 52118457
47, 2, 21
2, 752, 421089, 51544124, 52544413
1, 752, 421064, 52118457, 53118716
48, 2, 21
2, 752, 497515, 52544413, 53545337
1, 752, 497490, 53118716, 54119624
49, 2, 21
2, 752, 436951, 53545337, 54547712
1, 752, 436926, 54119624, 55121881
50, 2, 21
2, 752, 454255, 54547712, 55549396
1, 752, 454230, 55121881, 56123601
51, 2, 21
2, 752, 468675, 55549396, 56569278
1, 752, 468650, 56123601, 57142737
52, 2, 21
2, 752, 369177, 56569278, 57570136
1, 752, 369152, 57142737, 58144684
53, 2, 21
2, 752, 503283, 57570136, 58570589
1, 752, 503258, 58144684, 59144779
54, 2, 21
2, 752, 448487, 58570589, 59571993
1, 752, 448462, 59144779, 60146345
55, 2, 21
2, 752, 445603, 59571993, 60574854
1, 752, 445578, 60146345, 61149223
56, 2, 21
2, 752, 449929, 60574854, 61575944
1, 752, 449904, 61149223, 62149414
57, 2, 21
2, 752, 436951, 61575944, 62577569
1, 752, 436926, 62149414, 63151583
58, 2, 21
2, 752, 473001, 62577569, 63579801
1, 752, 472976, 63151583, 64153851
