0, 14938, 2, 17, 1674929953.1553054
4,  14000, 3792456, 3893529
1,  14000, 5447213, 5548439
1, 18672, 2, 17, 1674929953.1564622
4,  14000, 3793828, 3895130
3,  14000, 4340896, 4442195
2, 29093, 2, 17, 1674929953.1777816
4,  14000, 3813814, 3916374
2,  14000, 4933780, 5036335
3, 14938, 2, 17, 1674929953.2562242
4,  12600, 3893529, 3994783
1,  12600, 5548439, 5649705
4, 18672, 2, 17, 1674929953.2575276
4,  12600, 3895130, 3996296
3,  12600, 4442195, 4543430
5, 29093, 2, 17, 1674929953.2792108
4,  12600, 3916374, 4017473
2,  12600, 5036335, 5137555
6, 14938, 2, 17, 1674929953.380207
4,  15400, 3994783, 4118439
1,  15400, 5649705, 5773422
7, 18672, 2, 17, 1674929953.3815134
4,  15400, 3996296, 4120049
3,  15400, 4543430, 4667179
8, 29093, 2, 17, 1674929953.4028249
4,  15400, 4017473, 4141191
2,  15400, 5137555, 5261263
9, 14938, 2, 17, 1674929953.5152295
4,  16800, 4118439, 4253465
1,  16800, 5773422, 5908416
10, 18672, 2, 17, 1674929953.5164123
4,  16800, 4120049, 4255044
3,  16800, 4667179, 4802182
11, 29093, 2, 17, 1674929953.537562
4,  16800, 4141191, 4276156
2,  16800, 5261263, 5396252
12, 14938, 2, 17, 1674929953.6834245
4,  21000, 4253465, 4422132
1,  21000, 5908416, 6077097
13, 18672, 2, 17, 1674929953.6848447
4,  21000, 4255044, 4423745
3,  21000, 4802182, 4970931
14, 29093, 2, 17, 1674929953.7063706
4,  21000, 4276156, 4444966
2,  21000, 5396252, 5565055
15, 14938, 2, 17, 1674929953.8972385
4,  26600, 4422132, 4635931
1,  26600, 6077097, 6290802
16, 18672, 2, 17, 1674929953.8986158
4,  26600, 4423745, 4637491
3,  26600, 4970931, 5184630
17, 29093, 2, 17, 1674929953.919924
4,  26600, 4444966, 4658764
2,  26600, 5565055, 5778711
18, 14938, 2, 17, 1674929954.157681
4,  32200, 4635931, 4896080
1,  32200, 6290802, 6551037
19, 18672, 2, 17, 1674929954.158343
4,  32200, 4637491, 4896372
3,  32200, 5184630, 5443409
20, 26266, 2, 17, 1674929954.1608748
4,  485800, 4799382, 4899637
1,  485800, 6454343, 6554578
21, 29093, 2, 17, 1674929954.1785161
4,  32200, 4658764, 4917359
2,  32200, 5778711, 6037482
22, 14938, 2, 17, 1674929954.6302836
4,  58800, 4896080, 5368501
1,  58800, 6551037, 7023424
23, 18672, 2, 17, 1674929954.631034
4,  58800, 4896372, 5368719
3,  58800, 5443409, 5915881
24, 29093, 2, 17, 1674929954.6513953
4,  58800, 4917359, 5389789
2,  58800, 6037482, 6509896
25, 21913, 2, 17, 1674929956.1806755
4,  456400, 6819279, 6919483
1,  456400, 8474255, 8574478
26, 6051, 2, 17, 1674929956.2312121
4,  334600, 6869954, 6970045
2,  334600, 7990017, 8090183
27, 42982, 2, 17, 1674929959.2200124
4,  403200, 9858590, 9958777
2,  403200, 10978776, 11078947
28, 14938, 2, 17, 1674929959.6359015
4,  623000, 5368501, 10374682
1,  623000, 7023424, 12029609
29, 18672, 2, 17, 1674929959.6377127
4,  623000, 5368719, 10376631
3,  623000, 5915881, 10923754
30, 29093, 2, 17, 1674929959.6594572
4,  623000, 5389789, 10398078
2,  623000, 6509896, 11518191
31, 9376, 2, 17, 1674929961.2240832
4,  289800, 11862573, 11962861
2,  289800, 12982673, 13082987
32, 23644, 2, 17, 1674929962.2120397
4,  427000, 12850545, 12950845
1,  427000, 14505555, 14605834
33, 13215, 2, 17, 1674929963.2110562
4,  429800, 13849691, 13949875
1,  429800, 15504687, 15604868
34, 17062, 2, 17, 1674929964.2317576
4,  399000, 14869900, 14970098
2,  399000, 15990059, 16090242
35, 18672, 2, 17, 1674929964.6431293
4,  623000, 10376631, 15381497
3,  623000, 10923754, 15928572
36, 14938, 2, 17, 1674929964.6451497
4,  623000, 10374682, 15383675
1,  623000, 12029609, 17038590
37, 29093, 2, 17, 1674929964.667593
4,  623000, 10398078, 15405811
2,  623000, 11518191, 16525879
38, 7669, 2, 17, 1674929966.2168
4,  334600, 16855001, 16955139
3,  334600, 17402121, 17502284
39, 45273, 2, 17, 1674929968.2198746
4,  455000, 18858542, 18958623
1,  455000, 20513499, 20613615
40, 18672, 2, 17, 1674929969.6499605
4,  623000, 15381497, 20388561
3,  623000, 15928572, 20935670
41, 14938, 2, 17, 1674929969.6521523
4,  623000, 15383675, 20390941
1,  623000, 17038590, 22045831
42, 29093, 2, 17, 1674929969.6724675
4,  623000, 15405811, 20411119
2,  623000, 16525879, 21531225
43, 57114, 2, 17, 1674929970.2462003
4,  319200, 20884327, 20984390
1,  319200, 22539298, 22639366
44, 40627, 2, 17, 1674929971.2311518
4,  288400, 21869128, 21969547
3,  288400, 22416240, 22516673
45, 62179, 2, 17, 1674929974.251957
4,  366800, 24890232, 24990265
2,  366800, 26010358, 26110361
46, 18672, 2, 17, 1674929974.6572316
4,  623000, 20388561, 25395980
3,  623000, 20935670, 25943095
47, 14938, 2, 17, 1674929974.658763
4,  623000, 20390941, 25397655
1,  623000, 22045831, 27052586
48, 29093, 2, 17, 1674929974.6793256
4,  623000, 20411119, 25418209
2,  623000, 21531225, 26538344
49, 7782, 2, 17, 1674929976.244111
4,  291200, 26882241, 26982531
2,  291200, 28002405, 28102647
50, 18672, 2, 17, 1674929979.662737
4,  623000, 25395980, 30401448
3,  623000, 25943095, 30948568
51, 14938, 2, 17, 1674929979.6635675
4,  623000, 25397655, 30402456
1,  623000, 27052586, 32057376
52, 29093, 2, 17, 1674929979.6859767
4,  623000, 25418209, 30424703
2,  623000, 26538344, 31544792
53, 28511, 2, 17, 1674929980.2250433
4,  317800, 30863749, 30963879
1,  317800, 32518698, 32618884
54, 64294, 2, 17, 1674929980.2652397
4,  306600, 30903707, 31004057
2,  306600, 32023891, 32124184
55, 16693, 2, 17, 1674929982.2568796
4,  467600, 32895442, 32995681
3,  467600, 33442608, 33542891
56, 2393, 2, 17, 1674929984.262683
4,  322000, 34901410, 35001497
1,  322000, 36556362, 36656407
57, 18672, 2, 17, 1674929984.6704056
4,  623000, 30401448, 35409033
3,  623000, 30948568, 35956171
58, 14938, 2, 17, 1674929984.6711416
4,  623000, 30402456, 35410043
1,  623000, 32057376, 37064962
59, 29093, 2, 17, 1674929984.693059
4,  623000, 30424703, 35431884
2,  623000, 31544792, 36552018
60, 5168, 2, 17, 1674929985.265956
4,  267400, 35904641, 36004798
3,  267400, 36451810, 36551960
61, 18672, 1, 17, 1674929987.9004838
4,  401800, 35409033, 38638913
62, 18672, 1, 17, 1674929988.0017009
4,  12600, 38638913, 38740131
63, 18672, 1, 17, 1674929988.1251504
4,  15400, 38740131, 38863958
64, 18672, 1, 17, 1674929988.262998
4,  16800, 38863958, 39001568
65, 52150, 2, 17, 1674929988.2796826
4,  364000, 38917658, 39018015
3,  364000, 39464799, 39565081
66, 38774, 2, 17, 1674929988.3196833
4,  338800, 38958424, 39058454
3,  338800, 39505663, 39605687
67, 29093, 2, 17, 1674929988.42879
4,  464800, 35431884, 39167093
2,  464800, 36552018, 40286945
68, 18672, 1, 17, 1674929988.4355989
4,  21000, 39001568, 39174220
69, 29093, 2, 17, 1674929988.529495
4,  12600, 39167093, 39268180
2,  12600, 40286945, 40388259
70, 29093, 2, 17, 1674929988.6420643
4,  14000, 39268180, 39380703
2,  14000, 40388259, 40500812
71, 18672, 1, 17, 1674929988.647255
4,  26600, 39174220, 39386059
72, 29093, 2, 17, 1674929988.7770627
4,  16800, 39380703, 39515716
2,  16800, 40500812, 40635814
73, 18672, 1, 17, 1674929988.906095
4,  32200, 39386059, 39644853
74, 29093, 2, 17, 1674929988.9232013
4,  18200, 39515716, 39661917
2,  18200, 40635814, 40782045
75, 29093, 2, 17, 1674929989.114348
4,  23800, 39661917, 39853115
2,  23800, 40782045, 40973261
76, 29093, 2, 17, 1674929989.3732932
4,  32200, 39853115, 40111930
2,  32200, 40973261, 41232060
77, 18672, 1, 17, 1674929989.3786488
4,  58800, 39644853, 40117340
78, 14938, 1, 17, 1674929989.4185858
4,  590800, 35410043, 40157112
79, 14938, 1, 17, 1674929989.519627
4,  12600, 40157112, 40258250
80, 14938, 1, 17, 1674929989.6322715
4,  14000, 40258250, 40370857
81, 18672, 1, 17, 1674929989.6714072
3,  621600, 35956171, 40957165
82, 14938, 1, 17, 1674929989.6772203
1,  623000, 37064962, 42070657
83, 14938, 1, 17, 1674929989.7677333
4,  16825, 40370857, 40505874
84, 29093, 2, 17, 1674929989.7897706
4,  51800, 40111930, 40528364
2,  51800, 41232060, 41648462
85, 14938, 1, 17, 1674929989.9133098
4,  18200, 40505874, 40651992
86, 14938, 1, 17, 1674929990.1043649
4,  23800, 40651992, 40843143
87, 30816, 2, 17, 1674929990.3033695
4,  259000, 40941479, 41041692
2,  259000, 42061574, 42161805
88, 14938, 1, 17, 1674929990.3631387
4,  32200, 40843143, 41101878
89, 14938, 1, 17, 1674929990.7795339
4,  51800, 41101878, 41517979
90, 49779, 2, 17, 1674929994.3020582
4,  355600, 44940658, 45040860
3,  355600, 45487830, 45588065
91, 18672, 1, 17, 1674929994.385099
4,  623025, 40117340, 45123933
92, 18672, 1, 17, 1674929994.6775224
3,  623000, 40957165, 45963512
93, 14938, 1, 17, 1674929994.6817203
1,  623000, 42070657, 47075518
94, 29093, 2, 17, 1674929994.79565
4,  621600, 40528364, 45534450
2,  621600, 41648462, 46654508
95, 14938, 1, 17, 1674929995.785846
4,  623025, 41517979, 46522823
96, 44464, 2, 17, 1674929997.3760984
4,  408800, 48014840, 48114873
3,  408800, 48561993, 48662074
97, 18672, 1, 17, 1674929999.3929484
4,  623025, 45123933, 50131594
98, 18672, 1, 17, 1674929999.6851366
3,  623000, 45963512, 50971148
99, 14938, 1, 17, 1674929999.686781
1,  623000, 47075518, 52080688
100, 29093, 2, 17, 1674929999.7995405
4,  621600, 45534450, 50538365
2,  621600, 46654508, 51658449
101, 49632, 2, 17, 1674930000.3677337
4,  480200, 51006289, 51106513
2,  480200, 52126459, 52226686
102, 14938, 1, 17, 1674930000.7892606
4,  623025, 46522823, 51528084
103, 19299, 1, 17, 1674930001.3502593
4,  411600, 51988998, 52089031
104, 44579, 2, 17, 1674930001.3512878
4,  462000, 51989350, 52089579
2,  462000, 53109149, 53209191
105, 19299, 1, 17, 1674930001.3520863
2,  414400, 53109131, 53209969
106, 47388, 1, 17, 1674930002.304875
4,  299600, 52941280, 53041618
107, 47388, 1, 17, 1674930002.3111763
1,  324800, 54596228, 54696457
108, 63669, 1, 17, 1674930002.3152356
4,  456400, 52948767, 53048800
109, 63669, 1, 17, 1674930002.3160553
3,  457800, 53495938, 53595978
110, 55007, 2, 17, 1674930002.318527
4,  385000, 52953444, 53053541
1,  396200, 54608346, 54708534
111, 18672, 1, 17, 1674930004.4018397
4,  623025, 50131594, 55140632
112, 14938, 1, 17, 1674930004.694065
1,  623000, 52080688, 57087822
113, 18672, 1, 17, 1674930004.694554
3,  623000, 50971148, 55980000
114, 29093, 2, 17, 1674930004.8091848
4,  623000, 50538365, 55547994
2,  623000, 51658449, 56668116
115, 14938, 1, 17, 1674930005.7963936
4,  623025, 51528084, 56535242
116, 18672, 1, 17, 1674930009.4069424
4,  623025, 55140632, 60145705
117, 14938, 1, 17, 1674930009.6993217
1,  623000, 57087822, 62093026
118, 18672, 1, 17, 1674930009.6997814
3,  623000, 55980000, 60985228
119, 29093, 2, 17, 1674930009.8143132
4,  623000, 55547994, 60553076
2,  623000, 56668116, 61673177
120, 14938, 1, 17, 1674930010.8017583
4,  623025, 56535242, 61540383
121, 31731, 2, 17, 1674930013.3255963
4,  259000, 63963985, 64064344
3,  259000, 64511141, 64611549
122, 29238, 2, 17, 1674930013.3332214
4,  354200, 63971828, 64071988
3,  354200, 64519034, 64619176
123, 18672, 1, 17, 1674930013.6387286
4,  526425, 60145705, 64377520
124, 18672, 1, 17, 1674930013.7400298
4,  12600, 64377520, 64478804
125, 18672, 1, 17, 1674930013.8529735
4,  14000, 64478804, 64591334
126, 18672, 1, 17, 1674930013.9879086
4,  16800, 64591334, 64726306
127, 18672, 1, 17, 1674930014.133783
4,  18200, 64726306, 64872510
128, 18672, 1, 17, 1674930014.325456
4,  23800, 64872510, 65063859
129, 18672, 1, 17, 1674930014.5836952
4,  32200, 65063859, 65322530
130, 14938, 1, 17, 1674930014.7050025
1,  623000, 62093026, 67098332
131, 18672, 1, 17, 1674930014.7078044
3,  623000, 60985228, 65993443
132, 29093, 2, 17, 1674930014.8193896
4,  623000, 60553076, 65557769
2,  623000, 61673177, 66677851
133, 18672, 1, 17, 1674930015.0000262
4,  51825, 65322530, 65738801
134, 14938, 1, 17, 1674930015.8070145
4,  623025, 61540383, 66545819
135, 33754, 2, 17, 1674930019.3232853
4,  254800, 69961197, 70061660
1,  254800, 71616144, 71716634
136, 14938, 1, 17, 1674930019.711611
1,  623000, 67098332, 72105015
137, 18672, 1, 17, 1674930019.713757
3,  623000, 65993443, 70999505
138, 29093, 2, 17, 1674930019.824499
4,  623000, 65557769, 70562899
2,  623000, 66677851, 71683025
139, 18672, 1, 17, 1674930020.0060196
4,  623025, 65738801, 70744407
140, 14938, 1, 17, 1674930020.814036
4,  623025, 66545819, 71552445
141, 38117, 2, 17, 1674930023.3146987
4,  369600, 73953288, 74053476
2,  369600, 75073398, 75173628
142, 58844, 2, 17, 1674930023.3432832
4,  434000, 73981917, 74082092
1,  434000, 75636918, 75737035
143, 35359, 2, 17, 1674930024.324105
4,  250600, 74962385, 75062689
1,  250600, 76617367, 76717651
144, 18672, 1, 17, 1674930024.718196
3,  623000, 70999505, 76003685
145, 14938, 1, 17, 1674930024.719545
1,  623000, 72105015, 77113191
146, 29093, 2, 17, 1674930024.8306782
4,  623000, 70562899, 75569020
2,  623000, 71683025, 76689063
147, 18672, 1, 17, 1674930025.0100965
4,  623025, 70744407, 75748934
148, 14938, 1, 17, 1674930025.8220806
4,  623025, 71552445, 76560517
149, 61808, 2, 17, 1674930029.2729561
4,  399000, 79911616, 80011730
3,  399000, 80458768, 80558922
150, 14938, 1, 17, 1674930029.7250924
1,  623000, 77113191, 82118605
151, 18672, 1, 17, 1674930029.7257807
3,  623000, 76003685, 81011403
152, 18672, 1, 17, 1674930029.748066
4,  589425, 75748934, 80486761
153, 29093, 2, 17, 1674930029.8401413
4,  623000, 75569020, 80575046
2,  623000, 76689063, 81695010
154, 18672, 1, 17, 1674930029.8493996
4,  12600, 80486761, 80588081
155, 14938, 1, 17, 1674930029.917159
1,  23800, 82118605, 82309938
156, 18672, 1, 17, 1674930029.9620216
4,  14000, 80588081, 80700723
157, 14938, 1, 17, 1674930030.017719
1,  12600, 82309938, 82411242
158, 18672, 1, 17, 1674930030.0969796
4,  16800, 80700723, 80835707
159, 14938, 1, 17, 1674930030.1312282
1,  14000, 82411242, 82523805
160, 18672, 1, 17, 1674930030.243245
4,  18200, 80835707, 80981979
161, 14938, 1, 17, 1674930030.265491
1,  16800, 82523805, 82658883
162, 18672, 1, 17, 1674930030.3670251
4,  15400, 80981979, 81105705
163, 14938, 1, 17, 1674930030.4118783
1,  18200, 82658883, 82805219
164, 18672, 1, 17, 1674930030.4706342
4,  12600, 81105705, 81209263
165, 18672, 1, 17, 1674930030.5808494
4,  14000, 81209263, 81319527
166, 14938, 1, 17, 1674930030.6031613
1,  23800, 82805219, 82996650
167, 18672, 1, 17, 1674930030.682578
4,  12600, 81319527, 81420780
168, 18672, 1, 17, 1674930030.8057947
4,  15400, 81420780, 81544531
169, 14938, 1, 17, 1674930030.8280475
4,  623175, 76560517, 81566734
170, 14938, 1, 17, 1674930030.8618522
1,  32200, 82996650, 83255408
171, 18672, 1, 17, 1674930030.9408145
4,  16800, 81544531, 81679561
172, 18672, 1, 17, 1674930031.109504
4,  21000, 81679561, 81848290
173, 14938, 1, 17, 1674930031.2778897
1,  51800, 83255408, 83671571
174, 18672, 1, 17, 1674930031.3232167
4,  26600, 81848290, 82061987
175, 18672, 1, 17, 1674930031.5817397
4,  32200, 82061987, 82320590
176, 18672, 1, 17, 1674930032.0541239
4,  58800, 82320590, 82792902
177, 51237, 2, 17, 1674930034.372773
4,  434000, 85011393, 85111500
2,  434000, 86131569, 86231612
178, 18672, 1, 17, 1674930034.7309253
3,  623000, 81011403, 86016727
179, 29093, 2, 17, 1674930034.8438194
4,  623000, 80575046, 85582601
2,  623000, 81695010, 86702738
180, 156, 2, 17, 1674930035.3888395
4,  347200, 86027525, 86127638
1,  347200, 87682382, 87782569
181, 14938, 1, 17, 1674930035.8343432
4,  623050, 81566734, 86573068
182, 14938, 1, 17, 1674930036.284026
1,  623000, 83671571, 88677746
183, 18672, 1, 17, 1674930037.0588853
4,  623025, 82792902, 87797629
184, 18672, 1, 17, 1674930038.7910843
4,  215600, 87797629, 89529785
185, 18672, 1, 17, 1674930038.892353
4,  12600, 89529785, 89630982
186, 18672, 1, 17, 1674930039.0160136
4,  15400, 89630982, 89754787
187, 18672, 1, 17, 1674930039.1509295
4,  16800, 89754787, 89889648
188, 18672, 1, 17, 1674930039.3200557
4,  21000, 89889648, 90058861
189, 12022, 2, 17, 1674930039.3735297
4,  340200, 90012256, 90112308
3,  340200, 90559378, 90659516
190, 60441, 2, 17, 1674930039.3899105
4,  298200, 90028434, 90128740
1,  298200, 91683406, 91783714
191, 18672, 1, 17, 1674930039.5237002
4,  25200, 90058861, 90262451
192, 18672, 1, 17, 1674930039.737642
3,  623000, 86016727, 91023219
193, 18672, 1, 17, 1674930039.784052
4,  32225, 90262451, 90522497
194, 29093, 2, 17, 1674930039.853398
4,  621600, 85582601, 90592059
2,  621600, 86702738, 91712093
195, 18672, 1, 17, 1674930040.198581
4,  51800, 90522497, 90937254
196, 14938, 1, 17, 1674930040.8413067
4,  623025, 86573068, 91579741
197, 14938, 1, 17, 1674930041.290931
1,  623000, 88677746, 93684373
198, 42101, 2, 17, 1674930042.370553
4,  491400, 93009239, 93109288
3,  491400, 93556464, 93656516
199, 14938, 2, 17, 1674930042.8885825
4,  254825, 91579741, 93627241
1,  198800, 93684373, 95282165
200, 14938, 2, 17, 1674930042.9897532
4,  12600, 93627241, 93728462
1,  12600, 95282165, 95383393
201, 14938, 2, 17, 1674930043.102424
4,  14000, 93728462, 93841081
1,  14000, 95383393, 95495909
202, 14938, 2, 17, 1674930043.237288
4,  16800, 93841081, 93976022
1,  16800, 95495909, 95630867
203, 14938, 2, 17, 1674930043.3836718
4,  18200, 93976022, 94122256
1,  18200, 95630867, 95777100
204, 14938, 2, 17, 1674930043.5747979
4,  23800, 94122256, 94313410
1,  23800, 95777100, 95968341
205, 14938, 2, 17, 1674930043.8334608
4,  32200, 94313410, 94572158
1,  32200, 95968341, 96227021
206, 14938, 2, 17, 1674930044.2515285
4,  51800, 94572158, 94989760
1,  51800, 96227021, 96643477
207, 18672, 1, 17, 1674930044.7452586
3,  623000, 91023219, 96031038
208, 29093, 2, 17, 1674930044.8570392
4,  620200, 90592059, 95595595
2,  620200, 91712093, 96715464
209, 18672, 1, 17, 1674930045.0832815
4,  607625, 90937254, 95821568
210, 18672, 1, 17, 1674930045.1843553
4,  12600, 95821568, 95922718
211, 18672, 1, 17, 1674930045.2973156
4,  14000, 95922718, 96035776
212, 18672, 1, 17, 1674930045.4323533
4,  16800, 96035776, 96170456
213, 18672, 1, 17, 1674930045.5783439
4,  18200, 96170456, 96316948
214, 14938, 1, 17, 1674930045.6349778
4,  172200, 94989760, 96373288
215, 14938, 2, 17, 1674930045.7362158
4,  12600, 96373288, 96474664
1,  184800, 96643477, 98129489
216, 18672, 1, 17, 1674930045.758558
4,  22400, 96316948, 96497175
217, 14938, 1, 17, 1674930045.8399956
1,  12600, 98129489, 98233617
218, 14938, 1, 17, 1674930045.848615
4,  14025, 96474664, 96587343
219, 14938, 2, 17, 1674930045.9503129
4,  12600, 96587343, 96688768
1,  14000, 98233617, 98343623
220, 18672, 1, 17, 1674930046.0174363
4,  32200, 96497175, 96756081
221, 14938, 2, 17, 1674930046.0515187
4,  12600, 96688768, 96790006
1,  12600, 98343623, 98444884
222, 14938, 2, 17, 1674930046.163847
4,  14000, 96790006, 96902572
1,  14000, 98444884, 98557434
223, 14938, 2, 17, 1674930046.2989042
4,  16800, 96902572, 97037609
1,  16800, 98557434, 98692428
224, 18672, 1, 17, 1674930046.388788
4,  46200, 96756081, 97127310
225, 40224, 1, 17, 1674930046.4435515
2,  347200, 98202295, 98302338
226, 40224, 1, 17, 1674930046.4440744
4,  348625, 97082194, 97182586
227, 14938, 2, 17, 1674930046.445061
4,  18200, 97037609, 97183779
1,  18200, 98692428, 98838643
228, 14938, 2, 17, 1674930046.5465531
4,  12600, 97183779, 97284988
1,  12600, 98838643, 98939899
229, 14938, 2, 17, 1674930046.6475549
4,  12600, 97284988, 97386255
1,  12600, 98939899, 99041149
230, 14938, 2, 17, 1674930046.7829032
4,  16800, 97386255, 97521229
1,  16800, 99041149, 99176139
231, 14938, 2, 17, 1674930046.9289558
4,  18200, 97521229, 97667414
1,  18200, 99176139, 99322321
232, 14938, 2, 17, 1674930047.1198623
4,  23800, 97667414, 97858617
1,  23800, 99322321, 99513509
233, 14938, 2, 17, 1674930047.3562555
4,  29400, 97858617, 98094802
1,  29400, 99513509, 99749688
234, 14938, 2, 17, 1674930047.7276354
4,  46200, 98094802, 98465960
1,  46200, 99749688, 100120850
235, 18672, 1, 17, 1674930049.7515748
3,  623000, 96031038, 101037541
236, 29093, 2, 17, 1674930049.8644528
4,  620200, 95595595, 100602956
2,  620200, 96715464, 101723034
237, 11621, 2, 17, 1674930050.4124725
4,  371000, 101050933, 101151158
2,  371000, 102171004, 102271293
238, 18672, 1, 17, 1674930051.3947206
4,  623025, 97127310, 102133322
239, 14938, 2, 17, 1674930052.733393
4,  623000, 98465960, 103472016
1,  623000, 100120850, 105126920
