0, 2, 21
2, 211974, 5555011, 7558575
1, 211974, 6120034, 8122701
1, 2, 21
2, 223510, 7558575, 15687257
1, 223510, 8122701, 16251623
2, 1, 21
2, 240814, 15687257, 17692673
3, 1, 21
1, 224952, 16251623, 18259309
4, 1, 21
3, 278306, 17026702, 19035117
5, 1, 21
2, 507634, 17692673, 19693564
6, 1, 21
1, 213416, 18259309, 20271062
7, 1, 21
4, 259560, 18441564, 20451270
8, 1, 21
3, 265328, 19035117, 21035363
9, 1, 21
2, 713865, 19693564, 21697670
10, 1, 21
1, 206206, 20271062, 22279292
11, 1, 21
4, 268212, 20451270, 22454473
12, 1, 21
2, 599922, 21697670, 23704514
13, 1, 21
1, 201880, 22279292, 24338540
14, 1, 21
4, 258118, 22454473, 24457459
15, 1, 21
2, 484562, 23704514, 25709999
16, 1, 21
1, 216300, 24338540, 26340257
17, 1, 21
4, 286958, 24457459, 26460780
18, 1, 21
2, 522054, 25709999, 27720247
19, 1, 21
1, 233604, 26340257, 28347587
20, 1, 21
3, 144200, 21035363, 27998190
21, 1, 21
4, 276864, 26460780, 28470027
22, 1, 21
2, 653301, 27720247, 29721753
23, 1, 21
1, 222068, 28347587, 30351376
24, 1, 21
3, 278306, 27998190, 29998556
25, 1, 21
2, 827758, 29721753, 32226383
26, 1, 21
1, 294168, 30351376, 32858759
27, 1, 21
3, 295610, 29998556, 31999848
28, 1, 21
2, 323058, 32226383, 34232229
29, 1, 21
1, 165830, 32858759, 34882141
30, 1, 21
3, 103824, 31999848, 34944664
31, 1, 21
2, 389390, 34232229, 36233280
32, 1, 21
1, 181692, 34882141, 36889270
33, 1, 21
3, 575358, 34944664, 36946012
34, 1, 21
2, 775846, 36233280, 38237637
35, 1, 21
1, 209090, 36889270, 38892855
36, 1, 21
2, 308613, 38237637, 40242723
37, 1, 21
3, 307146, 36946012, 40227872
38, 1, 21
1, 253792, 38892855, 41419534
39, 1, 21
2, 634530, 40242723, 42244104
40, 1, 21
3, 579684, 40227872, 42230879
41, 1, 21
2, 702279, 42244104, 44256462
42, 1, 21
1, 412412, 41419534, 45384730
43, 1, 21
2, 175949, 44256462, 46264209
44, 1, 21
1, 183134, 45384730, 47394500
45, 1, 21
2, 259585, 46264209, 48773445
46, 1, 21
1, 204764, 47394500, 49395656
47, 1, 21
1, 171598, 49395656, 51400212
48, 1, 21
2, 393716, 48773445, 52688939
49, 1, 21
1, 237930, 51400212, 53411944
50, 1, 21
3, 338870, 42230879, 53123772
51, 1, 21
2, 540800, 52688939, 54689472
52, 1, 21
1, 235046, 53411944, 55416948
53, 1, 21
3, 646016, 53123772, 55125127
54, 1, 21
2, 912836, 54689472, 56702256
55, 1, 21
1, 295610, 55416948, 57926450
56, 1, 21
3, 808962, 55125127, 57629648
57, 1, 21
2, 1038290, 56702256, 59208099
58, 1, 21
2, 224952, 59208099, 61210327
59, 1, 21
1, 445578, 57926450, 61841017
60, 1, 21
2, 219209, 61210327, 63219990
61, 1, 21
2, 273980, 63219990, 65720315
