0, 2, 21
2, 72100, 5539680, 6286597
1, 72104, 6090681, 6836949
1, 2, 21
2, 144200, 6286597, 7579809
1, 144204, 6836949, 8130566
2, 2, 21
2, 144200, 7579809, 8869441
1, 144204, 8130566, 9420271
3, 2, 21
2, 217742, 8869441, 16936257
1, 217746, 9420271, 17486540
4, 2, 21
2, 85078, 16936257, 17593177
1, 72104, 17486540, 18143968
5, 2, 21
2, 82194, 17593177, 17903562
1, 36054, 18143968, 18454397
6, 2, 21
2, 43260, 17903562, 18064051
1, 18750, 18454397, 18614783
7, 2, 21
2, 23072, 18064051, 18151793
1, 10098, 18614783, 18702474
8, 2, 21
2, 340312, 18151793, 19556038
1, 144204, 18702474, 20106093
9, 2, 21
2, 253792, 19556038, 20221740
1, 72104, 20106093, 20771690
10, 2, 21
2, 131222, 20221740, 20543800
1, 36054, 20771690, 21093471
11, 2, 21
2, 67774, 20543800, 20712456
1, 18750, 21093471, 21262070
12, 2, 21
2, 481628, 20712456, 22166664
1, 144204, 21262070, 22716457
13, 2, 21
2, 246582, 22166664, 22850569
1, 72104, 22716457, 23400998
14, 2, 21
2, 99498, 22850569, 23312221
1, 36054, 23400998, 23861341
15, 2, 21
2, 40376, 23312221, 23484739
1, 18750, 23861341, 24034643
16, 2, 21
2, 12978, 23484739, 23581809
1, 10098, 24034643, 24130807
17, 2, 21
2, 343196, 23581809, 25083194
1, 144204, 24130807, 25631203
18, 2, 21
2, 333102, 25083194, 26333172
1, 144204, 25631203, 26882508
19, 2, 21
2, 161504, 26333172, 26955437
1, 72104, 26882508, 27505589
20, 2, 21
2, 328776, 26955437, 28205702
1, 144204, 27505589, 28756017
21, 2, 21
2, 434042, 28205702, 29524538
1, 144204, 28756017, 30074540
22, 2, 21
2, 258118, 29524538, 30164913
1, 72104, 30074540, 30714878
23, 2, 21
2, 125454, 30164913, 30474279
1, 36054, 30714878, 31024278
24, 2, 21
2, 348964, 30474279, 31696892
1, 144204, 31024278, 32247449
25, 2, 21
2, 162946, 31696892, 32309612
1, 72104, 32247449, 32859493
26, 2, 21
2, 79310, 32309612, 32615927
1, 36054, 32859493, 33166090
27, 2, 21
2, 256676, 32615927, 34486641
1, 144204, 33166090, 35037158
28, 2, 21
2, 72100, 34486641, 35435522
1, 72104, 35037158, 35986209
29, 2, 21
2, 73542, 35435522, 35742191
1, 36054, 35986209, 36292870
30, 2, 21
2, 77868, 35742191, 35912922
1, 18750, 36292870, 36463023
31, 2, 21
2, 40376, 35912922, 35998513
1, 10098, 36463023, 36548548
32, 2, 21
2, 24514, 35998513, 36046494
1, 5772, 36548548, 36597010
33, 2, 21
2, 543634, 36046494, 37534496
1, 144204, 36597010, 38083269
34, 2, 21
2, 269654, 37534496, 38185186
1, 72104, 38083269, 38735056
35, 2, 21
2, 131222, 38185186, 38513269
1, 36054, 38735056, 39062427
36, 2, 21
2, 186018, 38513269, 39966229
1, 144204, 39062427, 40516001
37, 2, 21
2, 72100, 39966229, 40589721
1, 72104, 40516001, 41138730
38, 2, 21
2, 490280, 40589721, 42034260
1, 144204, 41138730, 42584088
39, 2, 21
2, 262444, 42034260, 42704908
1, 72104, 42584088, 43254346
40, 2, 21
2, 135548, 42704908, 43018683
1, 36054, 43254346, 43567736
41, 2, 21
2, 70658, 43018683, 43181613
1, 18750, 43567736, 43728994
42, 2, 21
2, 373478, 43181613, 44578690
1, 144204, 43728994, 45128901
43, 2, 21
2, 72100, 44578690, 45530461
1, 72104, 45128901, 46080744
44, 2, 21
2, 36050, 45530461, 45983348
1, 36054, 46080744, 46533182
45, 2, 21
2, 144200, 45983348, 47243979
1, 144204, 46533182, 47794567
46, 2, 21
2, 72100, 47243979, 47848335
1, 72104, 47794567, 48398208
47, 2, 21
2, 144200, 47848335, 49438669
1, 144204, 48398208, 49988299
48, 2, 21
2, 144200, 49438669, 51108075
1, 144204, 49988299, 51657103
49, 2, 21
2, 144200, 51108075, 52332593
1, 144204, 51657103, 52881441
50, 2, 21
2, 72100, 52332593, 52945066
1, 72104, 52881441, 53493681
51, 2, 21
2, 315798, 52945066, 54183111
1, 144204, 53493681, 54733323
52, 2, 21
2, 286958, 54183111, 54788468
1, 72104, 54733323, 55338146
53, 2, 21
2, 148526, 54788468, 55095391
1, 36054, 55338146, 55644808
54, 2, 21
2, 572474, 55095391, 56328813
1, 144204, 55644808, 56878943
55, 2, 21
2, 555170, 56328813, 57541874
1, 144204, 56878943, 58091395
56, 2, 21
2, 533540, 57541874, 58768130
1, 144204, 58091395, 59318439
57, 2, 21
2, 144200, 58768130, 60077007
1, 144204, 59318439, 60627431
58, 2, 21
2, 72100, 60077007, 60722391
1, 72104, 60627431, 61272905
59, 2, 21
2, 144200, 60722391, 61975520
1, 144204, 61272905, 62525812
60, 2, 21
2, 144200, 61975520, 63338289
1, 144204, 62525812, 63889019
61, 2, 21
2, 144200, 63338289, 64673118
1, 144204, 63889019, 65218891
