0, 2, 21
2, 211974, 5566900, 7576928
1, 211974, 6136212, 8142074
1, 1, 21
1, 222068, 8142074, 10144096
2, 2, 21
2, 223535, 7576928, 15705163
1, 1442, 10144096, 16274198
3, 2, 21
2, 246582, 15705163, 17706508
1, 223510, 16274198, 18275576
4, 1, 21
3, 278306, 16983019, 18992132
5, 1, 21
2, 507609, 17706508, 19707671
6, 1, 21
1, 211974, 18275576, 20283109
7, 1, 21
3, 259560, 18992132, 21001754
8, 1, 21
4, 263886, 18443397, 20449142
9, 1, 21
2, 706655, 19707671, 21709776
10, 1, 21
1, 206206, 20283109, 22291193
11, 1, 21
4, 268212, 20449142, 22502451
12, 1, 21
2, 607132, 21709776, 23713715
13, 1, 21
1, 203322, 22291193, 24323296
14, 1, 21
4, 272538, 22502451, 24504360
15, 1, 21
2, 484562, 23713715, 25721248
16, 1, 21
1, 210532, 24323296, 26331759
17, 1, 21
4, 301378, 24504360, 26512446
18, 1, 21
2, 535032, 25721248, 27727099
19, 1, 21
1, 233604, 26331759, 28335971
20, 1, 21
3, 149968, 21001754, 28072137
21, 1, 21
4, 278306, 26512446, 28520815
22, 1, 21
2, 640323, 27727099, 29730582
23, 1, 21
1, 223510, 28335971, 30343786
24, 1, 21
3, 273980, 28072137, 30082413
25, 1, 21
2, 663370, 29730582, 31734832
26, 1, 21
1, 230720, 30343786, 32344866
27, 1, 21
3, 292726, 30082413, 32082899
28, 2, 21
2, 452838, 31734832, 33882731
1, 203322, 32344866, 34450616
29, 1, 21
3, 111034, 32082899, 35078695
30, 1, 21
2, 239397, 33882731, 35883466
31, 1, 21
1, 164388, 34450616, 36454903
32, 1, 21
3, 575358, 35078695, 37082001
33, 1, 21
2, 775846, 35883466, 37886195
34, 1, 21
1, 201880, 36454903, 38454953
35, 2, 21
2, 438393, 37886195, 39890287
1, 204764, 38454953, 40458521
36, 1, 21
3, 307146, 37082001, 40313240
37, 1, 21
2, 503283, 39890287, 41891572
38, 1, 21
1, 209090, 40458521, 42460323
39, 1, 21
3, 594104, 40313240, 42316226
40, 1, 21
2, 834968, 41891572, 43894759
41, 1, 21
1, 222068, 42460323, 44470763
42, 1, 21
2, 175949, 43894759, 45896635
43, 1, 21
1, 165830, 44470763, 46480128
44, 1, 21
2, 232187, 45896635, 47909179
45, 1, 21
1, 232162, 46480128, 48489280
46, 2, 21
2, 168739, 47909179, 49933595
1, 167272, 48489280, 50500887
47, 2, 21
2, 211974, 49933595, 51941890
1, 211974, 50500887, 52509672
48, 1, 21
3, 324450, 42316226, 53102971
49, 1, 21
2, 324475, 51941890, 53942394
50, 1, 21
1, 235046, 52509672, 54517532
51, 1, 21
3, 684950, 53102971, 55104890
52, 1, 21
2, 918604, 53942394, 55944376
53, 1, 21
1, 235046, 54517532, 56526321
54, 1, 21
3, 660436, 55104890, 57105610
55, 1, 21
2, 888322, 55944376, 57946793
56, 1, 21
1, 230720, 56526321, 58528021
57, 1, 21
2, 522029, 57946793, 59957132
58, 1, 21
1, 227836, 58528021, 60539191
59, 1, 21
2, 227861, 59957132, 61957422
60, 1, 21
1, 227836, 60539191, 62540147
61, 1, 21
2, 213441, 61957422, 63965509
62, 1, 21
1, 213416, 62540147, 64546508
63, 1, 21
2, 222093, 63965509, 65975089
