0, 2, 21
2, 72100, 5500375, 6246571
1, 72104, 6055983, 6802168
1, 2, 21
2, 144200, 6246571, 7547253
1, 144204, 6802168, 8102274
2, 2, 21
2, 144200, 7547253, 8834365
1, 144204, 8102274, 9389465
3, 2, 21
2, 217742, 8834365, 16896345
1, 217746, 9389465, 17451998
4, 2, 21
2, 82194, 16896345, 17555447
1, 72104, 17451998, 18110187
5, 2, 21
2, 82194, 17555447, 17869997
1, 36054, 18110187, 18424964
6, 2, 21
2, 43260, 17869997, 18029744
1, 18750, 18424964, 18585282
7, 2, 21
2, 21630, 18029744, 18118335
1, 10098, 18585282, 18673093
8, 2, 21
2, 334544, 18118335, 19522854
1, 144204, 18673093, 20077940
9, 2, 21
2, 266770, 19522854, 20187917
1, 72104, 20077940, 20743416
10, 2, 21
2, 128338, 20187917, 20509629
1, 36054, 20743416, 21064846
11, 2, 21
2, 69216, 20509629, 20678486
1, 18750, 21064846, 21233268
12, 2, 21
2, 488838, 20678486, 22127079
1, 144204, 21233268, 22681886
13, 2, 21
2, 227836, 22127079, 22769437
1, 72104, 22681886, 23324584
14, 2, 21
2, 85078, 22769437, 23210411
1, 36054, 23324584, 23765710
15, 2, 21
2, 44702, 23210411, 23382986
1, 18750, 23765710, 23938186
16, 2, 21
2, 24514, 23382986, 23478895
1, 10098, 23938186, 24034020
17, 2, 21
2, 327334, 23478895, 24966528
1, 144204, 24034020, 25521697
18, 2, 21
2, 333102, 24966528, 26210069
1, 144204, 25521697, 26764298
19, 2, 21
2, 167272, 26210069, 26857067
1, 72104, 26764298, 27409575
20, 2, 21
2, 331660, 26857067, 28149707
1, 144204, 27409575, 28702410
21, 2, 21
2, 458556, 28149707, 29474834
1, 144204, 28702410, 30028117
22, 2, 21
2, 255234, 29474834, 30120653
1, 72104, 30028117, 30674797
23, 2, 21
2, 122570, 30120653, 30432917
1, 36054, 30674797, 30987178
24, 2, 21
2, 369152, 30432917, 31691421
1, 144204, 30987178, 32245712
25, 2, 21
2, 162946, 31691421, 32310183
1, 72104, 32245712, 32863776
26, 2, 21
2, 82194, 32310183, 32615656
1, 36054, 32863776, 33169991
27, 2, 21
2, 230720, 32615656, 34478469
1, 144204, 33169991, 35032973
28, 2, 21
2, 72100, 34478469, 35429513
1, 72104, 35032973, 35983493
29, 2, 21
2, 121128, 35429513, 35735641
1, 36054, 35983493, 36290647
30, 2, 21
2, 79310, 35735641, 35907131
1, 18750, 36290647, 36460961
31, 2, 21
2, 27398, 35907131, 35991444
1, 10098, 36460961, 36546525
32, 2, 21
2, 7210, 35991444, 36039850
1, 5772, 36546525, 36594888
33, 2, 21
2, 565264, 36039850, 37528932
1, 144204, 36594888, 38081876
34, 2, 21
2, 249466, 37528932, 38179391
1, 72104, 38081876, 38734194
35, 2, 21
2, 131222, 38179391, 38508053
1, 36054, 38734194, 39062066
36, 2, 21
2, 165830, 38508053, 39960006
1, 144204, 39062066, 40514368
37, 2, 21
2, 72100, 39960006, 40582930
1, 72104, 40514368, 41137297
38, 2, 21
2, 517678, 40582930, 42028551
1, 144204, 41137297, 42582552
39, 2, 21
2, 263886, 42028551, 42697751
1, 72104, 42582552, 43251966
40, 2, 21
2, 135548, 42697751, 43010303
1, 36054, 43251966, 43564769
41, 2, 21
2, 72100, 43010303, 43171073
1, 18750, 43564769, 43725665
42, 2, 21
2, 343196, 43171073, 44570459
1, 144204, 43725665, 45125718
43, 2, 21
2, 72100, 44570459, 45521748
1, 72104, 45125718, 46077029
44, 2, 21
2, 36050, 45521748, 45974176
1, 36054, 46077029, 46529296
45, 2, 21
2, 144200, 45974176, 47234581
1, 144204, 46529296, 47789862
46, 2, 21
2, 72100, 47234581, 47838172
1, 72104, 47789862, 48393192
47, 2, 21
2, 144200, 47838172, 49427849
1, 144204, 48393192, 49983156
48, 2, 21
2, 144200, 49427849, 51094043
1, 144204, 49983156, 51648949
49, 2, 21
2, 144200, 51094043, 52317175
1, 144204, 51648949, 52871920
50, 2, 21
2, 72100, 52317175, 52929079
1, 72104, 52871920, 53483735
51, 2, 21
2, 343196, 52929079, 54168278
1, 144204, 53483735, 54722906
52, 2, 21
2, 294168, 54168278, 54773951
1, 72104, 54722906, 55327868
53, 2, 21
2, 149968, 54773951, 55080326
1, 36054, 55327868, 55634629
54, 2, 21
2, 568148, 55080326, 56314107
1, 144204, 55634629, 56868478
55, 2, 21
2, 555170, 56314107, 57527411
1, 144204, 56868478, 58081338
56, 2, 21
2, 501816, 57527411, 58755013
1, 144204, 58081338, 59309523
57, 2, 21
2, 144200, 58755013, 60064335
1, 144204, 59309523, 60619553
58, 2, 21
2, 72100, 60064335, 60709736
1, 72104, 60619553, 61264346
59, 2, 21
2, 144200, 60709736, 61963428
1, 144204, 61264346, 62518704
60, 2, 21
2, 144200, 61963428, 63328595
1, 144204, 62518704, 63883864
61, 2, 21
2, 144200, 63328595, 64660179
1, 144204, 63883864, 65214950
