0, 2, 21
2, 27398, 5486265, 5740877
1, 27398, 6047674, 6302031
1, 2, 21
2, 27398, 5740877, 6045589
1, 27398, 6302031, 6606810
2, 2, 21
2, 25956, 6045589, 6307035
1, 25956, 6606810, 6868214
3, 2, 21
2, 28840, 6307035, 6559765
1, 28840, 6868214, 7120943
4, 2, 21
2, 28840, 6559765, 6816126
1, 28840, 7120943, 7377236
5, 2, 21
2, 28840, 6816126, 7072729
1, 28840, 7377236, 7633821
6, 1, 21
1, 27398, 7633821, 7883897
7, 1, 21
2, 28865, 7072729, 7336412
8, 1, 21
1, 28840, 7883897, 8145924
9, 1, 21
2, 28865, 7336412, 7596327
10, 1, 21
1, 27398, 8145924, 8398229
11, 1, 21
2, 27423, 7596327, 7849072
12, 1, 21
1, 28840, 8398229, 8658469
13, 1, 21
2, 28865, 7849072, 8110131
14, 1, 21
1, 28840, 8658469, 8918418
15, 1, 21
2, 28865, 8110131, 8368797
16, 1, 21
1, 30282, 8918418, 9179156
17, 1, 21
2, 30307, 8368797, 8633252
18, 1, 21
1, 28840, 9179156, 9440331
19, 1, 21
2, 28865, 8633252, 8893325
20, 1, 21
1, 28840, 9440331, 9704060
21, 1, 21
2, 28865, 8893325, 9154809
22, 1, 21
1, 28840, 9704060, 9963920
23, 1, 21
2, 28865, 9154809, 9414518
24, 2, 21
2, 8652, 9414518, 15610797
1, 10094, 9963920, 16171212
25, 2, 21
2, 27398, 15610797, 15867759
1, 27398, 16171212, 16428263
26, 2, 21
2, 28840, 15867759, 16129306
1, 28840, 16428263, 16689973
27, 2, 21
2, 30282, 16129306, 16385434
1, 30282, 16689973, 16946171
28, 2, 21
2, 30282, 16385434, 16645319
1, 30282, 16946171, 17205935
29, 2, 21
2, 28840, 16645319, 16896688
1, 28840, 17205935, 17457868
30, 2, 21
2, 27398, 16896688, 17148653
1, 27398, 17457868, 17709805
31, 2, 21
2, 27398, 17148653, 17404660
1, 27398, 17709805, 17965554
32, 1, 21
2, 49028, 17404660, 17658742
33, 1, 21
1, 30282, 17965554, 18226525
34, 1, 21
3, 40376, 16981651, 17239952
35, 1, 21
2, 66382, 17658742, 17912689
36, 1, 21
1, 30282, 18226525, 18486647
37, 1, 21
3, 38934, 17239952, 17498012
38, 1, 21
2, 66382, 17912689, 18165705
39, 1, 21
1, 30282, 18486647, 18744865
40, 1, 21
3, 36050, 17498012, 17756039
41, 1, 21
2, 63498, 18165705, 18417855
42, 1, 21
1, 30282, 18744865, 19003739
43, 1, 21
3, 27398, 17756039, 18052970
44, 1, 21
2, 37542, 18417855, 18669519
45, 1, 21
1, 18746, 19003739, 19260561
46, 1, 21
3, 30282, 18052970, 18310316
47, 1, 21
2, 56288, 18669519, 18921470
48, 1, 21
1, 24514, 19260561, 19514808
49, 1, 21
3, 40376, 18310316, 18567325
50, 1, 21
2, 67824, 18921470, 19178130
51, 1, 21
1, 27398, 19514808, 19770895
52, 1, 21
3, 38934, 18567325, 18817549
53, 1, 21
2, 67824, 19178130, 19428303
54, 1, 21
1, 28840, 19770895, 20025868
55, 1, 21
3, 40376, 18817549, 19074241
56, 1, 21
2, 98106, 19428303, 19678809
57, 1, 21
1, 28840, 20025868, 20282316
58, 1, 21
4, 40376, 18366698, 18619609
59, 1, 21
3, 38934, 19074241, 19332603
60, 1, 21
2, 101015, 19678809, 19934687
61, 1, 21
1, 28840, 20282316, 20537172
62, 1, 21
4, 36050, 18619609, 18872982
63, 1, 21
3, 36050, 19332603, 19586136
64, 1, 21
2, 103899, 19934687, 20188437
65, 1, 21
1, 25956, 20537172, 20798118
66, 1, 21
4, 40376, 18872982, 19125905
67, 1, 21
3, 37492, 19586136, 19839774
68, 1, 21
2, 105341, 20188437, 20441998
69, 1, 21
1, 28840, 20798118, 21055335
70, 1, 21
4, 38934, 19125905, 19377111
71, 1, 21
3, 38934, 19839774, 20094923
72, 1, 21
2, 105341, 20441998, 20695780
73, 1, 21
1, 27398, 21055335, 21305872
74, 1, 21
4, 36050, 19377111, 19629173
75, 1, 21
3, 38934, 20094923, 20355094
76, 1, 21
2, 90921, 20695780, 20951091
77, 1, 21
4, 25956, 19629173, 19882005
78, 1, 21
1, 28840, 21305872, 21566371
79, 1, 21
3, 23072, 20355094, 20609206
80, 1, 21
2, 64965, 20951091, 21202279
81, 1, 21
1, 21630, 21566371, 21821673
82, 1, 21
4, 18746, 19882005, 20150418
83, 1, 21
3, 18746, 20609206, 20863326
84, 1, 21
2, 67849, 21202279, 21453932
85, 1, 21
1, 18746, 21821673, 22079274
86, 1, 21
4, 31724, 20150418, 20426489
87, 1, 21
3, 31724, 20863326, 21121963
88, 1, 21
2, 86595, 21453932, 21708827
89, 1, 21
1, 24514, 22079274, 22334156
90, 1, 21
4, 38934, 20426489, 20678481
91, 1, 21
3, 38934, 21121963, 21379691
92, 1, 21
2, 105341, 21708827, 21961258
93, 1, 21
1, 28840, 22334156, 22584651
94, 1, 21
4, 38934, 20678481, 20938443
95, 1, 21
3, 37492, 21379691, 21635621
96, 1, 21
2, 103899, 21961258, 22217029
97, 1, 21
1, 28840, 22584651, 22840090
98, 1, 21
4, 37492, 20938443, 21189359
99, 1, 21
3, 37492, 21635621, 21888443
100, 1, 21
2, 103899, 22217029, 22472900
101, 1, 21
1, 28840, 22840090, 23107371
102, 1, 21
4, 37492, 21189359, 21441541
103, 1, 21
2, 79360, 22472900, 22730426
104, 1, 21
1, 30282, 23107371, 23371119
105, 1, 21
4, 25956, 21441541, 21694499
106, 1, 21
2, 44752, 22730426, 22987201
107, 1, 21
4, 33166, 21694499, 21946036
108, 1, 21
1, 18746, 23371119, 23636275
109, 1, 21
2, 62056, 22987201, 23242455
110, 1, 21
4, 37492, 21946036, 22200711
111, 1, 21
1, 25956, 23636275, 23890428
112, 1, 21
2, 51962, 23242455, 23502999
113, 1, 21
4, 21630, 22200711, 22472760
114, 1, 21
1, 27398, 23890428, 24157013
115, 1, 21
2, 47636, 23502999, 23761642
116, 1, 21
4, 28840, 22472760, 22726924
117, 1, 21
1, 15862, 24157013, 24412232
118, 1, 21
2, 47636, 23761642, 24021706
119, 1, 21
4, 30282, 22726924, 22982060
120, 1, 21
1, 21630, 24412232, 24662841
121, 1, 21
2, 63498, 24021706, 24276023
122, 1, 21
1, 27398, 24662841, 24915740
123, 1, 21
4, 37492, 22982060, 23239246
124, 1, 21
2, 64940, 24276023, 24533202
125, 1, 21
1, 27398, 24915740, 25172307
126, 1, 21
4, 37492, 23239246, 23495865
127, 1, 21
2, 64940, 24533202, 24785355
128, 1, 21
1, 28840, 25172307, 25425662
129, 1, 21
4, 37492, 23495865, 23748888
130, 1, 21
2, 67824, 24785355, 25040930
131, 1, 21
1, 30282, 25425662, 25681212
132, 1, 21
4, 37492, 23748888, 24004503
133, 1, 21
2, 67824, 25040930, 25301970
134, 1, 21
4, 36050, 24004503, 24257035
135, 1, 21
1, 30282, 25681212, 25936352
136, 1, 21
2, 69266, 25301970, 25559354
137, 1, 21
4, 40376, 24257035, 24517095
138, 1, 21
1, 30282, 25936352, 26196857
139, 1, 21
2, 69266, 25559354, 25811124
140, 1, 21
1, 30282, 26196857, 26452589
141, 1, 21
4, 40376, 24517095, 24775714
142, 1, 21
2, 69266, 25811124, 26062238
143, 1, 21
1, 30282, 26452589, 26708034
144, 1, 21
4, 40376, 24775714, 25032623
145, 1, 21
2, 67824, 26062238, 26316800
146, 1, 21
1, 30282, 26708034, 26963015
147, 1, 21
4, 36050, 25032623, 25289160
148, 1, 21
2, 64940, 26316800, 26567277
149, 1, 21
1, 28840, 26963015, 27214084
150, 1, 21
4, 37492, 25289160, 25547145
151, 1, 21
2, 64940, 26567277, 26823270
152, 1, 21
1, 30282, 27214084, 27473915
153, 1, 21
4, 34608, 25547145, 25798664
154, 1, 21
2, 62056, 26823270, 27074486
155, 1, 21
1, 28840, 27473915, 27732189
156, 1, 21
4, 33166, 25798664, 26055900
157, 1, 21
2, 66382, 27074486, 27333096
158, 1, 21
4, 38934, 26055900, 26308674
159, 1, 21
1, 30282, 27732189, 27992757
160, 1, 21
2, 67824, 27333096, 27585227
161, 1, 21
4, 37492, 26308674, 26561198
162, 1, 21
1, 28840, 27992757, 28243095
163, 1, 21
2, 66382, 27585227, 27840364
164, 1, 21
4, 36050, 26561198, 26812476
165, 1, 21
1, 30282, 28243095, 28501334
166, 1, 21
2, 69266, 27840364, 28097546
167, 1, 21
4, 38934, 26812476, 27069086
168, 1, 21
1, 30282, 28501334, 28758028
169, 1, 21
2, 64940, 28097546, 28349222
170, 1, 21
4, 34608, 27069086, 27326845
171, 1, 21
1, 30282, 28758028, 29013986
172, 1, 21
3, 17304, 21888443, 27929341
173, 1, 21
2, 82269, 28349222, 28601343
174, 1, 21
4, 36050, 27326845, 27579722
175, 1, 21
1, 30282, 29013986, 29272566
176, 1, 21
3, 36050, 27929341, 28195212
177, 1, 21
2, 85153, 28601343, 28852306
178, 1, 21
4, 25956, 27579722, 27830357
179, 1, 21
1, 24514, 29272566, 29532086
180, 1, 21
3, 27398, 28195212, 28450930
181, 1, 21
2, 92363, 28852306, 29105753
182, 1, 21
4, 40376, 27830357, 28089269
183, 1, 21
1, 27398, 29532086, 29783288
184, 1, 21
3, 38934, 28450930, 28704965
185, 1, 21
2, 102457, 29105753, 29356333
186, 1, 21
4, 34608, 28089269, 28346002
187, 1, 21
1, 28840, 29783288, 30041399
188, 1, 21
3, 33166, 28704965, 28959883
189, 1, 21
2, 96689, 29356333, 29612681
190, 1, 21
4, 36050, 28346002, 28597531
191, 1, 21
1, 27398, 30041399, 30298524
192, 1, 21
3, 40376, 28959883, 29218738
193, 1, 21
2, 103899, 29612681, 29863334
194, 1, 21
4, 36050, 28597531, 28849281
195, 1, 21
1, 30282, 30298524, 30556912
196, 1, 21
3, 37492, 29218738, 29475186
197, 1, 21
2, 102457, 29863334, 30114489
198, 1, 21
4, 36050, 28849281, 29105488
199, 1, 21
1, 30282, 30556912, 30817115
200, 1, 21
3, 37492, 29475186, 29730412
201, 1, 21
2, 99573, 30114489, 30366050
202, 1, 21
4, 34608, 29105488, 29357372
203, 1, 21
1, 30282, 30817115, 31072954
204, 1, 21
3, 36050, 29730412, 29987362
205, 1, 21
2, 102457, 30366050, 30619470
206, 1, 21
1, 30282, 31072954, 31328401
207, 1, 21
3, 37492, 29987362, 30237651
208, 1, 21
2, 69266, 30619470, 30876294
209, 1, 21
1, 30282, 31328401, 31585469
210, 1, 21
3, 37492, 30237651, 30487799
211, 1, 21
2, 67824, 30876294, 31132618
212, 1, 21
1, 30282, 31585469, 31839627
213, 1, 21
3, 37492, 30487799, 30745996
214, 1, 21
2, 67824, 31132618, 31386482
215, 1, 21
1, 30282, 31839627, 32095611
216, 1, 21
3, 38934, 30745996, 31002761
217, 1, 21
2, 67824, 31386482, 31639725
218, 1, 21
1, 30282, 32095611, 32352142
219, 1, 21
3, 37492, 31002761, 31261458
220, 1, 21
2, 67824, 31639725, 31892041
221, 1, 21
1, 30282, 32352142, 32608891
222, 1, 21
3, 38934, 31261458, 31516057
223, 1, 21
2, 66382, 31892041, 32143368
224, 1, 21
1, 30282, 32608891, 32868697
225, 1, 21
3, 36050, 31516057, 31771809
226, 1, 21
2, 66382, 32143368, 32394757
227, 1, 21
1, 30282, 32868697, 33121758
228, 1, 21
3, 38934, 31771809, 32022468
229, 1, 21
2, 69266, 32394757, 32648643
230, 1, 21
1, 28840, 33121758, 33373072
231, 1, 21
3, 31724, 32022468, 32295681
232, 1, 21
2, 54846, 32648643, 32903604
233, 1, 21
1, 27398, 33373072, 33632917
234, 1, 21
3, 36050, 32295681, 32549499
235, 1, 21
2, 63498, 32903604, 33161374
236, 1, 21
1, 25956, 33632917, 33897526
237, 1, 21
3, 15862, 32549499, 32805231
238, 1, 21
2, 30332, 33161374, 33412427
239, 2, 21
2, 8652, 33412427, 33709792
1, 8652, 33897526, 34270237
240, 2, 21
2, 18746, 33709792, 33970235
1, 18746, 34270237, 34530776
241, 2, 21
2, 14420, 33970235, 34232528
1, 14420, 34530776, 34793338
242, 2, 21
2, 21630, 34232528, 34485473
1, 21630, 34793338, 35046580
243, 2, 21
2, 14420, 34485473, 34737060
1, 14420, 35046580, 35298175
244, 2, 21
2, 18746, 34737060, 34998116
1, 18746, 35298175, 35559067
245, 2, 21
2, 23072, 34998116, 35248222
1, 23072, 35559067, 35809211
246, 1, 21
3, 4326, 32805231, 34867849
247, 1, 21
2, 56263, 35248222, 35503941
248, 1, 21
1, 30282, 35809211, 36065138
249, 1, 21
3, 83636, 34867849, 35121471
250, 1, 21
2, 115410, 35503941, 35758491
251, 1, 21
1, 28840, 36065138, 36322582
252, 1, 21
3, 80752, 35121471, 35425072
253, 1, 21
2, 92338, 35758491, 36009897
254, 1, 21
1, 30282, 36322582, 36646945
255, 1, 21
3, 67774, 35425072, 35678702
256, 1, 21
2, 80802, 36009897, 36282298
257, 1, 21
1, 25956, 36646945, 36903376
258, 1, 21
3, 28840, 35678702, 35935359
259, 1, 21
2, 51962, 36282298, 36537907
260, 1, 21
1, 12978, 36903376, 37157085
261, 1, 21
3, 82194, 35935359, 36188938
262, 1, 21
2, 113968, 36537907, 36790626
263, 1, 21
1, 28840, 37157085, 37412558
264, 1, 21
3, 90846, 36188938, 36443040
265, 1, 21
2, 118294, 36790626, 37040650
266, 1, 21
1, 30282, 37412558, 37668537
267, 1, 21
3, 86520, 36443040, 36695051
268, 1, 21
2, 115410, 37040650, 37291796
269, 1, 21
1, 28840, 37668537, 37919513
270, 1, 21
3, 80752, 36695051, 36945942
271, 1, 21
2, 109642, 37291796, 37543875
272, 1, 21
1, 28840, 37919513, 38179566
273, 1, 21
3, 74984, 36945942, 37198683
274, 1, 21
2, 102432, 37543875, 37796688
275, 1, 21
1, 27398, 38179566, 38430866
276, 1, 21
3, 70658, 37198683, 37451459
277, 1, 21
2, 95222, 37796688, 38047314
278, 1, 21
1, 27398, 38430866, 38686206
279, 1, 21
3, 80752, 37451459, 37705434
280, 1, 21
2, 109642, 38047314, 38298673
281, 1, 21
1, 30282, 38686206, 38948079
282, 1, 21
2, 70683, 38298673, 38553645
283, 1, 21
1, 28840, 38948079, 39206393
284, 1, 21
2, 25981, 38553645, 38813266
285, 1, 21
1, 25956, 39206393, 39469477
286, 1, 21
2, 24539, 38813266, 39076051
287, 1, 21
1, 23072, 39469477, 39722226
288, 1, 21
2, 24539, 39076051, 39330085
289, 1, 21
1, 21630, 39722226, 39980309
290, 1, 21
2, 21655, 39330085, 39588215
291, 1, 21
1, 25956, 39980309, 40242053
292, 1, 21
2, 28865, 39588215, 39843490
293, 1, 21
1, 30282, 40242053, 40501353
294, 1, 21
2, 30307, 39843490, 40099772
295, 1, 21
1, 30282, 40501353, 40757692
296, 1, 21
2, 30307, 40099772, 40359986
297, 1, 21
1, 27398, 40757692, 41010440
298, 1, 21
2, 24539, 40359986, 40612838
299, 1, 21
3, 54796, 37705434, 40096267
300, 1, 21
1, 21630, 41010440, 41307069
301, 1, 21
2, 92338, 40612838, 40865311
302, 1, 21
3, 77868, 40096267, 40409322
303, 1, 21
1, 28840, 41307069, 41635051
304, 1, 21
2, 72150, 40865311, 41118641
305, 1, 21
3, 74984, 40409322, 40661762
306, 1, 21
1, 30282, 41635051, 41897372
307, 1, 21
2, 109642, 41118641, 41372495
308, 1, 21
3, 83636, 40661762, 40915037
309, 1, 21
1, 30282, 41897372, 42153623
310, 1, 21
2, 108200, 41372495, 41624499
311, 1, 21
3, 82194, 40915037, 41168895
312, 1, 21
1, 28840, 42153623, 42403648
313, 1, 21
2, 113968, 41624499, 41874978
314, 1, 21
3, 82194, 41168895, 41419539
315, 1, 21
1, 30282, 42403648, 42661838
316, 1, 21
2, 109642, 41874978, 42125178
317, 1, 21
3, 70658, 41419539, 41688657
318, 1, 21
1, 24514, 42661838, 42913132
319, 1, 21
2, 83686, 42125178, 42375996
320, 1, 21
3, 76426, 41688657, 41942075
321, 1, 21
1, 28840, 42913132, 43170373
322, 1, 21
2, 111084, 42375996, 42633398
323, 1, 21
3, 79310, 41942075, 42194117
324, 1, 21
1, 28840, 43170373, 43420839
325, 1, 21
2, 109642, 42633398, 42883648
326, 1, 21
3, 85078, 42194117, 42447354
327, 1, 21
1, 30282, 43420839, 43679525
328, 1, 21
2, 111084, 42883648, 43134029
329, 1, 21
3, 82194, 42447354, 42704004
330, 1, 21
1, 27398, 43679525, 43930388
331, 1, 21
2, 105316, 43134029, 43386936
332, 1, 21
3, 69216, 42704004, 42955812
333, 1, 21
1, 25956, 43930388, 44182865
334, 1, 21
2, 105316, 43386936, 43638106
335, 1, 21
1, 27398, 44182865, 44439858
336, 1, 21
2, 34633, 43638106, 43913971
337, 1, 21
1, 20188, 44439858, 44695057
338, 1, 21
2, 23097, 43913971, 44171595
339, 1, 21
1, 28840, 44695057, 44957258
340, 1, 21
2, 27423, 44171595, 44423613
341, 2, 21
2, 18746, 44423613, 44697983
1, 21630, 44957258, 45258352
342, 2, 21
2, 20188, 44697983, 44948668
1, 20188, 45258352, 45509222
343, 2, 21
2, 23072, 44948668, 45220582
1, 23072, 45509222, 45781025
344, 2, 21
2, 17304, 45220582, 45479873
1, 17304, 45781025, 46040516
345, 2, 21
2, 18746, 45479873, 45736068
1, 18746, 46040516, 46296587
346, 2, 21
2, 28840, 45736068, 45992272
1, 28840, 46296587, 46552822
347, 2, 21
2, 28840, 45992272, 46242456
1, 28840, 46552822, 46803070
348, 2, 21
2, 28840, 46242456, 46499259
1, 28840, 46803070, 47059743
349, 2, 21
2, 30282, 46499259, 46759369
1, 30282, 47059743, 47319929
350, 2, 21
2, 30282, 46759369, 47018820
1, 30282, 47319929, 47579350
351, 2, 21
2, 30282, 47018820, 47278682
1, 30282, 47579350, 47838277
352, 2, 21
2, 30282, 47278682, 47530013
1, 30282, 47838277, 48090583
353, 2, 21
2, 30282, 47530013, 47789315
1, 30282, 48090583, 48349756
354, 2, 21
2, 24514, 47789315, 48041548
1, 24514, 48349756, 48601634
355, 2, 21
2, 23072, 48041548, 48293672
1, 23072, 48601634, 48854279
356, 2, 21
2, 18746, 48293672, 48572098
1, 18746, 48854279, 49132618
357, 2, 21
2, 24514, 48572098, 48825055
1, 24514, 49132618, 49385990
358, 2, 21
2, 24514, 48825055, 49090562
1, 24514, 49385990, 49650882
359, 2, 21
2, 21630, 49090562, 49357624
1, 21630, 49650882, 49917994
360, 2, 21
2, 15862, 49357624, 49611342
1, 15862, 49917994, 50171797
361, 2, 21
2, 21630, 49611342, 49870420
1, 21630, 50171797, 50430750
362, 2, 21
2, 23072, 49870420, 50153256
1, 23072, 50430750, 50713685
363, 2, 21
2, 23072, 50153256, 50412620
1, 23072, 50713685, 50973413
364, 2, 21
2, 24514, 50412620, 50671181
1, 24514, 50973413, 51231943
365, 2, 21
2, 30282, 50671181, 50928962
1, 30282, 51231943, 51489142
366, 2, 21
2, 30282, 50928962, 51183084
1, 30282, 51489142, 51743979
367, 2, 21
2, 30282, 51183084, 51437374
1, 30282, 51743979, 51997837
368, 2, 21
2, 30282, 51437374, 51691171
1, 30282, 51997837, 52252061
369, 2, 21
2, 30282, 51691171, 51948775
1, 30282, 52252061, 52509679
370, 2, 21
2, 30282, 51948775, 52207672
1, 30282, 52509679, 52768604
371, 2, 21
2, 30282, 52207672, 52463874
1, 30282, 52768604, 53024461
372, 2, 21
2, 30282, 52463874, 52718304
1, 30282, 53024461, 53278846
373, 2, 21
2, 28840, 52718304, 52971527
1, 28840, 53278846, 53531949
374, 2, 21
2, 30282, 52971527, 53229328
1, 30282, 53531949, 53789906
375, 1, 21
3, 54796, 42955812, 52855006
376, 1, 21
2, 53379, 53229328, 53480864
377, 1, 21
1, 30282, 53789906, 54050333
378, 1, 21
3, 85078, 52855006, 53107000
379, 1, 21
2, 111084, 53480864, 53731048
380, 1, 21
1, 30282, 54050333, 54306947
381, 1, 21
3, 82194, 53107000, 53360741
382, 1, 21
2, 111084, 53731048, 53981439
383, 1, 21
1, 30282, 54306947, 54566910
384, 1, 21
3, 85078, 53360741, 53613604
385, 1, 21
2, 118294, 53981439, 54232015
386, 1, 21
1, 30282, 54566910, 54822428
387, 1, 21
3, 95172, 53613604, 53869541
388, 1, 21
2, 124062, 54232015, 54484532
389, 1, 21
1, 30282, 54822428, 55075797
390, 1, 21
3, 92288, 53869541, 54120718
391, 1, 21
2, 122620, 54484532, 54738340
392, 1, 21
1, 30282, 55075797, 55331645
393, 1, 21
3, 92288, 54120718, 54371132
394, 1, 21
2, 121178, 54738340, 54992251
395, 1, 21
1, 30282, 55331645, 55585046
396, 1, 21
3, 82194, 54371132, 54622990
397, 1, 21
2, 115410, 54992251, 55243251
398, 1, 21
1, 30282, 55585046, 55843299
399, 1, 21
3, 90846, 54622990, 54876843
400, 1, 21
2, 116852, 55243251, 55495329
401, 1, 21
1, 30282, 55843299, 56104756
402, 1, 21
3, 85078, 54876843, 55130121
403, 1, 21
2, 113968, 55495329, 55745650
404, 1, 21
1, 28840, 56104756, 56363140
405, 1, 21
3, 89404, 55130121, 55380612
406, 1, 21
2, 119736, 55745650, 55999940
407, 1, 21
1, 30282, 56363140, 56615195
408, 1, 21
3, 87962, 55380612, 55632938
409, 1, 21
2, 116852, 55999940, 56252109
410, 1, 21
1, 30282, 56615195, 56869315
411, 1, 21
3, 86520, 55632938, 55885921
412, 1, 21
2, 113968, 56252109, 56504238
413, 1, 21
1, 30282, 56869315, 57121623
414, 1, 21
3, 85078, 55885921, 56139412
415, 1, 21
2, 118294, 56504238, 56755074
416, 1, 21
1, 30282, 57121623, 57377659
417, 1, 21
3, 87962, 56139412, 56391150
418, 1, 21
2, 116852, 56755074, 57005973
419, 1, 21
1, 30282, 57377659, 57631829
420, 1, 21
3, 82194, 56391150, 56642608
421, 1, 21
2, 112526, 57005973, 57258163
422, 1, 21
1, 30282, 57631829, 57887405
423, 1, 21
3, 83636, 56642608, 56894587
424, 1, 21
2, 112526, 57258163, 57509415
425, 1, 21
1, 30282, 57887405, 58147739
426, 1, 21
3, 79310, 56894587, 57147663
427, 1, 21
2, 108200, 57509415, 57760144
428, 1, 21
1, 30282, 58147739, 58404849
429, 1, 21
3, 87962, 57147663, 57401180
430, 1, 21
2, 115410, 57760144, 58012129
431, 1, 21
1, 30282, 58404849, 58655953
432, 1, 21
3, 89404, 57401180, 57654071
433, 1, 21
2, 118294, 58012129, 58262594
434, 1, 21
1, 30282, 58655953, 58909211
435, 1, 21
2, 90871, 58262594, 58523294
436, 1, 21
1, 28840, 58909211, 59169472
437, 1, 21
2, 27423, 58523294, 58781097
438, 1, 21
1, 28840, 59169472, 59430735
439, 1, 21
2, 28865, 58781097, 59040938
440, 1, 21
1, 28840, 59430735, 59691708
441, 1, 21
2, 28865, 59040938, 59302372
442, 1, 21
1, 27398, 59691708, 59946243
443, 1, 21
2, 27423, 59302372, 59556576
444, 1, 21
1, 28840, 59946243, 60208322
445, 1, 21
2, 28865, 59556576, 59811090
446, 1, 21
1, 28840, 60208322, 60465044
447, 1, 21
2, 28865, 59811090, 60072600
448, 1, 21
1, 28840, 60465044, 60725627
449, 1, 21
2, 28865, 60072600, 60326748
450, 1, 21
1, 28840, 60725627, 60978338
451, 1, 21
2, 28865, 60326748, 60580778
452, 1, 21
1, 28840, 60978338, 61230721
453, 1, 21
2, 28865, 60580778, 60835256
454, 1, 21
1, 28840, 61230721, 61481387
455, 1, 21
2, 30307, 60835256, 61095067
456, 1, 21
1, 28840, 61481387, 61734723
457, 1, 21
2, 28865, 61095067, 61347071
458, 1, 21
1, 30282, 61734723, 61992741
459, 1, 21
2, 30307, 61347071, 61604083
460, 1, 21
1, 28840, 61992741, 62242796
461, 1, 21
2, 28865, 61604083, 61863302
462, 1, 21
1, 28840, 62242796, 62500206
463, 1, 21
2, 27423, 61863302, 62119480
464, 1, 21
1, 25956, 62500206, 62753405
465, 1, 21
2, 27423, 62119480, 62382079
466, 1, 21
1, 27398, 62753405, 63010532
467, 1, 21
2, 27423, 62382079, 62641377
468, 1, 21
1, 27398, 63010532, 63273403
469, 1, 21
2, 27423, 62641377, 62897703
470, 1, 21
1, 27398, 63273403, 63534619
471, 1, 21
2, 25981, 62897703, 63150782
472, 1, 21
1, 27398, 63534619, 63791752
473, 1, 21
2, 27423, 63150782, 63407012
474, 1, 21
1, 27398, 63791752, 64051535
475, 1, 21
2, 27423, 63407012, 63659217
476, 1, 21
1, 28840, 64051535, 64312872
477, 1, 21
2, 27423, 63659217, 63914203
478, 1, 21
1, 27398, 64312872, 64565745
479, 1, 21
2, 28865, 63914203, 64172727
480, 1, 21
1, 27398, 64565745, 64817079
481, 1, 21
2, 27423, 64172727, 64427733
482, 1, 21
1, 28840, 64817079, 65074077
483, 1, 21
2, 30307, 64427733, 64688325
484, 1, 21
1, 28840, 65074077, 65329537
485, 1, 21
2, 27423, 64688325, 64940530
486, 1, 21
1, 28840, 65329537, 65590978
487, 1, 21
2, 28865, 64940530, 65195897
488, 1, 21
1, 28840, 65590978, 65849027
489, 1, 21
2, 28865, 65195897, 65457161
490, 1, 21
1, 28840, 65849027, 66106695
491, 1, 21
2, 27423, 65457161, 65708273
